#9
6x7
1 3 0 0 0 0 0 
3 2 2 2 0 0 0 
6 2 1 3 2 1 3 
6 2 2 3 1 3 1 
4 1 3 1 3 0 0 
1 72 0 0 0 0 0
6x7
1 3 0 0 0 0 0 
5 2 3 1 2 3 0 
6 2 1 3 2 1 3 
6 2 2 3 1 3 1 
4 1 3 1 3 0 0 
1 72 0 0 0 0 0
6x9
1 3 0 0 0 0 0 0 0 
8 1 2 2 1 3 1 2 3 
6 2 1 3 2 1 3 0 0 
6 2 2 3 1 3 1 0 0 
4 1 3 1 3 0 0 0 0 
1 72 0 0 0 0 0 0 0
6x7
3 2 2 2 0 0 0 
5 2 3 1 2 3 0 
6 2 1 3 2 1 3 
6 2 2 3 1 3 1 
4 1 3 1 3 0 0 
1 72 0 0 0 0 0
6x7
4 2 3 1 2 0 0 
3 2 2 2 0 0 0 
6 2 1 3 2 1 3 
6 2 2 3 1 3 1 
4 1 3 1 3 0 0 
1 72 0 0 0 0 0
6x7
6 1 2 2 3 2 1 
5 2 3 1 2 3 0 
6 2 1 3 2 1 3 
6 2 2 3 1 3 1 
4 1 3 1 3 0 0 
1 72 0 0 0 0 0
6x9
4 2 3 1 2 0 0 0 0 
8 1 2 2 1 3 1 2 3 
6 2 1 3 2 1 3 0 0 
6 2 2 3 1 3 1 0 0 
4 1 3 1 3 0 0 0 0 
1 72 0 0 0 0 0 0 0
6x7
1 3 0 0 0 0 0 
3 2 2 2 0 0 0 
5 2 3 1 2 3 0 
6 2 1 3 2 1 3 
6 2 2 1 3 1 3 
3 48 0 0 0 0 0
6x7
1 3 0 0 0 0 0 
3 2 2 2 0 0 0 
5 2 3 1 2 3 0 
6 2 1 3 2 1 3 
4 1 3 1 3 0 0 
3 48 0 0 0 0 0
