#9
5x9
5 3 1 3 1 3 0 0 0 
1 2 0 0 0 0 0 0 0 
2 3 3 0 0 0 0 0 0 
8 1 3 1 3 3 3 3 3 
1 36 0 0 0 0 0 0 0
5x9
5 3 1 3 1 3 0 0 0 
1 1 0 0 0 0 0 0 0 
2 3 3 0 0 0 0 0 0 
8 1 3 1 3 3 3 3 3 
1 36 0 0 0 0 0 0 0
5x9
5 3 1 3 1 3 0 0 0 
2 1 2 0 0 0 0 0 0 
2 3 3 0 0 0 0 0 0 
8 1 3 1 3 3 3 3 3 
1 36 0 0 0 0 0 0 0
5x9
1 2 0 0 0 0 0 0 0 
1 1 0 0 0 0 0 0 0 
2 3 3 0 0 0 0 0 0 
8 1 3 1 3 3 3 3 3 
1 36 0 0 0 0 0 0 0
5x9
6 1 3 1 3 1 3 0 0 
1 2 0 0 0 0 0 0 0 
2 3 3 0 0 0 0 0 0 
8 1 3 1 3 3 3 3 3 
1 36 0 0 0 0 0 0 0
5x9
6 2 3 1 3 1 3 0 0 
1 1 0 0 0 0 0 0 0 
2 3 3 0 0 0 0 0 0 
8 1 3 1 3 3 3 3 3 
1 36 0 0 0 0 0 0 0
5x9
6 1 3 1 3 1 3 0 0 
2 1 2 0 0 0 0 0 0 
2 3 3 0 0 0 0 0 0 
8 1 3 1 3 3 3 3 3 
1 36 0 0 0 0 0 0 0
5x9
5 3 1 3 1 3 0 0 0 
1 2 0 0 0 0 0 0 0 
1 1 0 0 0 0 0 0 0 
8 1 3 1 3 3 3 3 3 
1 24 0 0 0 0 0 0 0
5x6
5 3 1 3 1 3 
1 2 0 0 0 0 
1 1 0 0 0 0 
2 3 3 0 0 0 
3 24 0 0 0 0
