#9
5x10
9 1 2 1 2 2 2 2 2 3 
3 2 2 2 0 0 0 0 0 0 
4 1 2 1 2 0 0 0 0 0 
8 1 2 2 1 2 2 2 2 0 
1 36 0 0 0 0 0 0 0 0
5x10
9 1 2 1 2 2 2 2 2 3 
7 2 2 1 2 2 2 2 0 0 
4 1 2 1 2 0 0 0 0 0 
8 1 2 2 1 2 2 2 2 0 
1 36 0 0 0 0 0 0 0 0
5x10
9 1 2 1 2 2 2 2 2 3 
4 2 2 1 2 0 0 0 0 0 
4 1 2 1 2 0 0 0 0 0 
8 1 2 2 1 2 2 2 2 0 
1 36 0 0 0 0 0 0 0 0
5x9
3 2 2 2 0 0 0 0 0 
7 2 2 1 2 2 2 2 0 
4 1 2 1 2 0 0 0 0 
8 1 2 2 1 2 2 2 2 
1 36 0 0 0 0 0 0 0
5x9
2 1 3 0 0 0 0 0 0 
3 2 2 2 0 0 0 0 0 
4 1 2 1 2 0 0 0 0 
8 1 2 2 1 2 2 2 2 
1 36 0 0 0 0 0 0 0
5x9
6 1 2 1 2 2 3 0 0 
7 2 2 1 2 2 2 2 0 
4 1 2 1 2 0 0 0 0 
8 1 2 2 1 2 2 2 2 
1 36 0 0 0 0 0 0 0
5x9
2 1 3 0 0 0 0 0 0 
4 2 2 1 2 0 0 0 0 
4 1 2 1 2 0 0 0 0 
8 1 2 2 1 2 2 2 2 
1 36 0 0 0 0 0 0 0
5x10
9 1 2 1 2 2 2 2 2 3 
3 2 2 2 0 0 0 0 0 0 
7 2 2 1 2 2 2 2 0 0 
8 1 2 2 1 2 2 2 2 0 
1 24 0 0 0 0 0 0 0 0
5x10
9 1 2 1 2 2 2 2 2 3 
3 2 2 2 0 0 0 0 0 0 
7 2 2 1 2 2 2 2 0 0 
4 1 2 1 2 0 0 0 0 0 
3 24 0 0 0 0 0 0 0 0
