#8
7x11
3 3 3 3 0 0 0 0 0 0 0 
9 1 1 1 1 1 1 1 2 1 0 
10 1 1 1 2 1 1 1 2 3 3 
6 1 1 1 1 1 1 0 0 0 0 
8 1 1 1 2 1 1 1 2 0 0 
4 1 1 1 1 0 0 0 0 0 0 
1 144 0 0 0 0 0 0 0 0 0
7x11
9 1 1 1 1 2 1 1 1 2 0 
9 1 1 1 1 1 1 1 2 1 0 
10 1 1 1 2 1 1 1 2 3 3 
6 1 1 1 1 1 1 0 0 0 0 
8 1 1 1 2 1 1 1 2 0 0 
4 1 1 1 1 0 0 0 0 0 0 
1 144 0 0 0 0 0 0 0 0 0
7x13
12 1 1 1 1 2 1 1 1 2 3 3 3 
9 1 1 1 1 1 1 1 2 1 0 0 0 
10 1 1 1 2 1 1 1 2 3 3 0 0 
6 1 1 1 1 1 1 0 0 0 0 0 0 
8 1 1 1 2 1 1 1 2 0 0 0 0 
4 1 1 1 1 0 0 0 0 0 0 0 0 
1 144 0 0 0 0 0 0 0 0 0 0 0
7x10
3 3 3 3 0 0 0 0 0 0 
9 1 1 1 1 2 1 1 1 2 
9 1 1 1 1 1 1 1 2 1 
6 1 1 1 1 1 1 0 0 0 
8 1 1 1 2 1 1 1 2 0 
4 1 1 1 1 0 0 0 0 0 
3 96 0 0 0 0 0 0 0 0
7x11
3 3 3 3 0 0 0 0 0 0 0 
9 1 1 1 1 2 1 1 1 2 0 
10 1 1 1 2 1 1 1 2 3 3 
6 1 1 1 1 1 1 0 0 0 0 
8 1 1 1 2 1 1 1 2 0 0 
4 1 1 1 1 0 0 0 0 0 0 
3 96 0 0 0 0 0 0 0 0 0
7x12
3 3 3 3 0 0 0 0 0 0 0 0 
9 1 1 1 1 2 1 1 1 2 0 0 
11 1 1 1 1 1 1 1 2 3 3 1 
6 1 1 1 1 1 1 0 0 0 0 0 
8 1 1 1 2 1 1 1 2 0 0 0 
4 1 1 1 1 0 0 0 0 0 0 0 
3 96 0 0 0 0 0 0 0 0 0 0
7x10
3 3 3 3 0 0 0 0 0 0 
9 1 1 1 1 2 1 1 1 2 
5 1 2 1 3 3 0 0 0 0 
6 1 1 1 1 1 1 0 0 0 
8 1 1 1 2 1 1 1 2 0 
4 1 1 1 1 0 0 0 0 0 
3 96 0 0 0 0 0 0 0 0
6x11
3 3 3 3 0 0 0 0 0 0 0 
9 1 1 1 1 2 1 1 1 2 0 
9 1 1 1 1 1 1 1 2 1 0 
10 1 1 1 2 1 1 1 2 3 3 
4 1 1 1 1 0 0 0 0 0 0 
4 72 0 0 0 0 0 0 0 0 0
