#4
3x5
4 1 2 2 2 
2 2 2 0 0 
1 6 0 0 0
3x3
1 1 0 
2 2 2 
1 6 0
3x4
3 2 2 2 
2 2 2 0 
1 6 0 0
3x5
4 1 2 2 2 
1 1 0 0 0 
3 4 0 0 0
#4 1 1 0
0 1 group.68 1 1 0
1 1 group.68 2 1 0
2 1 group.70 1 1 0
3 3 min.20 1 3 0
#4 1 1 1
0 1 group.68 1 1 1
1 1 group.68 2 1 1
2 1 group.70 1 1 0
3 3 min.20 1 3 1
#4 1 1 4
0 1 group.68 1 1 1
1 1 group.68 2 1 0
2 1 group.70 1 1 3
3 3 min.20 1 3 4
#4 1 1 5
0 1 group.68 1 1 0
1 1 group.68 2 1 1
2 1 group.70 1 1 3
3 3 min.20 1 3 4
#4 1 1 6
0 1 group.68 1 1 1
1 1 group.68 2 1 1
2 1 group.70 1 1 3
3 3 min.20 1 3 6
