11x16	% 
 1  1  1  1 6  6  6  6  6  6  8  8  8  8 12 12
 1  2  4  4 2  4  4  4  4  4  3  6 12 12  8  8
 5 -3  1  1 1 -3 -3  1  1  1 -1  3  1  1 -1 -1
 5  5 -3 -3 5  1  1 -3  1  1 -1 -1  3  3  1  1
 5 -3  1  1 1 -3 -3  1  1  1  5 -3  1  1 -1 -1
 0  4  4  4 2  5  5  4  3  3  4  4  4  4  5  5
 5  1  5  5 3  2  2  5  4  4  5  5  5  5  4  4
 0  4  4  4 2  5  5  4  3  3  4  4  4  4  5  5
 5  1  5  5 3  2  2  5  4  4  5  5  5  5  4  4
 1  1  1  1 1 -1 -1  1 -1 -1  1  1  1  1 -1 -1
 4 -4  0  0 0 -2 -2  0  2  2 -2  2  0  0  0  0
