#5
4x7
5 1 2 2 2 1 0 
4 1 2 1 2 0 0 
6 1 2 1 2 2 2 
1 18 0 0 0 0 0
4x7
5 2 2 2 1 2 0 
4 1 2 1 2 0 0 
6 1 2 1 2 2 2 
1 18 0 0 0 0 0
4x7
6 1 2 1 2 1 2 
4 1 2 1 2 0 0 
6 1 2 1 2 2 2 
1 18 0 0 0 0 0
4x6
5 1 2 2 2 1 
5 2 2 2 1 2 
4 1 2 1 2 0 
3 12 0 0 0 0
4x6
5 1 2 2 2 1 
5 2 2 2 1 2 
4 1 2 2 1 0 
3 12 0 0 0 0
#5 1 1 0
0 1 group.113 1 1 0
1 1 group.116 3 1 0
2 1 group.114 1 1 0
3 3 group.78 1 2 0
4 3 group.80 1 2 0
#5 1 2 0
0 1 group.113 1 2 0
1 1 group.116 3 2 0
2 1 group.114 1 2 0
3 3 group.78 1 4 0
4 3 group.80 1 4 0
#5 2 1 0
0 1 group.113 2 1 0
1 1 group.116 2 1 0
2 1 group.114 1 1 0
3 3 group.78 2 2 0
4 3 group.80 1 2 0
#5 2 1 1
0 1 group.113 2 1 1
1 1 group.116 2 1 1
2 1 group.114 1 1 1
3 3 group.78 2 2 0
4 3 group.80 1 2 1
#5 3 1 0
0 1 group.113 1 1 0
1 1 group.116 2 1 0
2 1 group.114 2 1 0
3 3 group.78 1 2 0
4 3 group.80 2 2 0
#5 4 1 0
0 1 group.113 2 1 0
1 1 group.116 1 1 0
2 1 group.114 2 1 0
3 3 group.78 2 2 0
4 3 group.80 2 2 0
#5 4 1 1
0 1 group.113 2 1 1
1 1 group.116 1 1 1
2 1 group.114 2 1 1
3 3 group.78 2 2 0
4 3 group.80 2 2 1
