#16
6x5
4 1 4 4 4 
1 3 0 0 0 
1 1 0 0 0 
4 1 3 1 3 
2 4 4 0 0 
1 48 0 0 0
6x5
4 1 4 4 4 
1 3 0 0 0 
1 2 0 0 0 
4 1 3 1 3 
2 4 4 0 0 
1 48 0 0 0
6x5
4 1 4 4 4 
1 3 0 0 0 
2 1 2 0 0 
4 1 3 1 3 
2 4 4 0 0 
1 48 0 0 0
6x5
4 1 4 4 4 
1 1 0 0 0 
1 2 0 0 0 
4 1 3 1 3 
2 4 4 0 0 
1 48 0 0 0
6x5
4 1 4 4 4 
2 2 3 0 0 
1 1 0 0 0 
4 1 3 1 3 
2 4 4 0 0 
1 48 0 0 0
6x5
4 1 4 4 4 
2 3 1 0 0 
1 2 0 0 0 
4 1 3 1 3 
2 4 4 0 0 
1 48 0 0 0
6x5
4 1 4 4 4 
2 2 3 0 0 
2 1 2 0 0 
4 1 3 1 3 
2 4 4 0 0 
1 48 0 0 0
6x5
1 3 0 0 0 
1 1 0 0 0 
1 2 0 0 0 
4 1 3 1 3 
2 4 4 0 0 
1 48 0 0 0
6x6
5 1 2 4 4 4 
1 3 0 0 0 0 
1 1 0 0 0 0 
4 1 3 1 3 0 
2 4 4 0 0 0 
1 48 0 0 0 0
6x5
3 4 4 4 0 
1 3 0 0 0 
1 2 0 0 0 
4 1 3 1 3 
2 4 4 0 0 
1 48 0 0 0
6x6
5 1 2 4 4 4 
1 3 0 0 0 0 
2 1 2 0 0 0 
4 1 3 1 3 0 
2 4 4 0 0 0 
1 48 0 0 0 0
6x6
5 1 3 4 4 4 
1 1 0 0 0 0 
1 2 0 0 0 0 
4 1 3 1 3 0 
2 4 4 0 0 0 
1 48 0 0 0 0
6x6
5 1 2 4 4 4 
2 2 3 0 0 0 
1 1 0 0 0 0 
4 1 3 1 3 0 
2 4 4 0 0 0 
1 48 0 0 0 0
6x5
3 4 4 4 0 
2 3 1 0 0 
1 2 0 0 0 
4 1 3 1 3 
2 4 4 0 0 
1 48 0 0 0
6x6
5 1 2 4 4 4 
2 2 3 0 0 0 
2 1 2 0 0 0 
4 1 3 1 3 0 
2 4 4 0 0 0 
1 48 0 0 0 0
6x5
4 1 4 4 4 
1 3 0 0 0 
1 1 0 0 0 
1 2 0 0 0 
4 1 3 1 3 
3 32 0 0 0
