#3
4x7
6 1 1 2 1 2 1 
4 2 1 2 1 0 0 
4 1 2 1 2 0 0 
1 12 0 0 0 0 0
4x5
3 1 1 2 0 
4 2 1 2 1 
4 1 2 1 2 
3 8 0 0 0
3x7
3 1 1 2 0 0 0 
6 1 1 2 1 2 1 
4 6 0 0 0 0 0
#3 1 1 0
0 1 min.44 1 1 0
1 3 group.48 1 3 0
2 4 group.69 1 2 0
#3 1 1 1
0 1 min.44 1 1 1
1 3 group.48 1 3 2
2 4 group.69 1 2 1
#3 1 1 2
0 1 min.44 1 1 2
1 3 group.48 1 3 0
2 4 group.69 1 2 1
#3 1 1 3
0 1 min.44 1 1 3
1 3 group.48 1 3 2
2 4 group.69 1 2 0
#3 1 2 0
0 1 min.44 1 2 0
1 3 group.48 1 6 0
2 4 group.69 1 2 0
#3 1 2 1
0 1 min.44 1 2 1
1 3 group.48 1 6 3
2 4 group.69 1 2 1
#3 1 2 2
0 1 min.44 1 2 2
1 3 group.48 1 6 0
2 4 group.69 1 2 1
#3 1 2 3
0 1 min.44 1 2 3
1 3 group.48 1 6 3
2 4 group.69 1 2 0
#3 1 3 0
0 1 min.44 1 3 0
1 3 group.48 1 7 0
2 4 group.69 1 2 0
#3 1 3 1
0 1 min.44 1 3 1
1 3 group.48 1 7 0
2 4 group.69 1 2 1
#3 2 1 0
0 1 min.44 2 1 0
1 3 group.48 2 1 0
2 4 group.69 1 2 0
#3 2 1 1
0 1 min.44 2 1 1
1 3 group.48 2 1 5
2 4 group.69 1 2 1
#3 2 1 2
0 1 min.44 2 1 2
1 3 group.48 2 1 8
2 4 group.69 1 2 1
#3 2 1 3
0 1 min.44 2 1 3
1 3 group.48 2 1 5
2 4 group.69 1 2 0
#3 2 1 4
0 1 min.44 2 1 2
1 3 group.48 2 1 0
2 4 group.69 1 2 1
#3 2 1 6
0 1 min.44 2 1 0
1 3 group.48 2 1 8
2 4 group.69 1 2 0
#3 2 2 0
0 1 min.44 2 2 0
1 3 group.48 2 5 0
2 4 group.69 1 2 0
#3 2 2 1
0 1 min.44 2 2 1
1 3 group.48 2 5 1
2 4 group.69 1 2 1
#3 2 2 2
0 1 min.44 2 2 1
1 3 group.48 2 5 0
2 4 group.69 1 2 1
#3 2 2 3
0 1 min.44 2 2 0
1 3 group.48 2 5 1
2 4 group.69 1 2 0
#3 3 1 0
0 1 min.44 3 1 0
1 3 group.48 2 3 0
2 4 group.69 1 2 0
#3 3 1 1
0 1 min.44 3 1 1
1 3 group.48 2 3 2
2 4 group.69 1 2 1
#3 3 1 2
0 1 min.44 3 1 1
1 3 group.48 2 3 0
2 4 group.69 1 2 1
#3 3 1 3
0 1 min.44 3 1 0
1 3 group.48 2 3 2
2 4 group.69 1 2 0
