#9
7x9
3 3 3 3 0 0 0 0 0 
1 1 0 0 0 0 0 0 0 
8 1 3 1 3 3 3 3 3 
6 3 2 3 2 3 3 0 0 
4 2 3 2 3 0 0 0 0 
6 3 2 3 3 2 3 0 0 
1 96 0 0 0 0 0 0 0
7x9
3 3 3 3 0 0 0 0 0 
7 3 2 3 2 3 3 2 0 
8 1 3 1 3 3 3 3 3 
6 3 2 3 2 3 3 0 0 
4 2 3 2 3 0 0 0 0 
6 3 2 3 3 2 3 0 0 
1 96 0 0 0 0 0 0 0
7x9
3 3 3 3 0 0 0 0 0 
8 1 3 2 3 2 3 3 2 
8 1 3 1 3 3 3 3 3 
6 3 2 3 2 3 3 0 0 
4 2 3 2 3 0 0 0 0 
6 3 2 3 3 2 3 0 0 
1 96 0 0 0 0 0 0 0
7x9
1 1 0 0 0 0 0 0 0 
7 3 2 3 2 3 3 2 0 
8 1 3 1 3 3 3 3 3 
6 3 2 3 2 3 3 0 0 
4 2 3 2 3 0 0 0 0 
6 3 2 3 3 2 3 0 0 
1 96 0 0 0 0 0 0 0
7x9
6 2 3 3 2 3 2 0 0 
1 1 0 0 0 0 0 0 0 
8 1 3 1 3 3 3 3 3 
6 3 2 3 2 3 3 0 0 
4 2 3 2 3 0 0 0 0 
6 3 2 3 3 2 3 0 0 
1 96 0 0 0 0 0 0 0
7x9
4 3 1 3 3 0 0 0 0 
7 3 2 3 2 3 3 2 0 
8 1 3 1 3 3 3 3 3 
6 3 2 3 2 3 3 0 0 
4 2 3 2 3 0 0 0 0 
6 3 2 3 3 2 3 0 0 
1 96 0 0 0 0 0 0 0
7x9
6 2 3 3 2 3 2 0 0 
8 1 3 2 3 2 3 3 2 
8 1 3 1 3 3 3 3 3 
6 3 2 3 2 3 3 0 0 
4 2 3 2 3 0 0 0 0 
6 3 2 3 3 2 3 0 0 
1 96 0 0 0 0 0 0 0
7x9
3 3 3 3 0 0 0 0 0 
1 1 0 0 0 0 0 0 0 
7 3 2 3 2 3 3 2 0 
8 1 3 1 3 3 3 3 3 
4 2 3 2 3 0 0 0 0 
6 3 2 3 3 2 3 0 0 
3 64 0 0 0 0 0 0 0
6x9
3 3 3 3 0 0 0 0 0 
1 1 0 0 0 0 0 0 0 
7 3 2 3 2 3 3 2 0 
8 1 3 1 3 3 3 3 3 
6 3 2 3 2 3 3 0 0 
4 48 0 0 0 0 0 0 0
