11x24	% 
 1  1  1  1  2  2  2  2  2  2  4  4  4  4  4  4  4  4  6  6 6 6 12 12
 1  2  2  2  3  4  4  6  6  6  4  4 12 12 12 12 12 12  8  8 8 8  2  2
 5 -5 -3  3 -1 -1  1 -3  1  3 -1  1 -1 -1 -1  1  1  1 -1 -1 1 1 -1  1
 5  5  5  5 -1 -3 -3 -1 -1 -1 -3 -3  3  3  3  3  3  3  1  1 1 1  5  5
 5 -5 -3  3  5 -1  1  3 -5 -3 -1  1 -1 -1 -1  1  1  1 -1 -1 1 1 -1  1
 0  5  4  1  4  5  4  5  5  4  5  4  5  5  5  4  4  4  5  5 4 4  3  2
 5  0  1  4  5  4  5  4  4  5  4  5  4  4  4  5  5  5  4  4 5 5  2  3
 0  5  4  1  4  5  4  5  5  4  5  4  5  5  5  4  4  4  5  5 4 4  3  2
 5  0  1  4  5  4  5  4  4  5  4  5  4  4  4  5  5  5  4  4 5 5  2  3
 1 -1  1 -1  1 -1  1 -1 -1  1 -1  1 -1 -1 -1  1  1  1 -1 -1 1 1 -1  1
 4 -4 -4  4 -2  0  0 -2  2  2  0  0  0  0  0  0  0  0  0  0 0 0  0  0
