#7
7x13
1 3 0 0 0 0 0 0 0 0 0 0 0 
1 1 0 0 0 0 0 0 0 0 0 0 0 
4 1 3 1 3 0 0 0 0 0 0 0 0 
8 1 2 3 1 2 1 3 1 0 0 0 0 
8 2 1 3 1 2 1 3 1 0 0 0 0 
12 2 1 2 3 1 2 3 1 2 3 1 3 
1 64 0 0 0 0 0 0 0 0 0 0 0
7x13
1 3 0 0 0 0 0 0 0 0 0 0 0 
1 2 0 0 0 0 0 0 0 0 0 0 0 
4 1 3 1 3 0 0 0 0 0 0 0 0 
8 1 2 3 1 2 1 3 1 0 0 0 0 
8 2 1 3 1 2 1 3 1 0 0 0 0 
12 2 1 2 3 1 2 3 1 2 3 1 3 
1 64 0 0 0 0 0 0 0 0 0 0 0
7x13
1 3 0 0 0 0 0 0 0 0 0 0 0 
2 1 2 0 0 0 0 0 0 0 0 0 0 
4 1 3 1 3 0 0 0 0 0 0 0 0 
8 1 2 3 1 2 1 3 1 0 0 0 0 
8 2 1 3 1 2 1 3 1 0 0 0 0 
12 2 1 2 3 1 2 3 1 2 3 1 3 
1 64 0 0 0 0 0 0 0 0 0 0 0
7x13
1 1 0 0 0 0 0 0 0 0 0 0 0 
1 2 0 0 0 0 0 0 0 0 0 0 0 
4 1 3 1 3 0 0 0 0 0 0 0 0 
8 1 2 3 1 2 1 3 1 0 0 0 0 
8 2 1 3 1 2 1 3 1 0 0 0 0 
12 2 1 2 3 1 2 3 1 2 3 1 3 
1 64 0 0 0 0 0 0 0 0 0 0 0
7x13
2 2 3 0 0 0 0 0 0 0 0 0 0 
1 1 0 0 0 0 0 0 0 0 0 0 0 
4 1 3 1 3 0 0 0 0 0 0 0 0 
8 1 2 3 1 2 1 3 1 0 0 0 0 
8 2 1 3 1 2 1 3 1 0 0 0 0 
12 2 1 2 3 1 2 3 1 2 3 1 3 
1 64 0 0 0 0 0 0 0 0 0 0 0
7x13
2 3 1 0 0 0 0 0 0 0 0 0 0 
1 2 0 0 0 0 0 0 0 0 0 0 0 
4 1 3 1 3 0 0 0 0 0 0 0 0 
8 1 2 3 1 2 1 3 1 0 0 0 0 
8 2 1 3 1 2 1 3 1 0 0 0 0 
12 2 1 2 3 1 2 3 1 2 3 1 3 
1 64 0 0 0 0 0 0 0 0 0 0 0
7x13
2 2 3 0 0 0 0 0 0 0 0 0 0 
2 1 2 0 0 0 0 0 0 0 0 0 0 
4 1 3 1 3 0 0 0 0 0 0 0 0 
8 1 2 3 1 2 1 3 1 0 0 0 0 
8 2 1 3 1 2 1 3 1 0 0 0 0 
12 2 1 2 3 1 2 3 1 2 3 1 3 
1 64 0 0 0 0 0 0 0 0 0 0 0
