#7
7x11
1 3 0 0 0 0 0 0 0 0 0 
3 3 1 3 0 0 0 0 0 0 0 
4 2 3 2 3 0 0 0 0 0 0 
6 2 1 2 3 1 3 0 0 0 0 
4 1 3 1 3 0 0 0 0 0 0 
10 1 2 1 3 1 3 2 3 1 3 
1 64 0 0 0 0 0 0 0 0 0
7x11
1 3 0 0 0 0 0 0 0 0 0 
3 3 2 3 0 0 0 0 0 0 0 
4 2 3 2 3 0 0 0 0 0 0 
6 2 1 2 3 1 3 0 0 0 0 
4 1 3 1 3 0 0 0 0 0 0 
10 1 2 1 3 1 3 2 3 1 3 
1 64 0 0 0 0 0 0 0 0 0
7x11
1 3 0 0 0 0 0 0 0 0 0 
4 3 1 2 3 0 0 0 0 0 0 
4 2 3 2 3 0 0 0 0 0 0 
6 2 1 2 3 1 3 0 0 0 0 
4 1 3 1 3 0 0 0 0 0 0 
10 1 2 1 3 1 3 2 3 1 3 
1 64 0 0 0 0 0 0 0 0 0
7x11
3 3 1 3 0 0 0 0 0 0 0 
3 3 2 3 0 0 0 0 0 0 0 
4 2 3 2 3 0 0 0 0 0 0 
6 2 1 2 3 1 3 0 0 0 0 
4 1 3 1 3 0 0 0 0 0 0 
10 1 2 1 3 1 3 2 3 1 3 
1 64 0 0 0 0 0 0 0 0 0
7x11
2 2 3 0 0 0 0 0 0 0 0 
3 3 1 3 0 0 0 0 0 0 0 
4 2 3 2 3 0 0 0 0 0 0 
6 2 1 2 3 1 3 0 0 0 0 
4 1 3 1 3 0 0 0 0 0 0 
10 1 2 1 3 1 3 2 3 1 3 
1 64 0 0 0 0 0 0 0 0 0
7x11
2 1 3 0 0 0 0 0 0 0 0 
3 3 2 3 0 0 0 0 0 0 0 
4 2 3 2 3 0 0 0 0 0 0 
6 2 1 2 3 1 3 0 0 0 0 
4 1 3 1 3 0 0 0 0 0 0 
10 1 2 1 3 1 3 2 3 1 3 
1 64 0 0 0 0 0 0 0 0 0
7x11
2 2 3 0 0 0 0 0 0 0 0 
4 3 1 2 3 0 0 0 0 0 0 
4 2 3 2 3 0 0 0 0 0 0 
6 2 1 2 3 1 3 0 0 0 0 
4 1 3 1 3 0 0 0 0 0 0 
10 1 2 1 3 1 3 2 3 1 3 
1 64 0 0 0 0 0 0 0 0 0
