#7
7x11
1 3 0 0 0 0 0 0 0 0 0 
1 1 0 0 0 0 0 0 0 0 0 
4 2 3 2 3 0 0 0 0 0 0 
6 2 1 2 3 1 3 0 0 0 0 
4 1 2 1 2 0 0 0 0 0 0 
10 1 2 1 2 3 1 2 1 2 3 
1 64 0 0 0 0 0 0 0 0 0
7x11
1 3 0 0 0 0 0 0 0 0 0 
1 2 0 0 0 0 0 0 0 0 0 
4 2 3 2 3 0 0 0 0 0 0 
6 2 1 2 3 1 3 0 0 0 0 
4 1 2 1 2 0 0 0 0 0 0 
10 1 2 1 2 3 1 2 1 2 3 
1 64 0 0 0 0 0 0 0 0 0
7x11
1 3 0 0 0 0 0 0 0 0 0 
2 1 2 0 0 0 0 0 0 0 0 
4 2 3 2 3 0 0 0 0 0 0 
6 2 1 2 3 1 3 0 0 0 0 
4 1 2 1 2 0 0 0 0 0 0 
10 1 2 1 2 3 1 2 1 2 3 
1 64 0 0 0 0 0 0 0 0 0
7x11
1 1 0 0 0 0 0 0 0 0 0 
1 2 0 0 0 0 0 0 0 0 0 
4 2 3 2 3 0 0 0 0 0 0 
6 2 1 2 3 1 3 0 0 0 0 
4 1 2 1 2 0 0 0 0 0 0 
10 1 2 1 2 3 1 2 1 2 3 
1 64 0 0 0 0 0 0 0 0 0
7x11
2 3 2 0 0 0 0 0 0 0 0 
1 1 0 0 0 0 0 0 0 0 0 
4 2 3 2 3 0 0 0 0 0 0 
6 2 1 2 3 1 3 0 0 0 0 
4 1 2 1 2 0 0 0 0 0 0 
10 1 2 1 2 3 1 2 1 2 3 
1 64 0 0 0 0 0 0 0 0 0
7x11
2 3 1 0 0 0 0 0 0 0 0 
1 2 0 0 0 0 0 0 0 0 0 
4 2 3 2 3 0 0 0 0 0 0 
6 2 1 2 3 1 3 0 0 0 0 
4 1 2 1 2 0 0 0 0 0 0 
10 1 2 1 2 3 1 2 1 2 3 
1 64 0 0 0 0 0 0 0 0 0
7x11
2 3 2 0 0 0 0 0 0 0 0 
2 1 2 0 0 0 0 0 0 0 0 
4 2 3 2 3 0 0 0 0 0 0 
6 2 1 2 3 1 3 0 0 0 0 
4 1 2 1 2 0 0 0 0 0 0 
10 1 2 1 2 3 1 2 1 2 3 
1 64 0 0 0 0 0 0 0 0 0
#7 1 1 0
0 1 group.171 1 1 0
1 1 group.171 3 1 0
2 1 group.172 1 1 0
3 1 group.58 1 2 0
4 1 group.173 3 1 0
5 1 group.173 1 1 0
6 1 group.174 1 1 0
#7 1 1 1
0 1 group.171 1 1 0
1 1 group.171 3 1 1
2 1 group.172 1 1 0
3 1 group.58 1 2 2
4 1 group.173 3 1 1
5 1 group.173 1 1 4
6 1 group.174 1 1 2
#7 1 1 2
0 1 group.171 1 1 1
1 1 group.171 3 1 10
2 1 group.172 1 1 2
3 1 group.58 1 2 1
4 1 group.173 3 1 3
5 1 group.173 1 1 2
6 1 group.174 1 1 1
#7 1 1 3
0 1 group.171 1 1 1
1 1 group.171 3 1 6
2 1 group.172 1 1 2
3 1 group.58 1 2 3
4 1 group.173 3 1 2
5 1 group.173 1 1 6
6 1 group.174 1 1 3
#7 1 1 4
0 1 group.171 1 1 2
1 1 group.171 3 1 4
2 1 group.172 1 1 4
3 1 group.58 1 2 0
4 1 group.173 3 1 1
5 1 group.173 1 1 0
6 1 group.174 1 1 2
#7 1 1 5
0 1 group.171 1 1 2
1 1 group.171 3 1 13
2 1 group.172 1 1 4
3 1 group.58 1 2 2
4 1 group.173 3 1 0
5 1 group.173 1 1 4
6 1 group.174 1 1 0
#7 1 1 6
0 1 group.171 1 1 7
1 1 group.171 3 1 20
2 1 group.172 1 1 6
3 1 group.58 1 2 1
4 1 group.173 3 1 2
5 1 group.173 1 1 2
6 1 group.174 1 1 3
#7 1 1 7
0 1 group.171 1 1 7
1 1 group.171 3 1 21
2 1 group.172 1 1 6
3 1 group.58 1 2 3
4 1 group.173 3 1 3
5 1 group.173 1 1 6
6 1 group.174 1 1 1
#7 2 1 0
0 1 group.171 2 1 0
1 1 group.171 4 1 0
2 1 group.172 2 1 0
3 1 group.58 1 1 0
4 1 group.173 4 1 0
5 1 group.173 2 1 0
6 1 group.174 2 1 0
#7 2 1 1
0 1 group.171 2 1 2
1 1 group.171 4 1 2
2 1 group.172 2 1 2
3 1 group.58 1 1 29
4 1 group.173 4 1 1
5 1 group.173 2 1 5
6 1 group.174 2 1 3
#7 2 1 2
0 1 group.171 2 1 3
1 1 group.171 4 1 0
2 1 group.172 2 1 1
3 1 group.58 1 1 34
4 1 group.173 4 1 3
5 1 group.173 2 1 0
6 1 group.174 2 1 1
#7 2 1 3
0 1 group.171 2 1 1
1 1 group.171 4 1 2
2 1 group.172 2 1 3
3 1 group.58 1 1 63
4 1 group.173 4 1 2
5 1 group.173 2 1 5
6 1 group.174 2 1 2
#7 2 1 4
0 1 group.171 2 1 2
1 1 group.171 4 1 1
2 1 group.172 2 1 3
3 1 group.58 1 1 12
4 1 group.173 4 1 1
5 1 group.173 2 1 2
6 1 group.174 2 1 2
#7 2 1 5
0 1 group.171 2 1 0
1 1 group.171 4 1 7
2 1 group.172 2 1 1
3 1 group.58 1 1 17
4 1 group.173 4 1 0
5 1 group.173 2 1 7
6 1 group.174 2 1 1
#7 2 1 6
0 1 group.171 2 1 1
1 1 group.171 4 1 1
2 1 group.172 2 1 2
3 1 group.58 1 1 46
4 1 group.173 4 1 2
5 1 group.173 2 1 2
6 1 group.174 2 1 3
#7 2 1 7
0 1 group.171 2 1 3
1 1 group.171 4 1 7
2 1 group.172 2 1 0
3 1 group.58 1 1 51
4 1 group.173 4 1 3
5 1 group.173 2 1 7
6 1 group.174 2 1 0
