#9
6x9
1 3 0 0 0 0 0 0 0 
8 1 2 2 2 3 1 3 1 
6 2 1 3 2 1 3 0 0 
6 2 2 3 1 3 1 0 0 
4 1 3 1 3 0 0 0 0 
1 72 0 0 0 0 0 0 0
6x7
1 3 0 0 0 0 0 
5 2 3 1 2 3 0 
6 2 1 3 2 1 3 
6 2 2 3 1 3 1 
4 1 3 1 3 0 0 
1 72 0 0 0 0 0
6x8
1 3 0 0 0 0 0 0 
7 1 2 2 3 2 1 3 
6 2 1 3 2 1 3 0 
6 2 2 3 1 3 1 0 
4 1 3 1 3 0 0 0 
1 72 0 0 0 0 0 0
6x9
8 1 2 2 2 3 1 3 1 
5 2 3 1 2 3 0 0 0 
6 2 1 3 2 1 3 0 0 
6 2 2 3 1 3 1 0 0 
4 1 3 1 3 0 0 0 0 
1 72 0 0 0 0 0 0 0
6x9
4 2 3 1 2 0 0 0 0 
8 1 2 2 2 3 1 3 1 
6 2 1 3 2 1 3 0 0 
6 2 2 3 1 3 1 0 0 
4 1 3 1 3 0 0 0 0 
1 72 0 0 0 0 0 0 0
6x8
7 1 2 2 1 3 1 2 
5 2 3 1 2 3 0 0 
6 2 1 3 2 1 3 0 
6 2 2 3 1 3 1 0 
4 1 3 1 3 0 0 0 
1 72 0 0 0 0 0 0
6x8
4 2 3 1 2 0 0 0 
7 1 2 2 3 2 1 3 
6 2 1 3 2 1 3 0 
6 2 2 3 1 3 1 0 
4 1 3 1 3 0 0 0 
1 72 0 0 0 0 0 0
6x9
1 3 0 0 0 0 0 0 0 
8 1 2 2 2 3 1 3 1 
5 2 3 1 2 3 0 0 0 
6 2 1 3 2 1 3 0 0 
6 2 2 1 3 1 3 0 0 
3 48 0 0 0 0 0 0 0
6x9
1 3 0 0 0 0 0 0 0 
8 1 2 2 2 3 1 3 1 
5 2 3 1 2 3 0 0 0 
6 2 1 3 2 1 3 0 0 
4 1 3 1 3 0 0 0 0 
3 48 0 0 0 0 0 0 0
