#8
6x10
9 3 2 1 2 3 2 1 2 3 
3 1 2 1 0 0 0 0 0 0 
4 1 2 1 2 0 0 0 0 0 
6 1 3 2 3 2 1 0 0 0 
4 3 2 3 2 0 0 0 0 0 
1 72 0 0 0 0 0 0 0 0
6x10
9 3 2 1 2 3 2 1 2 3 
3 2 1 2 0 0 0 0 0 0 
4 1 2 1 2 0 0 0 0 0 
6 1 3 2 3 2 1 0 0 0 
4 3 2 3 2 0 0 0 0 0 
1 72 0 0 0 0 0 0 0 0
6x10
9 3 2 1 2 3 2 1 2 3 
2 2 1 0 0 0 0 0 0 0 
4 1 2 1 2 0 0 0 0 0 
6 1 3 2 3 2 1 0 0 0 
4 3 2 3 2 0 0 0 0 0 
1 72 0 0 0 0 0 0 0 0
6x7
3 1 2 1 0 0 0 
3 2 1 2 0 0 0 
4 1 2 1 2 0 0 
6 1 3 2 3 2 1 
4 3 2 3 2 0 0 
1 72 0 0 0 0 0
6x13
12 2 1 2 3 2 1 2 3 2 1 2 3 
3 1 2 1 0 0 0 0 0 0 0 0 0 
4 1 2 1 2 0 0 0 0 0 0 0 0 
6 1 3 2 3 2 1 0 0 0 0 0 0 
4 3 2 3 2 0 0 0 0 0 0 0 0 
1 72 0 0 0 0 0 0 0 0 0 0 0
6x13
12 1 2 1 3 2 1 2 3 2 1 2 3 
3 2 1 2 0 0 0 0 0 0 0 0 0 
4 1 2 1 2 0 0 0 0 0 0 0 0 
6 1 3 2 3 2 1 0 0 0 0 0 0 
4 3 2 3 2 0 0 0 0 0 0 0 0 
1 72 0 0 0 0 0 0 0 0 0 0 0
6x13
12 2 1 2 3 2 1 2 3 2 1 2 3 
2 2 1 0 0 0 0 0 0 0 0 0 0 
4 1 2 1 2 0 0 0 0 0 0 0 0 
6 1 3 2 3 2 1 0 0 0 0 0 0 
4 3 2 3 2 0 0 0 0 0 0 0 0 
1 72 0 0 0 0 0 0 0 0 0 0 0
5x10
9 3 2 1 2 3 2 1 2 3 
3 1 2 1 0 0 0 0 0 0 
3 2 1 2 0 0 0 0 0 0 
4 1 2 1 2 0 0 0 0 0 
9 16 0 0 0 0 0 0 0 0
