-1 -1 3.1416 0.999375
0.241453 0.470146
-0.258547 0.000147249
0.4 0.2
0.096581 0.0940293
1
49
82 5 3
-0.5 0.270392 0 2
-0.479166 0.305655 0 2
-0.458333 0.338646 0 2
-0.4375 0.369118 0 2
-0.416666 0.396845 0 2
-0.395833 0.42162 0 2
-0.375 0.44326 0 2
-0.354166 0.461603 0 2
-0.333333 0.476512 0 2
-0.3125 0.487878 0 2
-0.291667 0.495614 0 2
-0.270833 0.499665 0 2
-0.25 0.499999 0 2
-0.229167 0.496614 0 2
-0.208333 0.489536 0 2
-0.1875 0.478816 0 2
-0.166667 0.464535 0 2
-0.145834 0.446799 0 2
-0.125 0.42574 0 2
-0.104167 0.401514 0 2
-0.0833337 0.374303 0 2
-0.0625004 0.344307 0 2
-0.0416671 0.311751 0 2
-0.0208338 0.276877 0 2
-4.47035e-07 0.239944 0 2
0.0208328 0.201227 0 2
0.0416661 0.161014 0 2
0.0624994 0.119604 0 2
0.0833327 0.0773051 0 2
0.104166 0.0344325 0 2
0.124999 -0.00869519 0 2
0.145833 -0.051757 0 2
0.166666 -0.0944326 0 2
0.187499 -0.136404 0 2
0.208332 -0.17736 0 2
0.229166 -0.216995 0 2
0.249999 -0.255015 0 2
0.270832 -0.291135 0 2
0.291666 -0.325089 0 2
0.312499 -0.356623 0 2
0.333332 -0.385502 0 2
0.354165 -0.411512 0 2
0.374999 -0.434459 0 2
0.395832 -0.454172 0 2
0.416665 -0.470505 0 2
0.437499 -0.483336 0 2
0.458332 -0.49257 0 2
0.479165 -0.498138 0 2
0.499999 -0.499999 0 2
