#7
5x7
1 3 0 0 0 0 0 
1 1 0 0 0 0 0 
6 1 2 3 1 2 3 
4 1 3 1 3 0 0 
1 16 0 0 0 0 0
5x7
1 3 0 0 0 0 0 
2 1 2 0 0 0 0 
6 1 2 3 1 2 3 
4 1 3 1 3 0 0 
1 16 0 0 0 0 0
5x7
1 3 0 0 0 0 0 
1 2 0 0 0 0 0 
6 1 2 3 1 2 3 
4 1 3 1 3 0 0 
1 16 0 0 0 0 0
5x7
1 1 0 0 0 0 0 
2 1 2 0 0 0 0 
6 1 2 3 1 2 3 
4 1 3 1 3 0 0 
1 16 0 0 0 0 0
5x7
3 3 1 2 0 0 0 
1 1 0 0 0 0 0 
6 1 2 3 1 2 3 
4 1 3 1 3 0 0 
1 16 0 0 0 0 0
5x7
2 3 1 0 0 0 0 
2 1 2 0 0 0 0 
6 1 2 3 1 2 3 
4 1 3 1 3 0 0 
1 16 0 0 0 0 0
5x7
3 3 1 2 0 0 0 
1 2 0 0 0 0 0 
6 1 2 3 1 2 3 
4 1 3 1 3 0 0 
1 16 0 0 0 0 0
