#16
5x7
1 4 0 0 0 0 0 
6 2 3 1 3 1 3 
1 2 0 0 0 0 0 
4 1 3 1 3 0 0 
1 24 0 0 0 0 0
5x7
1 4 0 0 0 0 0 
6 2 3 1 3 1 3 
1 1 0 0 0 0 0 
4 1 3 1 3 0 0 
1 24 0 0 0 0 0
5x7
1 4 0 0 0 0 0 
6 2 3 1 3 1 3 
2 1 2 0 0 0 0 
4 1 3 1 3 0 0 
1 24 0 0 0 0 0
5x5
1 4 0 0 0 
1 2 0 0 0 
1 1 0 0 0 
4 1 3 1 3 
1 24 0 0 0
5x8
1 4 0 0 0 0 0 0 
7 1 2 3 1 3 1 3 
1 2 0 0 0 0 0 0 
4 1 3 1 3 0 0 0 
1 24 0 0 0 0 0 0
5x6
1 4 0 0 0 0 
5 3 1 3 1 3 
1 1 0 0 0 0 
4 1 3 1 3 0 
1 24 0 0 0 0
5x8
1 4 0 0 0 0 0 0 
7 1 2 3 1 3 1 3 
2 1 2 0 0 0 0 0 
4 1 3 1 3 0 0 0 
1 24 0 0 0 0 0 0
5x7
6 2 3 1 3 1 3 
1 2 0 0 0 0 0 
1 1 0 0 0 0 0 
4 1 3 1 3 0 0 
1 24 0 0 0 0 0
5x7
2 1 4 0 0 0 0 
6 2 3 1 3 1 3 
1 2 0 0 0 0 0 
4 1 3 1 3 0 0 
1 24 0 0 0 0 0
5x7
2 2 4 0 0 0 0 
6 2 3 1 3 1 3 
1 1 0 0 0 0 0 
4 1 3 1 3 0 0 
1 24 0 0 0 0 0
5x7
2 1 4 0 0 0 0 
6 2 3 1 3 1 3 
2 1 2 0 0 0 0 
4 1 3 1 3 0 0 
1 24 0 0 0 0 0
5x8
7 2 3 1 3 1 3 4 
1 2 0 0 0 0 0 0 
1 1 0 0 0 0 0 0 
4 1 3 1 3 0 0 0 
1 24 0 0 0 0 0 0
5x8
2 1 4 0 0 0 0 0 
7 1 2 3 1 3 1 3 
1 2 0 0 0 0 0 0 
4 1 3 1 3 0 0 0 
1 24 0 0 0 0 0 0
5x6
2 2 4 0 0 0 
5 3 1 3 1 3 
1 1 0 0 0 0 
4 1 3 1 3 0 
1 24 0 0 0 0
5x8
2 1 4 0 0 0 0 0 
7 1 2 3 1 3 1 3 
2 1 2 0 0 0 0 0 
4 1 3 1 3 0 0 0 
1 24 0 0 0 0 0 0
5x7
1 4 0 0 0 0 0 
6 2 3 1 3 1 3 
1 2 0 0 0 0 0 
1 1 0 0 0 0 0 
3 16 0 0 0 0 0
