#6
6x11
9 1 2 2 1 2 1 1 2 2 0 
7 1 2 2 2 1 2 2 0 0 0 
10 1 2 1 1 2 2 2 2 2 1 
5 1 2 2 1 1 0 0 0 0 0 
8 1 2 2 1 1 2 2 2 0 0 
15 48 0 0 0 0 0 0 0 0 0
6x11
9 1 2 2 1 2 1 1 2 2 0 
10 1 2 1 1 2 2 2 2 2 1 
10 1 1 2 2 2 1 1 2 1 2 
1 1 0 0 0 0 0 0 0 0 0 
7 1 2 2 2 1 2 2 0 0 0 
15 48 0 0 0 0 0 0 0 0 0
6x12
11 1 1 2 1 2 2 2 1 2 2 1 
11 1 1 2 2 1 1 2 2 1 2 2 
9 1 2 2 1 2 1 1 2 2 0 0 
7 1 2 2 2 1 2 2 0 0 0 0 
7 1 2 1 1 2 1 1 0 0 0 0 
10 72 0 0 0 0 0 0 0 0 0 0
4x10
9 2 1 1 2 1 2 1 1 2 
8 2 1 1 2 2 2 1 1 0 
9 1 2 2 1 2 1 1 2 2 
6 120 0 0 0 0 0 0 0 0
4x12
11 1 1 2 1 2 2 2 1 2 2 1 
8 2 1 1 2 2 2 1 1 0 0 0 
9 2 1 2 1 2 2 1 1 2 0 0 
6 120 0 0 0 0 0 0 0 0 0 0
5x12
9 2 2 2 2 2 1 1 2 1 0 0 
7 2 2 2 2 2 1 2 0 0 0 0 
11 1 1 2 1 1 2 1 2 1 1 2 
10 1 1 2 2 1 2 2 2 2 1 0 
1 360 0 0 0 0 0 0 0 0 0 0
