-1 -0.217172 1 0.841473
0.499999 0.887928
0 -0.277167
0.2 0.1
0.0999998 0.0887928
1
261
82 69 3
-0.499999 0.499998 0 2
-0.479166 0.487418 0 2
-0.458332 0.473224 0 2
-0.437499 0.457136 0 2
-0.416666 0.438815 0 2
-0.395833 0.417844 0 2
-0.374999 0.393714 0 2
-0.354166 0.365793 0 2
-0.333333 0.3333 0 2
-0.312499 0.295267 0 2
-0.291666 0.250498 0 2
-0.270833 0.197527 0 2
-0.25 0.134604 0 2
-0.229166 0.0597491 0 2
-0.208333 -0.0290064 0 2
-0.1875 -0.13288 0 2
-0.166666 -0.250424 0 2
-0.145833 -0.372843 0 2
-0.135416 -0.428734 0 2
-0.125 -0.473578 0 2
-0.119791 -0.489145 0 2
-0.117187 -0.49462 0 2
-0.114583 -0.498299 0 2
-0.111979 -0.499976 0 2
-0.110677 -0.499998 0 2
-0.109375 -0.499441 0 2
-0.106771 -0.496483 0 2
-0.105469 -0.494031 0 2
-0.104166 -0.490896 0 2
-0.0937498 -0.43891 0 2
-0.0833332 -0.338848 0 2
-0.0729165 -0.220063 0 2
-0.0703124 -0.197022 0 2
-0.0677082 -0.180777 0 2
-0.065104 -0.17372 0 2
-0.063802 -0.174341 0 2
-0.0624999 -0.17804 0 2
-0.0598957 -0.195223 0 2
-0.0572915 -0.225338 0 2
-0.0546874 -0.266116 0 2
-0.0520833 -0.312012 0 2
-0.0494791 -0.353671 0 2
-0.048177 -0.369083 0 2
-0.0475259 -0.374704 0 2
-0.0468749 -0.378668 0 2
-0.0462239 -0.380795 0 2
-0.0455728 -0.38093 0 2
-0.0442708 -0.374796 0 2
-0.0429687 -0.359932 0 2
-0.0423176 -0.349411 0 2
-0.0416666 -0.337096 0 2
-0.0390624 -0.277774 0 2
-0.0377603 -0.25028 0 2
-0.0371093 -0.239624 0 2
-0.0364583 -0.232049 0 2
-0.0358072 -0.228227 0 2
-0.0354817 -0.227895 0 2
-0.0351562 -0.228681 0 2
-0.0345052 -0.2337 0 2
-0.0338541 -0.243257 0 2
-0.032552 -0.273889 0 2
-0.031901 -0.29278 0 2
-0.0312499 -0.311856 0 2
-0.0299478 -0.342087 0 2
-0.0292968 -0.348966 0 2
-0.0289713 -0.34958 0 2
-0.0286458 -0.348142 0 2
-0.0283203 -0.344616 0 2
-0.0279947 -0.339048 0 2
-0.0273437 -0.322466 0 2
-0.0266927 -0.300788 0 2
-0.0260416 -0.277968 0 2
-0.0253906 -0.259051 0 2
-0.025065 -0.252689 0 2
-0.0247395 -0.249145 0 2
-0.024414 -0.248817 0 2
-0.0240885 -0.251901 0 2
-0.0234375 -0.267787 0 2
-0.0221354 -0.31837 0 2
-0.0218099 -0.327992 0 2
-0.0214843 -0.333761 0 2
-0.0211588 -0.334737 0 2
-0.0209961 -0.333272 0 2
-0.0208333 -0.330501 0 2
-0.0195312 -0.278238 0 2
-0.0192057 -0.266411 0 2
-0.0188802 -0.260056 0 2
-0.0187174 -0.259499 0 2
-0.0185547 -0.260842 0 2
-0.0183919 -0.264076 0 2
-0.0182291 -0.269082 0 2
-0.0175781 -0.30048 0 2
-0.0172526 -0.316025 0 2
-0.0170898 -0.321723 0 2
-0.0169271 -0.325345 0 2
-0.0167643 -0.326524 0 2
-0.0166015 -0.325065 0 2
-0.0164388 -0.320993 0 2
-0.016276 -0.314571 0 2
-0.0159505 -0.296936 0 2
-0.0157877 -0.287359 0 2
-0.015625 -0.278581 0 2
-0.0154622 -0.271602 0 2
-0.0152994 -0.267296 0 2
-0.0151367 -0.266292 0 2
-0.0149739 -0.268853 0 2
-0.0146484 -0.283469 0 2
-0.0144857 -0.293746 0 2
-0.0143229 -0.304177 0 2
-0.0141601 -0.313149 0 2
-0.0139974 -0.319138 0 2
-0.0138346 -0.320993 0 2
-0.0136718 -0.318193 0 2
-0.0133463 -0.300747 0 2
-0.0131836 -0.289258 0 2
-0.0131022 -0.283817 0 2
-0.0130208 -0.278995 0 2
-0.0123698 -0.285337 0 2
-0.0120443 -0.309039 0 2
-0.0118815 -0.316099 0 2
-0.0118001 -0.317134 0 2
-0.0117187 -0.316281 0 2
-0.011556 -0.309167 0 2
-0.0113932 -0.296934 0 2
-0.0112304 -0.28396 0 2
-0.011149 -0.278836 0 2
-0.0110677 -0.275415 0 2
-0.0109863 -0.274121 0 2
-0.0109049 -0.275163 0 2
-0.0108235 -0.278487 0 2
-0.0107422 -0.283763 0 2
-0.0105794 -0.297601 0 2
-0.010498 -0.304437 0 2
-0.0104573 -0.307424 0 2
-0.0104166 -0.309977 0 2
-0.0100911 -0.307388 0 2
-0.00992835 -0.293076 0 2
-0.0097656 -0.28002 0 2
-0.00968421 -0.27695 0 2
-0.00960284 -0.277201 0 2
-0.00952145 -0.280832 0 2
-0.00944006 -0.287237 0 2
-0.00927731 -0.303071 0 2
-0.00919592 -0.309136 0 2
-0.00911456 -0.311953 0 2
-0.00895178 -0.305677 0 2
-0.00878903 -0.289318 0 2
-0.0084635 -0.285655 0 2
-0.0078125 -0.281279 0 2
-0.00520834 -0.28518 0 2
0 -0.294859 0 2
0.0104167 -0.309977 0 2
0.0107422 -0.283763 0 2
0.0108235 -0.278487 0 2
0.010905 -0.275163 0 2
0.0109863 -0.274121 0 2
0.0110677 -0.275415 0 2
0.0112305 -0.28396 0 2
0.0113932 -0.296934 0 2
0.011556 -0.309167 0 2
0.0117188 -0.316281 0 2
0.0120443 -0.309039 0 2
0.0123698 -0.285337 0 2
0.0125325 -0.275674 0 2
0.0126953 -0.271032 0 2
0.0128581 -0.272335 0 2
0.0130208 -0.278995 0 2
0.0133464 -0.300747 0 2
0.0135091 -0.311046 0 2
0.0136719 -0.318193 0 2
0.0138347 -0.320993 0 2
0.0139974 -0.319138 0 2
0.0143229 -0.304177 0 2
0.0156249 -0.278581 0 2
0.016276 -0.314571 0 2
0.0164387 -0.320993 0 2
0.0166015 -0.325065 0 2
0.0167643 -0.326524 0 2
0.016927 -0.325345 0 2
0.0172526 -0.316025 0 2
0.0175781 -0.30048 0 2
0.0179036 -0.283354 0 2
0.0182291 -0.269082 0 2
0.0183918 -0.264076 0 2
0.0185546 -0.260842 0 2
0.0187174 -0.259499 0 2
0.0188801 -0.260056 0 2
0.0192057 -0.266411 0 2
0.0195312 -0.278238 0 2
0.0201823 -0.308238 0 2
0.0205078 -0.321318 0 2
0.0206705 -0.326481 0 2
0.0208333 -0.330501 0 2
0.0211588 -0.334737 0 2
0.0214843 -0.333761 0 2
0.0218098 -0.327992 0 2
0.0221354 -0.31837 0 2
0.0227864 -0.29278 0 2
0.0234374 -0.267787 0 2
0.0240885 -0.251901 0 2
0.024414 -0.248817 0 2
0.0247395 -0.249145 0 2
0.0250651 -0.252689 0 2
0.0253906 -0.259051 0 2
0.0260416 -0.277968 0 2
0.0312499 -0.311856 0 2
0.0338541 -0.243257 0 2
0.0345051 -0.2337 0 2
0.0351562 -0.228681 0 2
0.0358073 -0.228227 0 2
0.0364583 -0.232049 0 2
0.0377604 -0.25028 0 2
0.0390624 -0.277774 0 2
0.0403645 -0.308456 0 2
0.0416666 -0.337096 0 2
0.0429687 -0.359932 0 2
0.0442708 -0.374796 0 2
0.0455729 -0.38093 0 2
0.0462239 -0.380795 0 2
0.0468749 -0.378668 0 2
0.0481769 -0.369083 0 2
0.0494791 -0.353671 0 2
0.0520832 -0.312012 0 2
0.0572916 -0.225338 0 2
0.0598957 -0.195223 0 2
0.0611978 -0.184976 0 2
0.0624999 -0.17804 0 2
0.0651041 -0.17372 0 2
0.0677082 -0.180777 0 2
0.0729166 -0.220063 0 2
0.0833331 -0.338848 0 2
0.0937498 -0.43891 0 2
0.0989581 -0.471094 0 2
0.101562 -0.482488 0 2
0.104167 -0.490896 0 2
0.106771 -0.496483 0 2
0.109375 -0.499441 0 2
0.111979 -0.499976 0 2
0.113281 -0.4994 0 2
0.114583 -0.498299 0 2
0.117187 -0.49462 0 2
0.119791 -0.489145 0 2
0.125 -0.473578 0 2
0.145833 -0.372843 0 2
0.166666 -0.250424 0 2
0.1875 -0.13288 0 2
0.208333 -0.0290064 0 2
0.229166 0.0597491 0 2
0.25 0.134604 0 2
0.270833 0.197527 0 2
0.291666 0.250498 0 2
0.312499 0.295267 0 2
0.333333 0.3333 0 2
0.354166 0.365793 0 2
0.374999 0.393714 0 2
0.395833 0.417844 0 2
0.416666 0.438815 0 2
0.437499 0.457136 0 2
0.458332 0.473224 0 2
0.479166 0.487418 0 2
0.499999 0.499998 0 2
