#19
6x8
7 1 3 3 3 4 4 4 
3 3 3 3 0 0 0 0 
1 2 0 0 0 0 0 0 
2 4 4 0 0 0 0 0 
2 3 3 0 0 0 0 0 
1 72 0 0 0 0 0 0
6x8
7 1 3 3 3 4 4 4 
3 3 3 3 0 0 0 0 
1 1 0 0 0 0 0 0 
2 4 4 0 0 0 0 0 
2 3 3 0 0 0 0 0 
1 72 0 0 0 0 0 0
6x8
7 1 3 3 3 4 4 4 
3 3 3 3 0 0 0 0 
2 1 2 0 0 0 0 0 
2 4 4 0 0 0 0 0 
2 3 3 0 0 0 0 0 
1 72 0 0 0 0 0 0
6x8
7 1 3 3 3 4 4 4 
1 2 0 0 0 0 0 0 
1 1 0 0 0 0 0 0 
2 4 4 0 0 0 0 0 
2 3 3 0 0 0 0 0 
1 72 0 0 0 0 0 0
6x8
7 1 3 3 3 4 4 4 
4 1 3 3 3 0 0 0 
1 2 0 0 0 0 0 0 
2 4 4 0 0 0 0 0 
2 3 3 0 0 0 0 0 
1 72 0 0 0 0 0 0
6x8
7 1 3 3 3 4 4 4 
4 2 3 3 3 0 0 0 
1 1 0 0 0 0 0 0 
2 4 4 0 0 0 0 0 
2 3 3 0 0 0 0 0 
1 72 0 0 0 0 0 0
6x8
7 1 3 3 3 4 4 4 
4 1 3 3 3 0 0 0 
2 1 2 0 0 0 0 0 
2 4 4 0 0 0 0 0 
2 3 3 0 0 0 0 0 
1 72 0 0 0 0 0 0
6x4
3 3 3 3 
1 2 0 0 
1 1 0 0 
2 4 4 0 
2 3 3 0 
1 72 0 0
6x7
6 3 3 3 4 4 4 
3 3 3 3 0 0 0 
1 2 0 0 0 0 0 
2 4 4 0 0 0 0 
2 3 3 0 0 0 0 
1 72 0 0 0 0 0
6x9
8 1 2 3 3 3 4 4 4 
3 3 3 3 0 0 0 0 0 
1 1 0 0 0 0 0 0 0 
2 4 4 0 0 0 0 0 0 
2 3 3 0 0 0 0 0 0 
1 72 0 0 0 0 0 0 0
6x7
6 3 3 3 4 4 4 
3 3 3 3 0 0 0 
2 1 2 0 0 0 0 
2 4 4 0 0 0 0 
2 3 3 0 0 0 0 
1 72 0 0 0 0 0
6x5
4 1 4 4 4 
1 2 0 0 0 
1 1 0 0 0 
2 4 4 0 0 
2 3 3 0 0 
1 72 0 0 0
6x7
6 3 3 3 4 4 4 
4 1 3 3 3 0 0 
1 2 0 0 0 0 0 
2 4 4 0 0 0 0 
2 3 3 0 0 0 0 
1 72 0 0 0 0 0
6x9
8 1 2 3 3 3 4 4 4 
4 2 3 3 3 0 0 0 0 
1 1 0 0 0 0 0 0 0 
2 4 4 0 0 0 0 0 0 
2 3 3 0 0 0 0 0 0 
1 72 0 0 0 0 0 0 0
6x7
6 3 3 3 4 4 4 
4 1 3 3 3 0 0 
2 1 2 0 0 0 0 
2 4 4 0 0 0 0 
2 3 3 0 0 0 0 
1 72 0 0 0 0 0
6x8
7 1 3 3 3 4 4 4 
3 3 3 3 0 0 0 0 
1 2 0 0 0 0 0 0 
1 1 0 0 0 0 0 0 
2 4 4 0 0 0 0 0 
3 48 0 0 0 0 0 0
6x8
7 1 3 3 3 4 4 4 
3 3 3 3 0 0 0 0 
1 2 0 0 0 0 0 0 
1 1 0 0 0 0 0 0 
2 3 3 0 0 0 0 0 
3 48 0 0 0 0 0 0
6x8
7 1 3 3 3 4 4 4 
3 3 3 3 0 0 0 0 
1 2 0 0 0 0 0 0 
1 1 0 0 0 0 0 0 
6 1 3 3 1 4 4 0 
3 48 0 0 0 0 0 0
6x8
7 1 3 3 3 4 4 4 
3 3 3 3 0 0 0 0 
1 2 0 0 0 0 0 0 
1 1 0 0 0 0 0 0 
4 3 3 4 4 0 0 0 
3 48 0 0 0 0 0 0
