#7
4x4
2 1 3 0 
3 1 2 1 
2 3 3 0 
1 18 0 0
4x4
3 3 3 1 
3 1 2 1 
2 3 3 0 
1 18 0 0
4x4
3 3 3 3 
3 1 2 1 
2 3 3 0 
1 18 0 0
4x4
2 1 3 0 
3 3 3 1 
3 1 2 1 
3 12 0 0
4x4
2 1 3 0 
3 3 3 1 
2 3 3 0 
3 12 0 0
4x6
2 1 3 0 0 0 
3 3 3 1 0 0 
5 1 2 3 3 1 
3 12 0 0 0 0
4x6
2 1 3 0 0 0 
3 3 3 1 0 0 
5 1 2 1 3 3 
3 12 0 0 0 0
#6 1 1 0
0 1 group.116 3 1 0
1 1 group.116 2 1 0
2 1 group.115 1 1 0
3 3 group.81 1 2 0
4 3 group.82 1 2 0
5 6 group.110 1 1 0
#6 2 1 0
0 1 group.116 2 1 0
1 1 group.116 1 1 0
2 1 group.115 1 1 0
3 3 group.81 1 2 0
4 3 group.82 2 2 0
5 6 group.110 2 1 0
#6 2 1 1
0 1 group.116 2 1 1
1 1 group.116 1 1 1
2 1 group.115 1 1 1
3 3 group.81 1 2 2
4 3 group.82 2 2 0
5 6 group.110 2 1 0
