#3
3x3
2 1 2 
2 2 2 
1 4 0
3x3
1 1 0 
2 2 2 
1 4 0
3x3
1 2 0 
2 2 2 
1 4 0
#3 1 1 0
0 1 min.27 1 1 0
1 1 min.21 1 1 0
2 1 min.26 1 1 0
#3 1 1 1
0 1 min.27 1 1 0
1 1 min.21 1 1 1
2 1 min.26 1 1 0
#3 1 1 2
0 1 min.27 1 1 0
1 1 min.21 1 1 4
2 1 min.26 1 1 0
#3 1 1 3
0 1 min.27 1 1 0
1 1 min.21 1 1 5
2 1 min.26 1 1 0
#3 1 1 4
0 1 min.27 1 1 2
1 1 min.21 1 1 0
2 1 min.26 1 1 0
#3 1 1 5
0 1 min.27 1 1 2
1 1 min.21 1 1 1
2 1 min.26 1 1 0
#3 1 1 6
0 1 min.27 1 1 2
1 1 min.21 1 1 4
2 1 min.26 1 1 0
#3 1 1 7
0 1 min.27 1 1 2
1 1 min.21 1 1 5
2 1 min.26 1 1 0
#3 1 2 0
0 1 min.27 1 3 0
1 1 min.21 1 2 0
2 1 min.26 1 2 0
#3 1 2 1
0 1 min.27 1 3 2
1 1 min.21 1 2 0
2 1 min.26 1 2 0
#3 1 2 2
0 1 min.27 1 3 0
1 1 min.21 1 2 1
2 1 min.26 1 2 0
#3 1 2 3
0 1 min.27 1 3 2
1 1 min.21 1 2 1
2 1 min.26 1 2 0
#3 1 3 0
0 1 min.27 1 2 0
1 1 min.21 1 3 0
2 1 min.26 1 2 0
#3 1 3 1
0 1 min.27 1 2 0
1 1 min.21 1 3 4
2 1 min.26 1 2 0
#3 1 3 2
0 1 min.27 1 2 1
1 1 min.21 1 3 1
2 1 min.26 1 2 0
#3 1 3 3
0 1 min.27 1 2 1
1 1 min.21 1 3 5
2 1 min.26 1 2 0
#3 1 4 0
0 1 min.27 1 4 0
1 1 min.21 1 4 0
2 1 min.26 1 1 0
#3 1 4 1
0 1 min.27 1 4 0
1 1 min.21 1 4 1
2 1 min.26 1 1 0
#3 1 5 0
0 1 min.27 1 5 0
1 1 min.21 1 5 0
2 1 min.26 1 2 0
#3 1 5 1
0 1 min.27 1 5 1
1 1 min.21 1 5 1
2 1 min.26 1 2 0
#3 1 6 0
0 1 min.27 1 6 0
1 1 min.21 1 6 0
2 1 min.26 1 2 0
#3 1 6 1
0 1 min.27 1 6 0
1 1 min.21 1 6 1
2 1 min.26 1 2 0
