1
-1.09967 0.763451 -0.999671 1 -0.654268 0.654345
FriCAS3D
0 0 1.2 1 1 1 0.785398 -0.785398
0 0 400 400
0 3 1 0 27 0 1
-0.5 0.5 0.5 1
1 500
1197
0.553543 0.00727078 0.481283 0.867752
0.520959 0.0306128 0.481294 0.86776
0.489979 0.0360223 0.506144 0.886749
0.478749 0.0203304 0.541276 0.913596
0.49385 -0.00727078 0.56611 0.932573
0.526434 -0.0306128 0.566099 0.932565
0.557414 -0.0360223 0.541249 0.913575
0.568643 -0.0203304 0.506117 0.886729
0.553543 0.00727078 0.481283 0.867752
0.578519 0.0421403 0.504867 0.885774
0.545503 0.0648646 0.504509 0.8855
0.514832 0.0706901 0.529647 0.904709
0.504472 0.0562043 0.565555 0.932149
0.520492 0.0298927 0.591199 0.951746
0.553508 0.00716837 0.591557 0.952019
0.584179 0.00134287 0.566419 0.93281
0.594539 0.0158287 0.530511 0.90537
0.578519 0.0421403 0.504867 0.885774
0.602775 0.0792213 0.524681 0.900915
0.568887 0.100593 0.523506 0.900017
0.538777 0.10741 0.54907 0.919552
0.530084 0.0956767 0.586398 0.948077
0.5479 0.0722679 0.613623 0.968881
0.581788 0.0508958 0.614797 0.969779
0.611898 0.0440797 0.589233 0.950243
0.620591 0.0558126 0.551906 0.921719
0.602775 0.0792213 0.524681 0.900915
0.627051 0.120757 0.540911 0.913318
0.592449 0.140914 0.539178 0.911993
0.562763 0.148535 0.565009 0.931732
0.555383 0.139157 0.603273 0.960973
0.574632 0.118272 0.631556 0.982585
0.609234 0.0981155 0.633289 0.98391
0.638919 0.0904943 0.607458 0.96417
0.646299 0.0998728 0.569194 0.93493
0.627051 0.120757 0.540911 0.913318
0.63829 0.141747 0.546945 0.917928
0.602923 0.160474 0.544703 0.916215
0.573651 0.16897 0.570732 0.936106
0.567621 0.162258 0.609786 0.965949
0.588366 0.144269 0.638986 0.988263
0.623733 0.125542 0.641228 0.989976
0.653005 0.117046 0.615198 0.970085
0.659035 0.123758 0.576145 0.940242
0.63829 0.141747 0.546945 0.917928
0.649257 0.163534 0.5518 0.921638
0.613069 0.18056 0.549128 0.919597
0.584189 0.190002 0.57527 0.939573
0.579535 0.18633 0.614911 0.969866
0.601833 0.171694 0.64483 0.992729
0.638021 0.154669 0.647502 0.994771
0.6669 0.145226 0.62136 0.974794
0.671554 0.148898 0.581719 0.944502
0.649257 0.163534 0.5518 0.921638
0.67173 0.214194 0.557581 0.926056
0.634995 0.229972 0.554725 0.923874
0.606366 0.240054 0.580903 0.943878
0.602613 0.238535 0.620781 0.974351
0.625936 0.226304 0.650997 0.997441
0.662671 0.210526 0.653853 0.999624
0.6913 0.200444 0.627674 0.979619
0.695052 0.201963 0.587797 0.949146
0.67173 0.214194 0.557581 0.926056
0.681515 0.239144 0.557877 0.926282
0.643989 0.252901 0.554862 0.923978
0.615672 0.263961 0.580985 0.94394
0.613152 0.265846 0.620943 0.974475
0.637905 0.25745 0.65133 0.997696
0.675431 0.243693 0.654345 1
0.703748 0.232633 0.628222 0.980038
0.706268 0.230749 0.588264 0.949503
0.681515 0.239144 0.557877 0.926282
0.64477 0.279373 0.557028 0.925633
0.621537 0.290529 0.587725 0.949091
0.626651 0.294048 0.627323 0.979351
0.657116 0.28787 0.652626 0.998687
0.695087 0.275614 0.648812 0.995772
0.718321 0.264458 0.618115 0.972314
0.713207 0.260939 0.578516 0.942054
0.682741 0.267117 0.553213 0.922718
0.64477 0.279373 0.557028 0.925633
0.661625 0.33731 0.547613 0.918439
0.638709 0.349562 0.57813 0.941759
0.644599 0.355759 0.61729 0.971684
0.675844 0.352272 0.642152 0.990683
0.714141 0.341143 0.638154 0.987627
0.737058 0.328891 0.607637 0.964307
0.731168 0.322694 0.568477 0.934382
0.699923 0.326181 0.543614 0.915383
0.661625 0.33731 0.547613 0.918439
0.667726 0.364062 0.54035 0.912889
0.645191 0.37792 0.570462 0.935899
0.652032 0.388115 0.608617 0.965056
0.684242 0.388674 0.632466 0.98328
0.722953 0.379272 0.628037 0.979896
0.745489 0.365414 0.597926 0.956886
0.738648 0.355219 0.55977 0.927729
0.706437 0.354659 0.535922 0.909505
0.667726 0.364062 0.54035 0.912889
0.671527 0.392262 0.531904 0.906434
0.650381 0.407829 0.562187 0.929575
0.659226 0.421772 0.598709 0.957485
0.692882 0.425924 0.620077 0.973813
0.731634 0.417853 0.613773 0.968996
0.752781 0.402287 0.58349 0.945855
0.743935 0.388344 0.546967 0.917945
0.710279 0.384191 0.525599 0.901617
0.671527 0.392262 0.531904 0.906434
0.678524 0.456166 0.503595 0.884802
0.658037 0.473429 0.533409 0.907584
0.667852 0.491173 0.567983 0.934005
0.70222 0.499004 0.587065 0.948587
0.741008 0.492335 0.579477 0.942788
0.761495 0.475072 0.549663 0.920005
0.75168 0.457328 0.515089 0.893585
0.717312 0.449496 0.496007 0.879003
0.678524 0.456166 0.503595 0.884802
0.679014 0.521178 0.464608 0.855009
0.659176 0.540579 0.493532 0.877111
0.669759 0.562953 0.525059 0.901204
0.704565 0.575193 0.540721 0.913172
0.743204 0.570129 0.531344 0.906007
0.763043 0.550727 0.502421 0.883904
0.752459 0.528353 0.470893 0.859812
0.717653 0.516114 0.455231 0.847843
0.679014 0.521178 0.464608 0.855009
0.672573 0.58874 0.411611 0.81451
0.65263 0.609426 0.439555 0.835864
0.662959 0.634937 0.468694 0.858132
0.697509 0.650328 0.481959 0.868268
0.736042 0.646583 0.471579 0.860336
0.755986 0.625896 0.443634 0.838981
0.745657 0.600386 0.414495 0.816714
0.711106 0.584995 0.401231 0.806578
0.672573 0.58874 0.411611 0.81451
0.666457 0.620353 0.382204 0.792038
0.646315 0.642152 0.409142 0.812624
0.65615 0.670463 0.435756 0.832962
0.6902 0.688702 0.446457 0.841138
0.728519 0.686185 0.434975 0.832364
0.748661 0.664386 0.408036 0.811779
0.738827 0.636075 0.381422 0.791441
0.704777 0.617836 0.370722 0.783264
0.666457 0.620353 0.382204 0.792038
0.657138 0.650451 0.353797 0.770331
0.638083 0.674781 0.379322 0.789836
0.648404 0.70699 0.400832 0.806273
0.682054 0.728209 0.405726 0.810013
0.719323 0.726009 0.391138 0.798866
0.738377 0.701679 0.365613 0.77936
0.728056 0.669471 0.344103 0.762923
0.694406 0.648251 0.339209 0.759183
0.657138 0.650451 0.353797 0.770331
0.595951 0.774733 0.185673 0.641856
0.576486 0.799843 0.21011 0.66053
0.585786 0.833999 0.228909 0.674895
0.618404 0.857195 0.231056 0.676536
0.655233 0.855841 0.215295 0.664492
0.674698 0.830732 0.190858 0.645818
0.665397 0.796575 0.172059 0.631453
0.632779 0.773379 0.169912 0.629812
0.595951 0.774733 0.185673 0.641856
0.552968 0.821903 0.0949488 0.572527
0.53255 0.84814 0.117338 0.589636
0.539407 0.885251 0.130842 0.599956
0.569522 0.911496 0.127551 0.597441
0.605255 0.911501 0.109392 0.583565
0.625673 0.885264 0.0870032 0.566456
0.618816 0.848153 0.073499 0.556136
0.588701 0.821908 0.0767902 0.558651
0.552968 0.821903 0.0949488 0.572527
0.498764 0.861097 0.00274515 0.502068
0.479528 0.890183 0.0225071 0.51717
0.486165 0.92916 0.0290847 0.522196
0.514787 0.955197 0.0186249 0.514203
0.548629 0.953041 -0.00274515 0.497873
0.567865 0.923955 -0.0225071 0.482771
0.561228 0.884977 -0.0290847 0.477745
0.532605 0.858941 -0.0186249 0.485738
0.498764 0.861097 0.00274515 0.502068
0.371648 0.902368 -0.192655 0.35275
0.351471 0.931757 -0.174331 0.366752
0.355776 0.971494 -0.171328 0.369047
0.38204 0.998301 -0.185404 0.358291
0.414878 0.996476 -0.208313 0.340784
0.435055 0.967087 -0.226637 0.326782
0.430751 0.92735 -0.22964 0.324487
0.404487 0.900543 -0.215564 0.335243
0.371648 0.902368 -0.192655 0.35275
0.307 0.903402 -0.275964 0.289088
0.285258 0.932878 -0.259685 0.301528
0.285493 0.972891 -0.262038 0.29973
0.307567 1 -0.281643 0.284748
0.33855 0.998326 -0.307018 0.265358
0.360291 0.968849 -0.323296 0.252918
0.360056 0.928837 -0.320944 0.254716
0.337982 0.901728 -0.301338 0.269698
0.307 0.903402 -0.275964 0.289088
0.240585 0.89333 -0.351898 0.231062
0.217742 0.922628 -0.336852 0.242559
0.214914 0.962185 -0.34267 0.238114
0.233758 0.988828 -0.365942 0.220329
0.263235 0.98695 -0.393037 0.199624
0.286078 0.957652 -0.408083 0.188127
0.288906 0.918095 -0.402265 0.192572
0.270062 0.891452 -0.378993 0.210356
0.240585 0.89333 -0.351898 0.231062
0.17637 0.873459 -0.416142 0.181968
0.152376 0.902387 -0.402214 0.192612
0.146178 0.940917 -0.411354 0.185627
0.161408 0.96648 -0.438209 0.165105
0.189143 0.9641 -0.467047 0.143068
0.213138 0.935172 -0.480976 0.132425
0.219335 0.896641 -0.471835 0.139409
0.204105 0.871079 -0.44498 0.159931
0.17637 0.873459 -0.416142 0.181968
0.116003 0.845761 -0.467963 0.142368
0.0908284 0.874131 -0.455004 0.152271
0.0809817 0.911015 -0.467217 0.142938
0.0922311 0.934807 -0.497449 0.119836
0.117987 0.93157 -0.52799 0.096498
0.143162 0.9032 -0.540949 0.086595
0.153008 0.866316 -0.528735 0.0959282
0.141759 0.842524 -0.498503 0.11903
0.116003 0.845761 -0.467963 0.142368
0.0591788 0.811392 -0.508392 0.111474
0.0331044 0.839224 -0.496061 0.120897
0.0203423 0.874424 -0.510369 0.109963
0.0283684 0.896371 -0.542934 0.0850781
0.0524811 0.892209 -0.57468 0.0608187
0.0785555 0.864377 -0.587011 0.0513957
0.0913176 0.829177 -0.572703 0.0623292
0.0832916 0.80723 -0.540138 0.0872143
0.0591788 0.811392 -0.508392 0.111474
0.0350209 0.794077 -0.522815 0.100452
0.00807282 0.82129 -0.51099 0.109488
-0.00765984 0.854452 -0.527092 0.0971835
-0.00296109 0.874139 -0.561689 0.0707458
0.0194166 0.868817 -0.594514 0.0456619
0.0463647 0.841604 -0.606339 0.0366258
0.0620973 0.808441 -0.590237 0.0489306
0.0573986 0.788755 -0.55564 0.0753684
0.0350209 0.794077 -0.522815 0.100452
0.00670089 0.78027 -0.530331 0.094709
-0.0204934 0.809163 -0.524654 0.0990467
-0.0356829 0.838614 -0.547203 0.0818154
-0.0299699 0.851371 -0.584769 0.0531089
-0.00670089 0.839961 -0.615346 0.0297432
0.0204934 0.811068 -0.621022 0.0254055
0.0356829 0.781617 -0.598473 0.0426368
0.0299699 0.76886 -0.560907 0.0713433
0.00670089 0.78027 -0.530331 0.094709
-0.0396775 0.739779 -0.548393 0.0809063
-0.0680585 0.767695 -0.543723 0.0844751
-0.0859565 0.79423 -0.56785 0.0660377
-0.0828871 0.80384 -0.606642 0.0363945
-0.0606483 0.790896 -0.637374 0.01291
-0.0322673 0.762981 -0.642044 0.00934114
-0.0143693 0.736446 -0.617917 0.0277785
-0.0174387 0.726836 -0.579125 0.0574218
-0.0396775 0.739779 -0.548393 0.0809063
-0.0792829 0.699528 -0.556764 0.0745096
-0.109246 0.725899 -0.553112 0.0772999
-0.130658 0.748183 -0.578637 0.0577945
-0.130975 0.753326 -0.618387 0.0274194
-0.110013 0.738316 -0.649076 0.00396776
-0.0800497 0.711945 -0.652727 0.00117735
-0.058638 0.68966 -0.627202 0.0206828
-0.0583204 0.684517 -0.587453 0.051058
-0.0792829 0.699528 -0.556764 0.0745096
-0.114515 0.657102 -0.557893 0.0736471
-0.145578 0.682179 -0.55431 0.0763849
-0.169668 0.70131 -0.580004 0.05675
-0.172674 0.70329 -0.619924 0.0262444
-0.152835 0.686958 -0.650685 0.00273783
-0.121772 0.661882 -0.654268 0
-0.097682 0.64275 -0.628574 0.0196348
-0.0946759 0.64077 -0.588654 0.0501404
-0.114515 0.657102 -0.557893 0.0736471
-0.128715 0.638158 -0.556057 0.0750497
-0.160725 0.662001 -0.552383 0.0778572
-0.187186 0.678047 -0.577856 0.0583916
-0.192599 0.676897 -0.617554 0.0280555
-0.173792 0.659225 -0.648223 0.00461948
-0.141783 0.635383 -0.651897 0.00181199
-0.115321 0.619336 -0.626424 0.0212777
-0.109908 0.620486 -0.586726 0.0516137
-0.128715 0.638158 -0.556057 0.0750497
-0.142192 0.619133 -0.552981 0.0774002
-0.174978 0.641861 -0.5491 0.0803662
-0.203451 0.655031 -0.574048 0.0613015
-0.210931 0.650928 -0.613212 0.031374
-0.193037 0.631957 -0.643649 0.00811475
-0.16025 0.609229 -0.64753 0.00514878
-0.131777 0.596059 -0.622582 0.0242135
-0.124297 0.600161 -0.583418 0.054141
-0.142192 0.619133 -0.552981 0.0774002
-0.169027 0.577547 -0.541983 0.085805
-0.202455 0.599266 -0.537812 0.0889917
-0.23264 0.609759 -0.562007 0.0705031
-0.241899 0.602878 -0.600393 0.0411697
-0.224809 0.582655 -0.630485 0.0181745
-0.19138 0.560936 -0.634655 0.0149879
-0.161196 0.550443 -0.61046 0.0334764
-0.151937 0.557324 -0.572074 0.0628098
-0.169027 0.577547 -0.541983 0.085805
-0.191423 0.538338 -0.526745 0.0974493
-0.22554 0.558856 -0.522098 0.101
-0.257626 0.566062 -0.545015 0.0834875
-0.268884 0.555733 -0.582071 0.0551707
-0.252721 0.533921 -0.611559 0.032637
-0.218604 0.513402 -0.616205 0.0290864
-0.186518 0.506197 -0.593288 0.0465988
-0.17526 0.516526 -0.556233 0.0749156
-0.191423 0.538338 -0.526745 0.0974493
-0.210756 0.500284 -0.507715 0.111991
-0.245384 0.519799 -0.502556 0.115934
-0.278944 0.52414 -0.524036 0.0995189
-0.291778 0.510763 -0.559574 0.0723623
-0.276368 0.487504 -0.588351 0.0503719
-0.24174 0.467989 -0.59351 0.0464293
-0.208179 0.463648 -0.57203 0.0628439
-0.195345 0.477025 -0.536492 0.0900005
-0.210756 0.500284 -0.507715 0.111991
-0.229955 0.471021 -0.486019 0.12857
-0.266792 0.486599 -0.483387 0.130582
-0.300733 0.482808 -0.504367 0.114549
-0.311896 0.461869 -0.536671 0.0898642
-0.293742 0.436047 -0.561374 0.0709869
-0.256905 0.42047 -0.564006 0.0689753
-0.222963 0.424261 -0.543026 0.085008
-0.2118 0.4452 -0.510722 0.109693
-0.229955 0.471021 -0.486019 0.12857
-0.278756 0.334479 -0.372146 0.215589
-0.316482 0.34774 -0.3694 0.217687
-0.350898 0.339382 -0.388167 0.203346
-0.361846 0.3143 -0.417453 0.180966
-0.342911 0.287189 -0.440102 0.163659
-0.305186 0.273928 -0.442848 0.161561
-0.270769 0.282286 -0.424081 0.175902
-0.259822 0.307367 -0.394795 0.198281
-0.278756 0.334479 -0.372146 0.215589
-0.301752 0.222597 -0.245598 0.312292
-0.339835 0.234267 -0.241117 0.315717
-0.375126 0.222028 -0.255653 0.304608
-0.386953 0.193051 -0.280693 0.285474
-0.368387 0.164308 -0.301568 0.269522
-0.330304 0.152638 -0.30605 0.266097
-0.295013 0.164876 -0.291513 0.277206
-0.283186 0.193854 -0.266473 0.29634
-0.301752 0.222597 -0.245598 0.312292
-0.312372 0.124648 -0.112775 0.413792
-0.350562 0.135422 -0.10712 0.418113
-0.386088 0.121178 -0.119018 0.409021
-0.39814 0.0902605 -0.141499 0.391841
-0.379657 0.06078 -0.161395 0.376638
-0.341466 0.0500062 -0.16705 0.372316
-0.30594 0.0642502 -0.155152 0.381408
-0.293889 0.095168 -0.132671 0.398588
-0.312372 0.124648 -0.112775 0.413792
-0.315458 0.0332233 0.0224698 0.517141
-0.353681 0.0432157 0.029228 0.522306
-0.389239 0.027893 0.0188648 0.514386
-0.401303 -0.00376913 -0.00254916 0.498023
-0.382804 -0.0332233 -0.0224698 0.4828
-0.344581 -0.0432157 -0.029228 0.477635
-0.309023 -0.027893 -0.0188648 0.485555
-0.296959 0.00376913 0.00254916 0.501919
-0.315458 0.0332233 0.0224698 0.517141
-0.312363 -0.0591556 0.159085 0.621538
-0.350551 -0.0502255 0.167362 0.627863
-0.386081 -0.0661847 0.157903 0.620635
-0.398141 -0.0976845 0.13625 0.604088
-0.379665 -0.126273 0.115085 0.587915
-0.341478 -0.135203 0.106808 0.58159
-0.305947 -0.119244 0.116266 0.588818
-0.293888 -0.0877439 0.13792 0.605365
-0.312363 -0.0591556 0.159085 0.621538
-0.301353 -0.160282 0.296066 0.726215
-0.339315 -0.153179 0.306789 0.734409
-0.37479 -0.169668 0.29806 0.727738
-0.386998 -0.200089 0.274993 0.710111
-0.368786 -0.226623 0.2511 0.691853
-0.330824 -0.233725 0.240377 0.683659
-0.295348 -0.217237 0.249106 0.690329
-0.283141 -0.186816 0.272173 0.707957
-0.301353 -0.160282 0.296066 0.726215
-0.276952 -0.278321 0.429308 0.828034
-0.314452 -0.273414 0.442583 0.838178
-0.349833 -0.290427 0.434501 0.832002
-0.362368 -0.319394 0.409796 0.813123
-0.344716 -0.343347 0.38294 0.792601
-0.307216 -0.348254 0.369665 0.782457
-0.271835 -0.331241 0.377747 0.788633
-0.259299 -0.302274 0.402452 0.807511
-0.276952 -0.278321 0.429308 0.828034
-0.256239 -0.347019 0.491992 0.875935
-0.292636 -0.345722 0.50873 0.888726
-0.327765 -0.363657 0.501599 0.883276
-0.341049 -0.390315 0.474777 0.86278
-0.324705 -0.410083 0.443976 0.839243
-0.288309 -0.411379 0.427238 0.826452
-0.253179 -0.393445 0.434369 0.831901
-0.239895 -0.366786 0.461191 0.852398
-0.256239 -0.347019 0.491992 0.875935
-0.227377 -0.422575 0.548106 0.918816
-0.262761 -0.423931 0.566887 0.933167
-0.29761 -0.442629 0.560367 0.928185
-0.31151 -0.467715 0.532366 0.906788
-0.296319 -0.484494 0.499287 0.881509
-0.260935 -0.483137 0.480506 0.867158
-0.226086 -0.46444 0.487026 0.87214
-0.212186 -0.439354 0.515027 0.893537
-0.227377 -0.422575 0.548106 0.918816
-0.208797 -0.463534 0.572777 0.937668
-0.242639 -0.468308 0.593717 0.95367
-0.277021 -0.488069 0.587896 0.949222
-0.291804 -0.511243 0.558724 0.926929
-0.278326 -0.524254 0.523289 0.899851
-0.244484 -0.51948 0.502349 0.883849
-0.210102 -0.499719 0.50817 0.888297
-0.19532 -0.476545 0.537342 0.91059
-0.208797 -0.463534 0.572777 0.937668
-0.187093 -0.506161 0.594071 0.95394
-0.219473 -0.51377 0.616437 0.971032
-0.253375 -0.534476 0.611104 0.966956
-0.26894 -0.556151 0.581196 0.944102
-0.257051 -0.566097 0.544232 0.915855
-0.224671 -0.558489 0.521867 0.898764
-0.190769 -0.537782 0.5272 0.90284
-0.175204 -0.516107 0.557108 0.925694
-0.187093 -0.506161 0.594071 0.95394
-0.161774 -0.55041 0.611253 0.96707
-0.192813 -0.560377 0.634573 0.984891
-0.226256 -0.581898 0.629577 0.981073
-0.242513 -0.602367 0.59919 0.957853
-0.232061 -0.609792 0.561214 0.928832
-0.201023 -0.599825 0.537894 0.911012
-0.16758 -0.578304 0.54289 0.91483
-0.151322 -0.557836 0.573277 0.93805
-0.161774 -0.55041 0.611253 0.96707
-0.147507 -0.573224 0.618052 0.972266
-0.176938 -0.585784 0.642191 0.990712
-0.209811 -0.608231 0.637494 0.987123
-0.226871 -0.627415 0.606712 0.963601
-0.218123 -0.632099 0.567878 0.933925
-0.188693 -0.619539 0.543739 0.915479
-0.15582 -0.597092 0.548437 0.919068
-0.13876 -0.577908 0.579218 0.94259
-0.147507 -0.573224 0.618052 0.972266
-0.132153 -0.596323 0.623438 0.976382
-0.159636 -0.61175 0.648201 0.995305
-0.191793 -0.635258 0.643742 0.991897
-0.209786 -0.653076 0.612672 0.968155
-0.203076 -0.654766 0.573192 0.937986
-0.175592 -0.63934 0.548429 0.919062
-0.143435 -0.615832 0.552888 0.92247
-0.125442 -0.598014 0.583958 0.946212
-0.132153 -0.596323 0.623438 0.976382
-0.11401 -0.658969 0.557542 0.926026
-0.0941021 -0.641917 0.587864 0.949198
-0.0973752 -0.642505 0.627808 0.979721
-0.121912 -0.660388 0.653975 0.999717
-0.15334 -0.685091 0.651036 0.997471
-0.173248 -0.702143 0.620713 0.9743
-0.169975 -0.701555 0.58077 0.943776
-0.145438 -0.683672 0.554603 0.92378
-0.11401 -0.658969 0.557542 0.926026
-0.0792829 -0.699528 0.556764 0.925431
-0.0583204 -0.684517 0.587453 0.948883
-0.058638 -0.68966 0.627202 0.979258
-0.0800497 -0.711945 0.652727 0.998764
-0.110013 -0.738316 0.649076 0.995973
-0.130975 -0.753326 0.618387 0.972522
-0.130658 -0.748183 0.578637 0.942147
-0.109246 -0.725899 0.553112 0.922641
-0.0792829 -0.699528 0.556764 0.925431
-0.03879 -0.741718 0.547548 0.918389
-0.0166716 -0.72793 0.577998 0.941658
-0.014172 -0.736055 0.617169 0.971591
-0.0327554 -0.761334 0.642113 0.990652
-0.0615358 -0.788958 0.638219 0.987677
-0.0836541 -0.802746 0.607769 0.964408
-0.0861538 -0.79462 0.568598 0.934475
-0.0675704 -0.769342 0.543654 0.915413
-0.03879 -0.741718 0.547548 0.918389
-0.0186728 -0.760378 0.540285 0.912839
0.00463793 -0.747715 0.570332 0.9358
0.0101203 -0.758659 0.608499 0.964966
-0.00543714 -0.7868 0.632428 0.983252
-0.0329211 -0.815653 0.628103 0.979946
-0.0562318 -0.828316 0.598056 0.956986
-0.0617142 -0.817372 0.559889 0.927819
-0.0461568 -0.789231 0.535959 0.909533
-0.0186728 -0.760378 0.540285 0.912839
0.00394524 -0.777691 0.531904 0.906434
0.0279996 -0.76716 0.562187 0.929575
0.0356522 -0.781793 0.598709 0.957485
0.0224202 -0.813016 0.620077 0.973813
-0.00394524 -0.84254 0.613773 0.968996
-0.0279996 -0.853071 0.58349 0.945855
-0.0356522 -0.838438 0.546967 0.917945
-0.0224202 -0.807215 0.525599 0.901617
0.00394524 -0.777691 0.531904 0.906434
0.055789 -0.815702 0.503595 0.884802
0.0809827 -0.806591 0.533409 0.907584
0.0914423 -0.823963 0.567983 0.934005
0.0810406 -0.857642 0.587065 0.948587
0.0558709 -0.887899 0.579477 0.942788
0.0306772 -0.89701 0.549663 0.920005
0.0202176 -0.879637 0.515089 0.893585
0.0306193 -0.845959 0.496007 0.879003
0.055789 -0.815702 0.503595 0.884802
0.111846 -0.848632 0.464608 0.855009
0.138568 -0.841153 0.493532 0.877111
0.152652 -0.861505 0.525059 0.901204
0.145849 -0.897767 0.540721 0.913172
0.122144 -0.928698 0.531344 0.906007
0.0954224 -0.936178 0.502421 0.883904
0.0813379 -0.915825 0.470893 0.859812
0.0881408 -0.879563 0.455231 0.847843
0.111846 -0.848632 0.464608 0.855009
0.173577 -0.876835 0.411611 0.81451
0.201464 -0.869907 0.439555 0.835864
0.218392 -0.891608 0.468694 0.858132
0.214446 -0.929225 0.481959 0.868268
0.191936 -0.960723 0.471579 0.860336
0.164049 -0.967651 0.443634 0.838981
0.147121 -0.945951 0.414495 0.816714
0.151067 -0.908334 0.401231 0.806578
0.173577 -0.876835 0.411611 0.81451
0.204013 -0.887345 0.382204 0.792038
0.232962 -0.880801 0.409142 0.812624
0.252563 -0.903474 0.435756 0.832962
0.251334 -0.942081 0.446457 0.841138
0.229994 -0.974009 0.434975 0.832364
0.201045 -0.980553 0.408036 0.811779
0.181444 -0.95788 0.381422 0.791441
0.182673 -0.919272 0.370722 0.783264
0.204013 -0.887345 0.382204 0.792038
0.234738 -0.894324 0.353797 0.770331
0.265336 -0.889987 0.379322 0.789836
0.288069 -0.915029 0.400832 0.806273
0.28962 -0.954781 0.405726 0.810013
0.269081 -0.985956 0.391138 0.798866
0.238483 -0.990293 0.365613 0.77936
0.21575 -0.965251 0.344103 0.762923
0.214199 -0.925499 0.339209 0.759183
0.234738 -0.894324 0.353797 0.770331
0.372963 -0.903475 0.185673 0.641856
0.404441 -0.899173 0.21011 0.66053
0.429371 -0.924306 0.228909 0.674895
0.43315 -0.964151 0.231056 0.676536
0.413564 -0.995369 0.215295 0.664492
0.382086 -0.999671 0.190858 0.645818
0.357155 -0.974538 0.172059 0.631453
0.353377 -0.934693 0.169912 0.629812
0.372963 -0.903475 0.185673 0.641856
0.435305 -0.889836 0.0949488 0.572527
0.468236 -0.885272 0.117338 0.589636
0.496946 -0.909765 0.130842 0.599956
0.504617 -0.948969 0.127551 0.597441
0.486755 -0.979917 0.109392 0.583565
0.453824 -0.984481 0.0870032 0.566456
0.425114 -0.959987 0.073499 0.556136
0.417443 -0.920784 0.0767902 0.558651
0.435305 -0.889836 0.0949488 0.572527
0.49635 -0.862491 0.00274515 0.502068
0.531157 -0.860375 0.0225071 0.51717
0.561594 -0.885611 0.0290847 0.522196
0.569831 -0.923417 0.0186249 0.514203
0.551043 -0.951647 -0.00274515 0.497873
0.516236 -0.953763 -0.0225071 0.482771
0.485799 -0.928526 -0.0290847 0.477745
0.477562 -0.89072 -0.0186249 0.485738
0.49635 -0.862491 0.00274515 0.502068
0.595649 -0.773041 -0.192655 0.35275
0.63119 -0.770262 -0.174331 0.366752
0.663451 -0.793858 -0.171328 0.369047
0.673534 -0.830007 -0.185404 0.358291
0.655534 -0.857533 -0.208313 0.340784
0.619994 -0.860312 -0.226637 0.326782
0.587733 -0.836716 -0.22964 0.324487
0.577649 -0.800567 -0.215564 0.335243
0.595649 -0.773041 -0.192655 0.35275
0.628869 -0.717571 -0.275964 0.289088
0.665267 -0.71348 -0.259685 0.301528
0.699802 -0.73369 -0.262038 0.29973
0.712242 -0.766361 -0.281643 0.284748
0.695301 -0.792356 -0.307018 0.265358
0.658902 -0.796446 -0.323296 0.252918
0.624368 -0.776237 -0.320944 0.254716
0.611928 -0.743565 -0.301338 0.269698
0.628869 -0.717571 -0.275964 0.289088
0.653354 -0.655017 -0.351898 0.231062
0.690148 -0.649884 -0.336852 0.242559
0.725819 -0.667213 -0.34267 0.238114
0.739471 -0.696854 -0.365942 0.220329
0.723107 -0.721443 -0.393037 0.199624
0.686312 -0.726577 -0.408083 0.188127
0.650641 -0.709247 -0.402265 0.192572
0.636989 -0.679606 -0.378993 0.210356
0.653354 -0.655017 -0.351898 0.231062
0.668252 -0.58947 -0.416142 0.181968
0.705302 -0.583154 -0.402214 0.192612
0.741769 -0.597052 -0.411354 0.185627
0.756292 -0.623023 -0.438209 0.165105
0.740363 -0.645853 -0.467047 0.143068
0.703314 -0.652168 -0.480976 0.132425
0.666846 -0.63827 -0.471835 0.139409
0.652323 -0.6123 -0.44498 0.159931
0.668252 -0.58947 -0.416142 0.181968
0.674449 -0.523342 -0.467963 0.142368
0.711605 -0.515725 -0.455004 0.152271
0.748471 -0.52564 -0.467217 0.142938
0.763451 -0.547278 -0.497449 0.119836
0.74777 -0.567964 -0.52799 0.096498
0.710613 -0.575581 -0.540949 0.086595
0.673747 -0.565667 -0.528735 0.0959282
0.658767 -0.544029 -0.498503 0.11903
0.674449 -0.523342 -0.467963 0.142368
0.673097 -0.456946 -0.508392 0.111474
0.710237 -0.448281 -0.496061 0.120897
0.747102 -0.454829 -0.510369 0.109963
0.762095 -0.472753 -0.542934 0.0850781
0.746435 -0.491554 -0.57468 0.0608187
0.709294 -0.500219 -0.587011 0.0513957
0.67243 -0.493672 -0.572703 0.0623292
0.657436 -0.475748 -0.540138 0.0872143
0.673097 -0.456946 -0.508392 0.111474
0.67018 -0.427367 -0.522815 0.100452
0.707221 -0.417636 -0.51099 0.109488
0.743807 -0.420593 -0.527092 0.0971835
0.758507 -0.434505 -0.561689 0.0707458
0.742709 -0.451224 -0.594514 0.0456619
0.705668 -0.460955 -0.606339 0.0366258
0.669082 -0.457998 -0.590237 0.0489306
0.654382 -0.444086 -0.55564 0.0753684
0.67018 -0.427367 -0.522815 0.100452
0.672383 -0.395938 -0.530331 0.094709
0.711002 -0.386834 -0.524654 0.0990467
0.744103 -0.388405 -0.547203 0.0818154
0.752294 -0.399731 -0.584769 0.0531089
0.730778 -0.414178 -0.615346 0.0297432
0.692159 -0.423282 -0.621022 0.0254055
0.659059 -0.421711 -0.598473 0.0426368
0.650867 -0.410385 -0.560907 0.0713433
0.672383 -0.395938 -0.530331 0.094709
0.660506 -0.335528 -0.548393 0.0809063
0.698872 -0.324907 -0.543723 0.0844751
0.730801 -0.322674 -0.56785 0.0660377
0.737589 -0.330138 -0.606642 0.0363945
0.71526 -0.342925 -0.637374 0.01291
0.676894 -0.353546 -0.642044 0.00934114
0.644965 -0.355779 -0.617917 0.0277785
0.638177 -0.348315 -0.579125 0.0574218
0.660506 -0.335528 -0.548393 0.0809063
0.645451 -0.281103 -0.556764 0.0745096
0.68327 -0.26834 -0.553112 0.0772999
0.713275 -0.260939 -0.578637 0.0577945
0.717888 -0.263235 -0.618387 0.0274194
0.694407 -0.273884 -0.649076 0.00396776
0.656587 -0.286647 -0.652727 0.00117735
0.626583 -0.294048 -0.627202 0.0206828
0.62197 -0.291752 -0.587453 0.051058
0.645451 -0.281103 -0.556764 0.0745096
0.626325 -0.229378 -0.557893 0.0736471
0.663573 -0.215015 -0.55431 0.0763849
0.692187 -0.203718 -0.580004 0.05675
0.695404 -0.202105 -0.619924 0.0262444
0.671341 -0.21112 -0.650685 0.00273783
0.634092 -0.225483 -0.654268 0
0.605479 -0.23678 -0.628574 0.0196348
0.602261 -0.238393 -0.588654 0.0501404
0.626325 -0.229378 -0.557893 0.0736471
0.617019 -0.207609 -0.556057 0.0750497
0.653672 -0.191809 -0.552383 0.0778572
0.680799 -0.176915 -0.577856 0.0583916
0.682509 -0.171653 -0.617554 0.0280555
0.657802 -0.179104 -0.648223 0.00461948
0.621149 -0.194904 -0.651897 0.00181199
0.594022 -0.209797 -0.626424 0.0212777
0.592311 -0.21506 -0.586726 0.0516137
0.617019 -0.207609 -0.556057 0.0750497
0.607281 -0.186425 -0.552981 0.0774002
0.643357 -0.169395 -0.5491 0.0803662
0.668999 -0.151322 -0.574048 0.0613015
0.669186 -0.142793 -0.613212 0.031374
0.643809 -0.148804 -0.643649 0.00811475
0.607733 -0.165834 -0.64753 0.00514878
0.582091 -0.183907 -0.622582 0.0242135
0.581903 -0.192436 -0.583418 0.054141
0.607281 -0.186425 -0.552981 0.0774002
0.584684 -0.142392 -0.541983 0.085805
0.620208 -0.124302 -0.537812 0.0889917
0.644387 -0.103408 -0.562007 0.0705031
0.643057 -0.0919487 -0.600393 0.0411697
0.616999 -0.0966376 -0.630485 0.0181745
0.581475 -0.114728 -0.634655 0.0149879
0.557296 -0.135622 -0.61046 0.0334764
0.558625 -0.147081 -0.572074 0.0628098
0.584684 -0.142392 -0.541983 0.085805
0.561926 -0.103392 -0.526745 0.0974493
0.596754 -0.0841046 -0.522098 0.101
0.619037 -0.0599205 -0.545015 0.0834875
0.615721 -0.045006 -0.582071 0.0551707
0.588749 -0.0480977 -0.611559 0.032637
0.553921 -0.0673846 -0.616205 0.0290864
0.531639 -0.0915687 -0.593288 0.0465988
0.534954 -0.106483 -0.556233 0.0749156
0.561926 -0.103392 -0.526745 0.0974493
0.538636 -0.0676221 -0.507715 0.111991
0.572851 -0.0473913 -0.502556 0.115934
0.593391 -0.0204973 -0.524036 0.0995189
0.588223 -0.00269421 -0.559574 0.0723623
0.560375 -0.00441087 -0.588351 0.0503719
0.52616 -0.0246417 -0.59351 0.0464293
0.505621 -0.0515357 -0.57203 0.0628439
0.510789 -0.0693388 -0.536492 0.0900005
0.538636 -0.0676221 -0.507715 0.111991
0.522894 -0.0363642 -0.486019 0.12857
0.554803 -0.0122512 -0.483387 0.130582
0.56849 0.0190384 -0.504367 0.114549
0.555938 0.0391756 -0.536671 0.0898642
0.524499 0.0363642 -0.561374 0.0709869
0.49259 0.0122512 -0.564006 0.0689753
0.478902 -0.0190384 -0.543026 0.085008
0.491455 -0.0391756 -0.510722 0.109693
0.522894 -0.0363642 -0.486019 0.12857
0.429046 0.0741707 -0.372146 0.215589
0.459392 0.100211 -0.3694 0.217687
0.469362 0.134196 -0.388167 0.203346
0.453115 0.156217 -0.417453 0.180966
0.420168 0.153375 -0.440102 0.163659
0.389821 0.127335 -0.442848 0.161561
0.379852 0.0933502 -0.424081 0.175902
0.396099 0.0713288 -0.394795 0.198281
0.429046 0.0741707 -0.372146 0.215589
0.34365 0.150027 -0.245598 0.312292
0.372798 0.177172 -0.241117 0.315717
0.379845 0.213854 -0.255653 0.304608
0.360663 0.238585 -0.280693 0.285474
0.326489 0.236878 -0.301568 0.269522
0.297341 0.209733 -0.30605 0.266097
0.290294 0.173051 -0.291513 0.277206
0.309476 0.148319 -0.266473 0.29634
0.34365 0.150027 -0.245598 0.312292
0.264135 0.208198 -0.112775 0.413792
0.29256 0.235885 -0.10712 0.418113
0.297988 0.273773 -0.119018 0.409021
0.277238 0.299669 -0.141499 0.391841
0.242465 0.298402 -0.161395 0.376638
0.21404 0.270715 -0.16705 0.372316
0.208612 0.232827 -0.155152 0.381408
0.229362 0.206931 -0.132671 0.398588
0.264135 0.208198 -0.112775 0.413792
0.186501 0.256583 0.0224698 0.517141
0.214267 0.284689 0.029228 0.522306
0.218776 0.323145 0.0188648 0.514386
0.197387 0.349423 -0.00254916 0.498023
0.16263 0.34813 -0.0224698 0.4828
0.134864 0.320024 -0.029228 0.477635
0.130355 0.281568 -0.0188648 0.485555
0.151744 0.25529 0.00254916 0.501919
0.186501 0.256583 0.0224698 0.517141
0.104951 0.300092 0.159085 0.621538
0.131779 0.328699 0.167362 0.627863
0.135723 0.367448 0.157903 0.620635
0.114473 0.393642 0.13625 0.604088
0.0804772 0.391936 0.115085 0.587915
0.0536497 0.36333 0.106808 0.58159
0.0497056 0.32458 0.116266 0.588818
0.0709554 0.298386 0.13792 0.605365
0.104951 0.300092 0.159085 0.621538
0.011868 0.34112 0.296066 0.726215
0.0370003 0.370445 0.306789 0.734409
0.0404584 0.409412 0.29806 0.727738
0.0202165 0.435194 0.274993 0.710111
-0.011868 0.432689 0.2511 0.691853
-0.0370003 0.403364 0.240377 0.683659
-0.0404584 0.364398 0.249106 0.690329
-0.0202165 0.338615 0.272173 0.707957
0.011868 0.34112 0.296066 0.726215
-0.102557 0.379008 0.429308 0.828034
-0.0795577 0.40903 0.442583 0.838178
-0.076601 0.448177 0.434501 0.832002
-0.0954191 0.473517 0.409796 0.813123
-0.124989 0.470206 0.38294 0.792601
-0.147988 0.440184 0.369665 0.782457
-0.150945 0.401036 0.377747 0.788633
-0.132127 0.375696 0.402452 0.807511
-0.102557 0.379008 0.429308 0.828034
-0.172408 0.395418 0.491992 0.875935
-0.153087 0.426291 0.50873 0.888726
-0.151053 0.465681 0.501599 0.883276
-0.167499 0.490515 0.474777 0.86278
-0.192789 0.486244 0.443976 0.839243
-0.21211 0.455372 0.427238 0.826452
-0.214143 0.415982 0.434369 0.831901
-0.197698 0.391148 0.461191 0.852398
-0.172408 0.395418 0.491992 0.875935
-0.252272 0.408202 0.548106 0.918816
-0.235755 0.439524 0.566887 0.933167
-0.234523 0.479053 0.560367 0.928185
-0.249298 0.503633 0.532366 0.906788
-0.271425 0.498867 0.499287 0.881509
-0.287942 0.467545 0.480506 0.867158
-0.289173 0.428016 0.487026 0.87214
-0.274398 0.403435 0.515027 0.893537
-0.252272 0.408202 0.548106 0.918816
-0.297034 0.412591 0.572777 0.937668
-0.284247 0.444285 0.593717 0.95367
-0.28417 0.483942 0.587896 0.949222
-0.296848 0.508331 0.558724 0.926929
-0.314854 0.503165 0.523289 0.899851
-0.327641 0.47147 0.502349 0.883849
-0.327718 0.431813 0.50817 0.888297
-0.31504 0.407424 0.537342 0.91059
-0.297034 0.412591 0.572777 0.937668
-0.344802 0.415108 0.594071 0.95394
-0.335201 0.446954 0.616437 0.971032
-0.336183 0.486667 0.611104 0.966956
-0.347171 0.510985 0.581196 0.944102
-0.361729 0.505661 0.544232 0.915855
-0.37133 0.473815 0.521867 0.898764
-0.370349 0.434102 0.5272 0.90284
-0.35936 0.409784 0.557108 0.925694
-0.344802 0.415108 0.594071 0.95394
-0.395782 0.415306 0.611253 0.96707
-0.388894 0.447169 0.634573 0.984891
-0.390811 0.486893 0.629577 0.981073
-0.400408 0.511206 0.59919 0.957853
-0.412065 0.505867 0.561214 0.928832
-0.418952 0.474003 0.537894 0.911012
-0.417036 0.43428 0.54289 0.91483
-0.407439 0.409967 0.573277 0.93805
-0.395782 0.415306 0.611253 0.96707
-0.422673 0.414357 0.618052 0.972266
-0.418835 0.446125 0.642191 0.990712
-0.421838 0.485817 0.637494 0.987123
-0.429922 0.510183 0.606712 0.963601
-0.438352 0.50495 0.567878 0.933925
-0.44219 0.473182 0.543739 0.915479
-0.439187 0.43349 0.548437 0.919068
-0.431103 0.409124 0.579218 0.94259
-0.422673 0.414357 0.618052 0.972266
-0.450355 0.412609 0.623438 0.976382
-0.449973 0.444124 0.648201 0.995305
-0.454253 0.483727 0.643742 0.991897
-0.460687 0.508218 0.612672 0.968155
-0.465506 0.503252 0.573192 0.937986
-0.465888 0.471737 0.548429 0.919062
-0.461608 0.432134 0.552888 0.92247
-0.455174 0.407643 0.583958 0.946212
-0.450355 0.412609 0.623438 0.976382
-0.513679 0.42822 0.557542 0.926026
-0.508866 0.402453 0.587864 0.949198
-0.507738 0.405582 0.627808 0.979721
-0.510957 0.435773 0.653975 0.999717
-0.516636 0.475342 0.651036 0.997471
-0.52145 0.501109 0.620713 0.9743
-0.522577 0.49798 0.58077 0.943776
-0.519358 0.467789 0.554603 0.92378
-0.513679 0.42822 0.557542 0.926026
-0.566168 0.418425 0.556764 0.925431
-0.563649 0.392766 0.587453 0.948883
-0.567945 0.395612 0.627202 0.979258
-0.576537 0.425297 0.652727 0.998764
-0.584394 0.464432 0.649076 0.995973
-0.586912 0.490091 0.618387 0.972522
-0.582617 0.487245 0.578637 0.942147
-0.574024 0.457559 0.553112 0.922641
-0.566168 0.418425 0.556764 0.925431
-0.622951 0.404452 0.547548 0.918389
-0.62207 0.378403 0.577998 0.941658
-0.630356 0.380301 0.617169 0.971591
-0.642957 0.409034 0.642113 0.990652
-0.65249 0.44777 0.638219 0.987677
-0.653371 0.473819 0.607769 0.964408
-0.645085 0.471922 0.568598 0.934475
-0.632484 0.443189 0.543654 0.915413
-0.622951 0.404452 0.547548 0.918389
-0.64917 0.39636 0.540285 0.912839
-0.649859 0.369841 0.570332 0.9358
-0.662078 0.370565 0.608499 0.964966
-0.67867 0.398109 0.632428 0.983252
-0.689915 0.436337 0.628103 0.979946
-0.689227 0.462856 0.598056 0.956986
-0.677008 0.462132 0.559889 0.927819
-0.660416 0.434588 0.535959 0.909533
-0.64917 0.39636 0.540285 0.912839
-0.675473 0.385429 0.531904 0.906434
-0.67838 0.359332 0.562187 0.929575
-0.694878 0.360021 0.598709 0.957485
-0.715303 0.387092 0.620077 0.973813
-0.727689 0.424687 0.613773 0.968996
-0.724781 0.450784 0.58349 0.945855
-0.708283 0.450095 0.546967 0.917945
-0.687859 0.423024 0.525599 0.901617
-0.675473 0.385429 0.531904 0.906434
-0.734313 0.359536 0.503595 0.884802
-0.73902 0.333163 0.533409 0.907584
-0.759294 0.33279 0.567983 0.934005
-0.78326 0.358638 0.587065 0.948587
-0.796878 0.395564 0.579477 0.942788
-0.792172 0.421938 0.549663 0.920005
-0.771897 0.42231 0.515089 0.893585
-0.747931 0.396462 0.496007 0.879003
-0.734313 0.359536 0.503595 0.884802
-0.79086 0.327455 0.464608 0.855009
-0.797743 0.300573 0.493532 0.877111
-0.822411 0.298552 0.525059 0.901204
-0.850414 0.322575 0.540721 0.913172
-0.865348 0.358569 0.531344 0.906007
-0.858465 0.385451 0.502421 0.883904
-0.833797 0.387472 0.470893 0.859812
-0.805794 0.363449 0.455231 0.847843
-0.79086 0.327455 0.464608 0.855009
-0.84615 0.288096 0.411611 0.81451
-0.854094 0.260481 0.439555 0.835864
-0.881351 0.256671 0.468694 0.858132
-0.911955 0.278897 0.481959 0.868268
-0.927979 0.31414 0.471579 0.860336
-0.920035 0.341755 0.443634 0.838981
-0.892778 0.345565 0.414495 0.816714
-0.862174 0.323339 0.401231 0.806578
-0.84615 0.288096 0.411611 0.81451
-0.87047 0.266992 0.382204 0.792038
-0.879277 0.238649 0.409142 0.812624
-0.908713 0.233011 0.435756 0.832962
-0.941533 0.253379 0.446457 0.841138
-0.958513 0.287824 0.434975 0.832364
-0.949706 0.316167 0.408036 0.811779
-0.92027 0.321805 0.381422 0.791441
-0.88745 0.301437 0.370722 0.783264
-0.87047 0.266992 0.382204 0.792038
-0.891876 0.243872 0.353797 0.770331
-0.903419 0.215206 0.379322 0.789836
-0.936473 0.208039 0.400832 0.806273
-0.971675 0.226572 0.405726 0.810013
-0.988404 0.259947 0.391138 0.798866
-0.97686 0.288614 0.365613 0.77936
-0.943807 0.29578 0.344103 0.762923
-0.908605 0.277248 0.339209 0.759183
-0.891876 0.243872 0.353797 0.770331
-0.968914 0.128742 0.185673 0.641856
-0.980927 0.0993302 0.21011 0.66053
-1.01516 0.0903063 0.228909 0.674895
-1.05155 0.106957 0.231056 0.676536
-1.0688 0.139528 0.215295 0.664492
-1.05678 0.16894 0.190858 0.645818
-1.02255 0.177963 0.172059 0.631453
-0.986156 0.161313 0.169912 0.629812
-0.968914 0.128742 0.185673 0.641856
-0.988273 0.0679331 0.0949488 0.572527
-1.00079 0.0371317 0.117338 0.589636
-1.03635 0.0245148 0.130842 0.599956
-1.07414 0.0374731 0.127551 0.597441
-1.09201 0.0684159 0.109392 0.583565
-1.0795 0.0992173 0.0870032 0.566456
-1.04393 0.111834 0.073499 0.556136
-1.00614 0.0988759 0.0767902 0.558651
-0.988273 0.0679331 0.0949488 0.572527
-0.995114 0.00139394 0.00274515 0.502068
-1.01068 -0.0298082 0.0225071 0.51717
-1.04776 -0.0435491 0.0290847 0.522196
-1.08462 -0.0317796 0.0186249 0.514203
-1.09967 -0.00139394 -0.00274515 0.497873
-1.0841 0.0298082 -0.0225071 0.482771
-1.04703 0.0435491 -0.0290847 0.477745
-1.01017 0.0317796 -0.0186249 0.485738
-0.995114 0.00139394 0.00274515 0.502068
-0.967298 -0.129327 -0.192655 0.35275
-0.982661 -0.161495 -0.174331 0.366752
-1.01923 -0.177636 -0.171328 0.369047
-1.05557 -0.168294 -0.185404 0.358291
-1.07041 -0.138943 -0.208313 0.340784
-1.05505 -0.106774 -0.226637 0.326782
-1.01848 -0.0906335 -0.22964 0.324487
-0.982136 -0.0999752 -0.215564 0.335243
-0.967298 -0.129327 -0.192655 0.35275
-0.935869 -0.185831 -0.275964 0.289088
-0.950526 -0.219398 -0.259685 0.301528
-0.985295 -0.239201 -0.262038 0.29973
-1.01981 -0.233639 -0.281643 0.284748
-1.03385 -0.20597 -0.307018 0.265358
-1.01919 -0.172403 -0.323296 0.252918
-0.984425 -0.152601 -0.320944 0.254716
-0.949911 -0.158163 -0.301338 0.269698
-0.935869 -0.185831 -0.275964 0.289088
-0.893938 -0.238312 -0.351898 0.231062
-0.90789 -0.272744 -0.336852 0.242559
-0.940733 -0.294971 -0.34267 0.238114
-0.973229 -0.291974 -0.365942 0.220329
-0.986341 -0.265507 -0.393037 0.199624
-0.97239 -0.231075 -0.408083 0.188127
-0.939547 -0.208848 -0.402265 0.192572
-0.907051 -0.211846 -0.378993 0.210356
-0.893938 -0.238312 -0.351898 0.231062
-0.844622 -0.283988 -0.416142 0.181968
-0.857678 -0.319232 -0.402214 0.192612
-0.887947 -0.343865 -0.411354 0.185627
-0.9177 -0.343457 -0.438209 0.165105
-0.929507 -0.318247 -0.467047 0.143068
-0.916451 -0.283003 -0.480976 0.132425
-0.886182 -0.258371 -0.471835 0.139409
-0.856429 -0.258779 -0.44498 0.159931
-0.844622 -0.283988 -0.416142 0.181968
-0.790452 -0.322419 -0.467963 0.142368
-0.802434 -0.358406 -0.455004 0.152271
-0.829453 -0.385375 -0.467217 0.142938
-0.855682 -0.387529 -0.497449 0.119836
-0.865756 -0.363605 -0.52799 0.096498
-0.853775 -0.327618 -0.540949 0.086595
-0.826755 -0.300649 -0.528735 0.0959282
-0.800526 -0.298495 -0.498503 0.11903
-0.790452 -0.322419 -0.467963 0.142368
-0.732276 -0.354446 -0.508392 0.111474
-0.743342 -0.390943 -0.496061 0.120897
-0.767444 -0.419595 -0.510369 0.109963
-0.790464 -0.423618 -0.542934 0.0850781
-0.798916 -0.400654 -0.57468 0.0608187
-0.78785 -0.364157 -0.587011 0.0513957
-0.763748 -0.335505 -0.572703 0.0623292
-0.740728 -0.331483 -0.540138 0.0872143
-0.732276 -0.354446 -0.508392 0.111474
-0.705201 -0.366709 -0.522815 0.100452
-0.715294 -0.403654 -0.51099 0.109488
-0.736148 -0.43386 -0.527092 0.0971835
-0.755546 -0.439634 -0.561689 0.0707458
-0.762126 -0.417593 -0.594514 0.0456619
-0.752033 -0.380649 -0.606339 0.0366258
-0.731179 -0.350443 -0.590237 0.0489306
-0.711781 -0.344669 -0.55564 0.0753684
-0.705201 -0.366709 -0.522815 0.100452
-0.679084 -0.384332 -0.530331 0.094709
-0.690509 -0.422329 -0.524654 0.0990467
-0.70842 -0.450209 -0.547203 0.0818154
-0.722324 -0.45164 -0.584769 0.0531089
-0.724078 -0.425784 -0.615346 0.0297432
-0.712652 -0.387786 -0.621022 0.0254055
-0.694742 -0.359906 -0.598473 0.0426368
-0.680837 -0.358475 -0.560907 0.0713433
-0.679084 -0.384332 -0.530331 0.094709
-0.620829 -0.404251 -0.548393 0.0809063
-0.630814 -0.442788 -0.543723 0.0844751
-0.644845 -0.471555 -0.56785 0.0660377
-0.654702 -0.473702 -0.606642 0.0363945
-0.654612 -0.447971 -0.637374 0.01291
-0.644627 -0.409435 -0.642044 0.00934114
-0.630596 -0.380667 -0.617917 0.0277785
-0.620739 -0.37852 -0.579125 0.0574218
-0.620829 -0.404251 -0.548393 0.0809063
-0.566168 -0.418425 -0.556764 0.0745096
-0.574024 -0.457559 -0.553112 0.0772999
-0.582617 -0.487245 -0.578637 0.0577945
-0.586912 -0.490091 -0.618387 0.0274194
-0.584394 -0.464432 -0.649076 0.00396776
-0.576537 -0.425297 -0.652727 0.00117735
-0.567945 -0.395612 -0.627202 0.0206828
-0.563649 -0.392766 -0.587453 0.051058
-0.566168 -0.418425 -0.556764 0.0745096
-0.51181 -0.427724 -0.557893 0.0736471
-0.517995 -0.467163 -0.55431 0.0763849
-0.522518 -0.497592 -0.580004 0.05675
-0.52273 -0.501185 -0.619924 0.0262444
-0.518506 -0.475838 -0.650685 0.00273783
-0.51232 -0.436399 -0.654268 0
-0.507797 -0.40597 -0.628574 0.0196348
-0.507585 -0.402377 -0.588654 0.0501404
-0.51181 -0.427724 -0.557893 0.0736471
-0.488304 -0.43055 -0.556057 0.0750497
-0.492947 -0.470192 -0.552383 0.0778572
-0.493613 -0.501131 -0.577856 0.0583916
-0.48991 -0.505244 -0.617554 0.0280555
-0.484009 -0.480121 -0.648223 0.00461948
-0.479366 -0.440479 -0.651897 0.00181199
-0.478701 -0.409539 -0.626424 0.0212777
-0.482403 -0.405427 -0.586726 0.0516137
-0.488304 -0.43055 -0.556057 0.0750497
-0.465089 -0.432708 -0.552981 0.0774002
-0.468378 -0.472466 -0.5491 0.0803662
-0.465548 -0.503709 -0.574048 0.0613015
-0.458255 -0.508136 -0.613212 0.031374
-0.450772 -0.483153 -0.643649 0.00811475
-0.447483 -0.443395 -0.64753 0.00514878
-0.450313 -0.412152 -0.622582 0.0242135
-0.457606 -0.407725 -0.583418 0.054141
-0.465089 -0.432708 -0.552981 0.0774002
-0.415657 -0.435155 -0.541983 0.085805
-0.417752 -0.474965 -0.537812 0.0889917
-0.411747 -0.506351 -0.562007 0.0705031
-0.401159 -0.51093 -0.600393 0.0411697
-0.39219 -0.486018 -0.630485 0.0181745
-0.390094 -0.446208 -0.634655 0.0149879
-0.3961 -0.414821 -0.61046 0.0334764
-0.406688 -0.410243 -0.572074 0.0628098
-0.415657 -0.435155 -0.541983 0.085805
-0.370503 -0.434946 -0.526745 0.0974493
-0.371214 -0.474752 -0.522098 0.101
-0.361411 -0.506141 -0.545015 0.0834875
-0.346837 -0.510727 -0.582071 0.0551707
-0.336028 -0.485823 -0.611559 0.032637
-0.335317 -0.446017 -0.616205 0.0290864
-0.34512 -0.414628 -0.593288 0.0465988
-0.359694 -0.410042 -0.556233 0.0749156
-0.370503 -0.434946 -0.526745 0.0974493
-0.327881 -0.432662 -0.507715 0.111991
-0.327468 -0.472408 -0.502556 0.115934
-0.314447 -0.503643 -0.524036 0.0995189
-0.296445 -0.508069 -0.559574 0.0723623
-0.284007 -0.483093 -0.588351 0.0503719
-0.28442 -0.443347 -0.59351 0.0464293
-0.297442 -0.412112 -0.57203 0.0628439
-0.315443 -0.407686 -0.536492 0.0900005
-0.327881 -0.432662 -0.507715 0.111991
-0.292939 -0.434657 -0.486019 0.12857
-0.288011 -0.474348 -0.483387 0.130582
-0.267758 -0.501846 -0.504367 0.114549
-0.244042 -0.501044 -0.536671 0.0898642
-0.230757 -0.472412 -0.561374 0.0709869
-0.235685 -0.432721 -0.564006 0.0689753
-0.255939 -0.405222 -0.543026 0.085008
-0.279654 -0.406025 -0.510722 0.109693
-0.292939 -0.434657 -0.486019 0.12857
-0.150289 -0.40865 -0.372146 0.215589
-0.142911 -0.447951 -0.3694 0.217687
-0.118464 -0.473578 -0.388167 0.203346
-0.0912693 -0.470518 -0.417453 0.180966
-0.0772571 -0.440564 -0.440102 0.163659
-0.0846353 -0.401263 -0.442848 0.161561
-0.109082 -0.375636 -0.424081 0.175902
-0.136277 -0.378696 -0.394795 0.198281
-0.150289 -0.40865 -0.372146 0.215589
-0.0418982 -0.372623 -0.245598 0.312292
-0.0329635 -0.411439 -0.241117 0.315717
-0.00471927 -0.435883 -0.255653 0.304608
0.0262895 -0.431636 -0.280693 0.285474
0.0418982 -0.401187 -0.301568 0.269522
0.0329635 -0.362371 -0.30605 0.266097
0.00471927 -0.337927 -0.291513 0.277206
-0.0262895 -0.342174 -0.266473 0.29634
-0.0418982 -0.372623 -0.245598 0.312292
0.0482372 -0.332846 -0.112775 0.413792
0.058002 -0.371307 -0.10712 0.418113
0.0881008 -0.394952 -0.119018 0.409021
0.120902 -0.389929 -0.141499 0.391841
0.137191 -0.359182 -0.161395 0.376638
0.127426 -0.320721 -0.16705 0.372316
0.0973277 -0.297077 -0.155152 0.381408
0.0645264 -0.302099 -0.132671 0.398588
0.0482372 -0.332846 -0.112775 0.413792
0.128957 -0.289806 0.0224698 0.517141
0.139415 -0.327905 0.029228 0.522306
0.170464 -0.351038 0.0188648 0.514386
0.203915 -0.345654 -0.00254916 0.498023
0.220174 -0.314907 -0.0224698 0.4828
0.209716 -0.276808 -0.029228 0.477635
0.178667 -0.253675 -0.0188648 0.485555
0.145216 -0.259059 0.00254916 0.501919
0.128957 -0.289806 0.0224698 0.517141
0.207412 -0.240936 0.159085 0.621538
0.218772 -0.278473 0.167362 0.627863
0.250358 -0.301264 0.157903 0.620635
0.283668 -0.295958 0.13625 0.604088
0.299188 -0.265664 0.115085 0.587915
0.287828 -0.228127 0.106808 0.58159
0.256242 -0.205336 0.116266 0.588818
0.222932 -0.210642 0.13792 0.605365
0.207412 -0.240936 0.159085 0.621538
0.289485 -0.180838 0.296066 0.726215
0.302315 -0.217266 0.306789 0.734409
0.334332 -0.239744 0.29806 0.727738
0.366781 -0.235105 0.274993 0.710111
0.380654 -0.206067 0.2511 0.691853
0.367824 -0.169639 0.240377 0.683659
0.335807 -0.147161 0.249106 0.690329
0.303358 -0.1518 0.272173 0.707957
0.289485 -0.180838 0.296066 0.726215
0.429046 -0.0741707 0.372146 0.784352
0.396099 -0.0713288 0.394795 0.80166
0.379852 -0.0933502 0.424081 0.824039
0.389821 -0.127335 0.442848 0.83838
0.420168 -0.153375 0.440102 0.836282
0.453115 -0.156217 0.417453 0.818975
0.469362 -0.134196 0.388167 0.796595
0.459392 -0.100211 0.3694 0.782254
0.429046 -0.0741707 0.372146 0.784352
0.525569 0.0368124 0.486495 0.871735
0.493374 0.0404715 0.510089 0.889764
0.478941 0.0204229 0.541653 0.913884
0.490725 -0.0115892 0.562699 0.929967
0.521824 -0.0368124 0.560897 0.92859
0.554019 -0.0404715 0.537304 0.910561
0.568452 -0.0204229 0.50574 0.886441
0.556667 0.0115892 0.484694 0.870358
0.525569 0.0368124 0.486495 0.871735
1
0 0
133
0 0
9
0
1
2
3
4
5
6
7
8
0 0
9
9
10
11
12
13
14
15
16
17
0 0
9
18
19
20
21
22
23
24
25
26
0 0
9
27
28
29
30
31
32
33
34
35
0 0
9
36
37
38
39
40
41
42
43
44
0 0
9
45
46
47
48
49
50
51
52
53
0 0
9
54
55
56
57
58
59
60
61
62
0 0
9
63
64
65
66
67
68
69
70
71
0 0
9
72
73
74
75
76
77
78
79
80
0 0
9
81
82
83
84
85
86
87
88
89
0 0
9
90
91
92
93
94
95
96
97
98
0 0
9
99
100
101
102
103
104
105
106
107
0 0
9
108
109
110
111
112
113
114
115
116
0 0
9
117
118
119
120
121
122
123
124
125
0 0
9
126
127
128
129
130
131
132
133
134
0 0
9
135
136
137
138
139
140
141
142
143
0 0
9
144
145
146
147
148
149
150
151
152
0 0
9
153
154
155
156
157
158
159
160
161
0 0
9
162
163
164
165
166
167
168
169
170
0 0
9
171
172
173
174
175
176
177
178
179
0 0
9
180
181
182
183
184
185
186
187
188
0 0
9
189
190
191
192
193
194
195
196
197
0 0
9
198
199
200
201
202
203
204
205
206
0 0
9
207
208
209
210
211
212
213
214
215
0 0
9
216
217
218
219
220
221
222
223
224
0 0
9
225
226
227
228
229
230
231
232
233
0 0
9
234
235
236
237
238
239
240
241
242
0 0
9
243
244
245
246
247
248
249
250
251
0 0
9
252
253
254
255
256
257
258
259
260
0 0
9
261
262
263
264
265
266
267
268
269
0 0
9
270
271
272
273
274
275
276
277
278
0 0
9
279
280
281
282
283
284
285
286
287
0 0
9
288
289
290
291
292
293
294
295
296
0 0
9
297
298
299
300
301
302
303
304
305
0 0
9
306
307
308
309
310
311
312
313
314
0 0
9
315
316
317
318
319
320
321
322
323
0 0
9
324
325
326
327
328
329
330
331
332
0 0
9
333
334
335
336
337
338
339
340
341
0 0
9
342
343
344
345
346
347
348
349
350
0 0
9
351
352
353
354
355
356
357
358
359
0 0
9
360
361
362
363
364
365
366
367
368
0 0
9
369
370
371
372
373
374
375
376
377
0 0
9
378
379
380
381
382
383
384
385
386
0 0
9
387
388
389
390
391
392
393
394
395
0 0
9
396
397
398
399
400
401
402
403
404
0 0
9
405
406
407
408
409
410
411
412
413
0 0
9
414
415
416
417
418
419
420
421
422
0 0
9
423
424
425
426
427
428
429
430
431
0 0
9
432
433
434
435
436
437
438
439
440
0 0
9
441
442
443
444
445
446
447
448
449
0 0
9
450
451
452
453
454
455
456
457
458
0 0
9
459
460
461
462
463
464
465
466
467
0 0
9
468
469
470
471
472
473
474
475
476
0 0
9
477
478
479
480
481
482
483
484
485
0 0
9
486
487
488
489
490
491
492
493
494
0 0
9
495
496
497
498
499
500
501
502
503
0 0
9
504
505
506
507
508
509
510
511
512
0 0
9
513
514
515
516
517
518
519
520
521
0 0
9
522
523
524
525
526
527
528
529
530
0 0
9
531
532
533
534
535
536
537
538
539
0 0
9
540
541
542
543
544
545
546
547
548
0 0
9
549
550
551
552
553
554
555
556
557
0 0
9
558
559
560
561
562
563
564
565
566
0 0
9
567
568
569
570
571
572
573
574
575
0 0
9
576
577
578
579
580
581
582
583
584
0 0
9
585
586
587
588
589
590
591
592
593
0 0
9
594
595
596
597
598
599
600
601
602
0 0
9
603
604
605
606
607
608
609
610
611
0 0
9
612
613
614
615
616
617
618
619
620
0 0
9
621
622
623
624
625
626
627
628
629
0 0
9
630
631
632
633
634
635
636
637
638
0 0
9
639
640
641
642
643
644
645
646
647
0 0
9
648
649
650
651
652
653
654
655
656
0 0
9
657
658
659
660
661
662
663
664
665
0 0
9
666
667
668
669
670
671
672
673
674
0 0
9
675
676
677
678
679
680
681
682
683
0 0
9
684
685
686
687
688
689
690
691
692
0 0
9
693
694
695
696
697
698
699
700
701
0 0
9
702
703
704
705
706
707
708
709
710
0 0
9
711
712
713
714
715
716
717
718
719
0 0
9
720
721
722
723
724
725
726
727
728
0 0
9
729
730
731
732
733
734
735
736
737
0 0
9
738
739
740
741
742
743
744
745
746
0 0
9
747
748
749
750
751
752
753
754
755
0 0
9
756
757
758
759
760
761
762
763
764
0 0
9
765
766
767
768
769
770
771
772
773
0 0
9
774
775
776
777
778
779
780
781
782
0 0
9
783
784
785
786
787
788
789
790
791
0 0
9
792
793
794
795
796
797
798
799
800
0 0
9
801
802
803
804
805
806
807
808
809
0 0
9
810
811
812
813
814
815
816
817
818
0 0
9
819
820
821
822
823
824
825
826
827
0 0
9
828
829
830
831
832
833
834
835
836
0 0
9
837
838
839
840
841
842
843
844
845
0 0
9
846
847
848
849
850
851
852
853
854
0 0
9
855
856
857
858
859
860
861
862
863
0 0
9
864
865
866
867
868
869
870
871
872
0 0
9
873
874
875
876
877
878
879
880
881
0 0
9
882
883
884
885
886
887
888
889
890
0 0
9
891
892
893
894
895
896
897
898
899
0 0
9
900
901
902
903
904
905
906
907
908
0 0
9
909
910
911
912
913
914
915
916
917
0 0
9
918
919
920
921
922
923
924
925
926
0 0
9
927
928
929
930
931
932
933
934
935
0 0
9
936
937
938
939
940
941
942
943
944
0 0
9
945
946
947
948
949
950
951
952
953
0 0
9
954
955
956
957
958
959
960
961
962
0 0
9
963
964
965
966
967
968
969
970
971
0 0
9
972
973
974
975
976
977
978
979
980
0 0
9
981
982
983
984
985
986
987
988
989
0 0
9
990
991
992
993
994
995
996
997
998
0 0
9
999
1000
1001
1002
1003
1004
1005
1006
1007
0 0
9
1008
1009
1010
1011
1012
1013
1014
1015
1016
0 0
9
1017
1018
1019
1020
1021
1022
1023
1024
1025
0 0
9
1026
1027
1028
1029
1030
1031
1032
1033
1034
0 0
9
1035
1036
1037
1038
1039
1040
1041
1042
1043
0 0
9
1044
1045
1046
1047
1048
1049
1050
1051
1052
0 0
9
1053
1054
1055
1056
1057
1058
1059
1060
1061
0 0
9
1062
1063
1064
1065
1066
1067
1068
1069
1070
0 0
9
1071
1072
1073
1074
1075
1076
1077
1078
1079
0 0
9
1080
1081
1082
1083
1084
1085
1086
1087
1088
0 0
9
1089
1090
1091
1092
1093
1094
1095
1096
1097
0 0
9
1098
1099
1100
1101
1102
1103
1104
1105
1106
0 0
9
1107
1108
1109
1110
1111
1112
1113
1114
1115
0 0
9
1116
1117
1118
1119
1120
1121
1122
1123
1124
0 0
9
1125
1126
1127
1128
1129
1130
1131
1132
1133
0 0
9
1134
1135
1136
1137
1138
1139
1140
1141
1142
0 0
9
1143
1144
1145
1146
1147
1148
1149
1150
1151
0 0
9
1152
1153
1154
1155
1156
1157
1158
1159
1160
0 0
9
1161
1162
1163
1164
1165
1166
1167
1168
1169
0 0
9
1170
1171
1172
1173
1174
1175
1176
1177
1178
0 0
9
1179
1180
1181
1182
1183
1184
1185
1186
1187
0 0
9
1188
1189
1190
1191
1192
1193
1194
1195
1196
