#8
6x13
9 1 1 1 1 2 1 2 1 2 0 0 0 
2 2 2 0 0 0 0 0 0 0 0 0 0 
10 1 1 1 2 1 2 2 2 2 2 0 0 
12 1 1 1 1 1 2 1 2 2 2 2 2 
12 1 1 1 1 2 1 1 2 2 2 2 2 
1 72 0 0 0 0 0 0 0 0 0 0 0
6x13
3 1 1 1 0 0 0 0 0 0 0 0 0 
2 2 2 0 0 0 0 0 0 0 0 0 0 
10 1 1 1 2 1 2 2 2 2 2 0 0 
12 1 1 1 1 1 2 1 2 2 2 2 2 
12 1 1 1 1 2 1 1 2 2 2 2 2 
1 72 0 0 0 0 0 0 0 0 0 0 0
6x13
6 1 2 1 2 1 2 0 0 0 0 0 0 
2 2 2 0 0 0 0 0 0 0 0 0 0 
10 1 1 1 2 1 2 2 2 2 2 0 0 
12 1 1 1 1 1 2 1 2 2 2 2 2 
12 1 1 1 1 2 1 1 2 2 2 2 2 
1 72 0 0 0 0 0 0 0 0 0 0 0
6x13
9 1 1 1 1 2 1 2 1 2 0 0 0 
3 1 1 1 0 0 0 0 0 0 0 0 0 
2 2 2 0 0 0 0 0 0 0 0 0 0 
12 1 1 1 1 1 2 1 2 2 2 2 2 
12 1 1 1 1 2 1 1 2 2 2 2 2 
1 48 0 0 0 0 0 0 0 0 0 0 0
6x13
9 1 1 1 1 2 1 2 1 2 0 0 0 
3 1 1 1 0 0 0 0 0 0 0 0 0 
10 1 1 1 2 1 2 2 2 2 2 0 0 
12 1 1 1 1 1 2 1 2 2 2 2 2 
12 1 1 1 1 2 1 1 2 2 2 2 2 
1 48 0 0 0 0 0 0 0 0 0 0 0
6x13
9 1 1 1 1 2 1 2 1 2 0 0 0 
3 1 1 1 0 0 0 0 0 0 0 0 0 
4 2 1 1 2 0 0 0 0 0 0 0 0 
12 1 1 1 1 1 2 1 2 2 2 2 2 
12 1 1 1 1 2 1 1 2 2 2 2 2 
1 48 0 0 0 0 0 0 0 0 0 0 0
6x13
9 1 1 1 1 2 1 2 1 2 0 0 0 
3 1 1 1 0 0 0 0 0 0 0 0 0 
6 1 1 1 2 1 2 0 0 0 0 0 0 
12 1 1 1 1 1 2 1 2 2 2 2 2 
12 1 1 1 1 2 1 1 2 2 2 2 2 
1 48 0 0 0 0 0 0 0 0 0 0 0
5x11
9 1 1 1 1 2 1 2 1 2 0 
3 1 1 1 0 0 0 0 0 0 0 
2 2 2 0 0 0 0 0 0 0 0 
10 1 1 1 2 1 2 2 2 2 2 
4 36 0 0 0 0 0 0 0 0 0
