#8
5x9
3 3 3 3 0 0 0 0 0 
1 1 0 0 0 0 0 0 0 
4 3 3 3 3 0 0 0 0 
8 2 3 2 3 3 3 3 3 
1 24 0 0 0 0 0 0 0
5x9
3 3 3 3 0 0 0 0 0 
7 3 2 3 3 3 3 3 0 
4 3 3 3 3 0 0 0 0 
8 2 3 2 3 3 3 3 3 
1 24 0 0 0 0 0 0 0
5x9
3 3 3 3 0 0 0 0 0 
8 1 3 2 3 3 3 3 3 
4 3 3 3 3 0 0 0 0 
8 2 3 2 3 3 3 3 3 
1 24 0 0 0 0 0 0 0
5x9
1 1 0 0 0 0 0 0 0 
7 3 2 3 3 3 3 3 0 
4 3 3 3 3 0 0 0 0 
8 2 3 2 3 3 3 3 3 
1 24 0 0 0 0 0 0 0
5x9
4 2 3 3 3 0 0 0 0 
1 1 0 0 0 0 0 0 0 
4 3 3 3 3 0 0 0 0 
8 2 3 2 3 3 3 3 3 
1 24 0 0 0 0 0 0 0
5x9
4 1 3 3 3 0 0 0 0 
7 3 2 3 3 3 3 3 0 
4 3 3 3 3 0 0 0 0 
8 2 3 2 3 3 3 3 3 
1 24 0 0 0 0 0 0 0
5x9
4 2 3 3 3 0 0 0 0 
8 1 3 2 3 3 3 3 3 
4 3 3 3 3 0 0 0 0 
8 2 3 2 3 3 3 3 3 
1 24 0 0 0 0 0 0 0
5x9
3 3 3 3 0 0 0 0 0 
1 1 0 0 0 0 0 0 0 
7 3 2 3 3 3 3 3 0 
8 2 3 2 3 3 3 3 3 
1 16 0 0 0 0 0 0 0
#8 1 1 0
0 1 group.83 1 1 0
1 1 group.93 1 1 0
2 1 group.92 2 1 0
3 1 group.83 1 2 0
4 1 group.91 1 1 0
5 1 group.92 1 1 0
6 1 group.94 1 1 0
7 1 group.34 1 1 0
#8 1 1 1
0 1 group.83 1 1 3
1 1 group.93 1 1 0
2 1 group.92 2 1 0
3 1 group.83 1 2 1
4 1 group.91 1 1 1
5 1 group.92 1 1 1
6 1 group.94 1 1 1
7 1 group.34 1 1 8
#8 1 1 2
0 1 group.83 1 1 12
1 1 group.93 1 1 1
2 1 group.92 2 1 1
3 1 group.83 1 2 0
4 1 group.91 1 1 0
5 1 group.92 1 1 1
6 1 group.94 1 1 1
7 1 group.34 1 1 4
#8 1 1 3
0 1 group.83 1 1 15
1 1 group.93 1 1 1
2 1 group.92 2 1 1
3 1 group.83 1 2 1
4 1 group.91 1 1 1
5 1 group.92 1 1 0
6 1 group.94 1 1 0
7 1 group.34 1 1 12
