#5
6x9
7 1 2 1 1 2 1 2 0 
6 1 1 1 1 1 1 0 0 
8 1 1 1 1 1 1 1 1 
6 1 1 2 1 1 2 0 0 
4 1 2 1 2 0 0 0 0 
1 48 0 0 0 0 0 0 0
6x9
3 1 1 1 0 0 0 0 0 
6 1 1 1 1 1 1 0 0 
8 1 1 1 1 1 1 1 1 
6 1 1 2 1 1 2 0 0 
4 1 2 1 2 0 0 0 0 
1 48 0 0 0 0 0 0 0
6x17
16 1 1 1 1 1 1 1 1 1 1 2 1 1 2 1 2 
6 1 1 1 1 1 1 0 0 0 0 0 0 0 0 0 0 
8 1 1 1 1 1 1 1 1 0 0 0 0 0 0 0 0 
6 1 1 2 1 1 2 0 0 0 0 0 0 0 0 0 0 
4 1 2 1 2 0 0 0 0 0 0 0 0 0 0 0 0 
1 48 0 0 0 0 0 0 0 0 0 0 0 0 0 0 0
6x8
7 1 2 1 1 2 1 2 
3 1 1 1 0 0 0 0 
6 1 1 1 1 1 1 0 
6 1 1 2 1 1 2 0 
4 1 2 1 2 0 0 0 
3 32 0 0 0 0 0 0
5x9
7 1 2 1 1 2 1 2 0 
3 1 1 1 0 0 0 0 0 
6 1 1 1 1 1 1 0 0 
8 1 1 1 1 1 1 1 1 
4 24 0 0 0 0 0 0 0
