#8
5x8
7 2 2 3 1 3 1 3 
1 2 0 0 0 0 0 0 
2 2 2 0 0 0 0 0 
4 1 3 1 3 0 0 0 
1 24 0 0 0 0 0 0
5x8
7 2 2 3 1 3 1 3 
1 1 0 0 0 0 0 0 
2 2 2 0 0 0 0 0 
4 1 3 1 3 0 0 0 
1 24 0 0 0 0 0 0
5x8
7 2 2 3 1 3 1 3 
2 2 1 0 0 0 0 0 
2 2 2 0 0 0 0 0 
4 1 3 1 3 0 0 0 
1 24 0 0 0 0 0 0
5x5
1 2 0 0 0 
1 1 0 0 0 
2 2 2 0 0 
4 1 3 1 3 
1 24 0 0 0
5x9
8 1 2 2 3 1 3 1 3 
1 2 0 0 0 0 0 0 0 
2 2 2 0 0 0 0 0 0 
4 1 3 1 3 0 0 0 0 
1 24 0 0 0 0 0 0 0
5x9
8 1 2 1 3 1 3 1 3 
1 1 0 0 0 0 0 0 0 
2 2 2 0 0 0 0 0 0 
4 1 3 1 3 0 0 0 0 
1 24 0 0 0 0 0 0 0
5x9
8 1 2 2 3 1 3 1 3 
2 2 1 0 0 0 0 0 0 
2 2 2 0 0 0 0 0 0 
4 1 3 1 3 0 0 0 0 
1 24 0 0 0 0 0 0 0
5x8
7 2 2 3 1 3 1 3 
1 2 0 0 0 0 0 0 
1 1 0 0 0 0 0 0 
2 2 2 0 0 0 0 0 
3 16 0 0 0 0 0 0
