#16
6x7
3 4 4 4 0 0 0 
3 1 4 4 0 0 0 
6 1 2 3 4 3 4 
6 1 3 4 1 3 4 
2 4 4 0 0 0 0 
1 48 0 0 0 0 0
6x7
3 4 4 4 0 0 0 
3 1 4 4 0 0 0 
1 3 0 0 0 0 0 
6 1 3 4 1 3 4 
2 4 4 0 0 0 0 
1 48 0 0 0 0 0
6x7
3 4 4 4 0 0 0 
3 1 4 4 0 0 0 
5 1 2 4 3 4 0 
6 1 3 4 1 3 4 
2 4 4 0 0 0 0 
1 48 0 0 0 0 0
6x7
3 4 4 4 0 0 0 
6 1 2 3 4 3 4 
1 3 0 0 0 0 0 
6 1 3 4 1 3 4 
2 4 4 0 0 0 0 
1 48 0 0 0 0 0
6x7
3 4 4 4 0 0 0 
4 1 3 4 4 0 0 
6 1 2 3 4 3 4 
6 1 3 4 1 3 4 
2 4 4 0 0 0 0 
1 48 0 0 0 0 0
6x8
3 4 4 4 0 0 0 0 
7 1 2 3 4 1 3 4 
1 3 0 0 0 0 0 0 
6 1 3 4 1 3 4 0 
2 4 4 0 0 0 0 0 
1 48 0 0 0 0 0 0
6x7
3 4 4 4 0 0 0 
4 1 3 4 4 0 0 
5 1 2 4 3 4 0 
6 1 3 4 1 3 4 
2 4 4 0 0 0 0 
1 48 0 0 0 0 0
6x7
3 1 4 4 0 0 0 
6 1 2 3 4 3 4 
1 3 0 0 0 0 0 
6 1 3 4 1 3 4 
2 4 4 0 0 0 0 
1 48 0 0 0 0 0
6x7
4 4 3 4 4 0 0 
3 1 4 4 0 0 0 
6 1 2 3 4 3 4 
6 1 3 4 1 3 4 
2 4 4 0 0 0 0 
1 48 0 0 0 0 0
6x7
5 2 3 4 1 3 0 
3 1 4 4 0 0 0 
1 3 0 0 0 0 0 
6 1 3 4 1 3 4 
2 4 4 0 0 0 0 
1 48 0 0 0 0 0
6x7
4 4 3 4 4 0 0 
3 1 4 4 0 0 0 
5 1 2 4 3 4 0 
6 1 3 4 1 3 4 
2 4 4 0 0 0 0 
1 48 0 0 0 0 0
6x7
2 4 1 0 0 0 0 
6 1 2 3 4 3 4 
1 3 0 0 0 0 0 
6 1 3 4 1 3 4 
2 4 4 0 0 0 0 
1 48 0 0 0 0 0
6x7
4 4 3 4 4 0 0 
4 1 3 4 4 0 0 
6 1 2 3 4 3 4 
6 1 3 4 1 3 4 
2 4 4 0 0 0 0 
1 48 0 0 0 0 0
6x8
5 2 3 4 1 3 0 0 
7 1 2 3 4 1 3 4 
1 3 0 0 0 0 0 0 
6 1 3 4 1 3 4 0 
2 4 4 0 0 0 0 0 
1 48 0 0 0 0 0 0
6x7
4 4 3 4 4 0 0 
4 1 3 4 4 0 0 
5 1 2 4 3 4 0 
6 1 3 4 1 3 4 
2 4 4 0 0 0 0 
1 48 0 0 0 0 0
6x7
3 4 4 4 0 0 0 
3 1 4 4 0 0 0 
6 1 2 3 4 3 4 
1 3 0 0 0 0 0 
6 1 3 4 1 3 4 
3 32 0 0 0 0 0
