#16
6x7
5 1 3 4 4 4 0 
2 3 1 0 0 0 0 
1 1 0 0 0 0 0 
4 1 3 1 3 0 0 
6 1 3 1 3 4 4 
1 48 0 0 0 0 0
6x7
5 1 3 4 4 4 0 
2 3 1 0 0 0 0 
1 2 0 0 0 0 0 
4 1 3 1 3 0 0 
6 1 3 1 3 4 4 
1 48 0 0 0 0 0
6x7
5 1 3 4 4 4 0 
2 3 1 0 0 0 0 
2 1 2 0 0 0 0 
4 1 3 1 3 0 0 
6 1 3 1 3 4 4 
1 48 0 0 0 0 0
6x7
5 1 3 4 4 4 0 
1 1 0 0 0 0 0 
1 2 0 0 0 0 0 
4 1 3 1 3 0 0 
6 1 3 1 3 4 4 
1 48 0 0 0 0 0
6x7
5 1 3 4 4 4 0 
3 2 3 1 0 0 0 
1 1 0 0 0 0 0 
4 1 3 1 3 0 0 
6 1 3 1 3 4 4 
1 48 0 0 0 0 0
6x7
5 1 3 4 4 4 0 
1 3 0 0 0 0 0 
1 2 0 0 0 0 0 
4 1 3 1 3 0 0 
6 1 3 1 3 4 4 
1 48 0 0 0 0 0
6x7
5 1 3 4 4 4 0 
3 2 3 1 0 0 0 
2 1 2 0 0 0 0 
4 1 3 1 3 0 0 
6 1 3 1 3 4 4 
1 48 0 0 0 0 0
6x7
2 3 1 0 0 0 0 
1 1 0 0 0 0 0 
1 2 0 0 0 0 0 
4 1 3 1 3 0 0 
6 1 3 1 3 4 4 
1 48 0 0 0 0 0
6x7
6 1 2 3 4 4 4 
2 3 1 0 0 0 0 
1 1 0 0 0 0 0 
4 1 3 1 3 0 0 
6 1 3 1 3 4 4 
1 48 0 0 0 0 0
6x7
4 3 4 4 4 0 0 
2 3 1 0 0 0 0 
1 2 0 0 0 0 0 
4 1 3 1 3 0 0 
6 1 3 1 3 4 4 
1 48 0 0 0 0 0
6x7
6 1 2 3 4 4 4 
2 3 1 0 0 0 0 
2 1 2 0 0 0 0 
4 1 3 1 3 0 0 
6 1 3 1 3 4 4 
1 48 0 0 0 0 0
6x7
3 4 4 4 0 0 0 
1 1 0 0 0 0 0 
1 2 0 0 0 0 0 
4 1 3 1 3 0 0 
6 1 3 1 3 4 4 
1 48 0 0 0 0 0
6x7
6 1 2 3 4 4 4 
3 2 3 1 0 0 0 
1 1 0 0 0 0 0 
4 1 3 1 3 0 0 
6 1 3 1 3 4 4 
1 48 0 0 0 0 0
6x7
4 3 4 4 4 0 0 
1 3 0 0 0 0 0 
1 2 0 0 0 0 0 
4 1 3 1 3 0 0 
6 1 3 1 3 4 4 
1 48 0 0 0 0 0
6x7
6 1 2 3 4 4 4 
3 2 3 1 0 0 0 
2 1 2 0 0 0 0 
4 1 3 1 3 0 0 
6 1 3 1 3 4 4 
1 48 0 0 0 0 0
6x6
5 1 3 4 4 4 
2 3 1 0 0 0 
1 1 0 0 0 0 
1 2 0 0 0 0 
4 1 3 1 3 0 
3 32 0 0 0 0
