#3
3x5
1 2 0 0 0 
4 1 2 1 2 
1 4 0 0 0
3x5
1 1 0 0 0 
4 1 2 1 2 
1 4 0 0 0
3x5
2 2 1 0 0 
4 1 2 1 2 
1 4 0 0 0
#3 1 1 0
0 1 min.22 1 2 0
1 1 min.19 1 1 0
2 1 min.27 1 1 0
#3 1 1 1
0 1 min.22 1 2 0
1 1 min.19 1 1 3
2 1 min.27 1 1 0
#3 1 1 10
0 1 min.22 1 2 6
1 1 min.19 1 1 0
2 1 min.27 1 1 2
#3 1 1 11
0 1 min.22 1 2 6
1 1 min.19 1 1 3
2 1 min.27 1 1 2
#3 1 1 2
0 1 min.22 1 2 6
1 1 min.19 1 1 0
2 1 min.27 1 1 0
#3 1 1 3
0 1 min.22 1 2 6
1 1 min.19 1 1 3
2 1 min.27 1 1 0
#3 1 1 4
0 1 min.22 1 2 1
1 1 min.19 1 1 4
2 1 min.27 1 1 1
#3 1 1 5
0 1 min.22 1 2 1
1 1 min.19 1 1 7
2 1 min.27 1 1 1
#3 1 1 6
0 1 min.22 1 2 7
1 1 min.19 1 1 4
2 1 min.27 1 1 1
#3 1 1 7
0 1 min.22 1 2 7
1 1 min.19 1 1 7
2 1 min.27 1 1 1
#3 1 1 8
0 1 min.22 1 2 0
1 1 min.19 1 1 0
2 1 min.27 1 1 2
#3 1 1 9
0 1 min.22 1 2 0
1 1 min.19 1 1 3
2 1 min.27 1 1 2
#3 1 2 0
0 1 min.22 1 8 0
1 1 min.19 1 4 0
2 1 min.27 1 3 0
#3 1 2 1
0 1 min.22 1 8 5
1 1 min.19 1 4 0
2 1 min.27 1 3 0
#3 1 2 2
0 1 min.22 1 8 2
1 1 min.19 1 4 1
2 1 min.27 1 3 1
#3 1 2 3
0 1 min.22 1 8 7
1 1 min.19 1 4 1
2 1 min.27 1 3 1
#3 1 2 4
0 1 min.22 1 8 0
1 1 min.19 1 4 0
2 1 min.27 1 3 2
#3 1 2 5
0 1 min.22 1 8 5
1 1 min.19 1 4 0
2 1 min.27 1 3 2
#3 1 3 0
0 1 min.22 1 7 0
1 1 min.19 1 4 0
2 1 min.27 1 2 0
#3 1 3 1
0 1 min.22 1 7 2
1 1 min.19 1 4 0
2 1 min.27 1 2 0
#3 1 3 2
0 1 min.22 1 7 1
1 1 min.19 1 4 0
2 1 min.27 1 2 1
#3 1 3 3
0 1 min.22 1 7 3
1 1 min.19 1 4 0
2 1 min.27 1 2 1
#3 1 4 0
0 1 min.22 1 9 0
1 1 min.19 1 1 0
2 1 min.27 1 4 0
#3 1 4 1
0 1 min.22 1 9 0
1 1 min.19 1 1 3
2 1 min.27 1 4 0
#3 1 4 2
0 1 min.22 1 9 1
1 1 min.19 1 1 4
2 1 min.27 1 4 1
#3 1 4 3
0 1 min.22 1 9 1
1 1 min.19 1 1 7
2 1 min.27 1 4 1
#3 1 5 0
0 1 min.22 1 10 0
1 1 min.19 1 4 0
2 1 min.27 1 5 0
#3 1 5 1
0 1 min.22 1 10 1
1 1 min.19 1 4 0
2 1 min.27 1 5 1
#3 1 6 0
0 1 min.22 1 12 0
1 1 min.19 1 4 0
2 1 min.27 1 6 0
#3 1 6 1
0 1 min.22 1 12 3
1 1 min.19 1 4 0
2 1 min.27 1 6 0
#3 1 6 2
0 1 min.22 1 12 1
1 1 min.19 1 4 1
2 1 min.27 1 6 1
#3 1 6 3
0 1 min.22 1 12 6
1 1 min.19 1 4 1
2 1 min.27 1 6 1
#3 1 7 0
0 1 min.22 1 13 0
1 1 min.19 1 6 0
2 1 min.27 1 7 0
#3 2 1 0
0 1 min.22 1 1 0
1 1 min.19 1 3 0
2 1 min.27 1 1 0
#3 2 1 1
0 1 min.22 1 1 3
1 1 min.19 1 3 0
2 1 min.27 1 1 0
#3 2 1 10
0 1 min.22 1 1 4
1 1 min.19 1 3 0
2 1 min.27 1 1 2
#3 2 1 11
0 1 min.22 1 1 7
1 1 min.19 1 3 0
2 1 min.27 1 1 2
#3 2 1 2
0 1 min.22 1 1 4
1 1 min.19 1 3 0
2 1 min.27 1 1 0
#3 2 1 3
0 1 min.22 1 1 7
1 1 min.19 1 3 0
2 1 min.27 1 1 0
#3 2 1 4
0 1 min.22 1 1 1
1 1 min.19 1 3 1
2 1 min.27 1 1 1
#3 2 1 5
0 1 min.22 1 1 11
1 1 min.19 1 3 1
2 1 min.27 1 1 1
#3 2 1 6
0 1 min.22 1 1 12
1 1 min.19 1 3 1
2 1 min.27 1 1 1
#3 2 1 7
0 1 min.22 1 1 15
1 1 min.19 1 3 1
2 1 min.27 1 1 1
#3 2 1 8
0 1 min.22 1 1 0
1 1 min.19 1 3 0
2 1 min.27 1 1 2
#3 2 1 9
0 1 min.22 1 1 3
1 1 min.19 1 3 0
2 1 min.27 1 1 2
#3 2 2 0
0 1 min.22 1 5 0
1 1 min.19 1 5 0
2 1 min.27 1 3 0
#3 2 2 1
0 1 min.22 1 5 2
1 1 min.19 1 5 2
2 1 min.27 1 3 0
#3 2 2 2
0 1 min.22 1 5 1
1 1 min.19 1 5 1
2 1 min.27 1 3 1
#3 2 2 3
0 1 min.22 1 5 3
1 1 min.19 1 5 1
2 1 min.27 1 3 1
#3 2 2 4
0 1 min.22 1 5 0
1 1 min.19 1 5 0
2 1 min.27 1 3 2
#3 2 2 5
0 1 min.22 1 5 2
1 1 min.19 1 5 2
2 1 min.27 1 3 2
#3 2 3 0
0 1 min.22 1 3 0
1 1 min.19 1 5 0
2 1 min.27 1 2 0
#3 2 3 1
0 1 min.22 1 3 1
1 1 min.19 1 5 0
2 1 min.27 1 2 0
#3 2 3 2
0 1 min.22 1 3 0
1 1 min.19 1 5 2
2 1 min.27 1 2 1
#3 2 3 3
0 1 min.22 1 3 1
1 1 min.19 1 5 2
2 1 min.27 1 2 1
#3 2 4 0
0 1 min.22 1 4 0
1 1 min.19 1 3 0
2 1 min.27 1 4 0
#3 2 4 1
0 1 min.22 1 4 3
1 1 min.19 1 3 0
2 1 min.27 1 4 0
#3 2 4 2
0 1 min.22 1 4 4
1 1 min.19 1 3 1
2 1 min.27 1 4 1
#3 2 4 3
0 1 min.22 1 4 7
1 1 min.19 1 3 1
2 1 min.27 1 4 1
#3 2 5 0
0 1 min.22 1 6 0
1 1 min.19 1 5 0
2 1 min.27 1 5 0
#3 2 5 1
0 1 min.22 1 6 0
1 1 min.19 1 5 2
2 1 min.27 1 5 1
#3 2 5 2
0 1 min.22 1 6 1
1 1 min.19 1 5 2
2 1 min.27 1 5 0
#3 2 5 3
0 1 min.22 1 6 1
1 1 min.19 1 5 0
2 1 min.27 1 5 1
#3 2 6 0
0 1 min.22 1 11 0
1 1 min.19 1 5 0
2 1 min.27 1 6 0
#3 2 6 1
0 1 min.22 1 11 1
1 1 min.19 1 5 1
2 1 min.27 1 6 1
#3 2 6 2
0 1 min.22 1 11 0
1 1 min.19 1 5 0
2 1 min.27 1 6 0
