10x23	% 
 1  1  8  8  8  8 12 12 12 16 16 16 16 18 32 32 48 48 48 48 48 48 72
 1  2  3  3  6  6  2  2  4  3  3  6  6  2  3  6  6  6  6  6 12 12  4
 4 -4 -2 -2  2  2 -2  2  0  1  1 -1 -1  0  1 -1 -1 -1  1  1  0  0  0
 4  4 -2 -2 -2 -2  4  4 -4  1  1  1  1  4  1  1  1  1  1  1  2  2  0
 4 -4  4  4 -4 -4 -2  2  0  4  4 -4 -4  0  4 -4  2  2 -2 -2  0  0  0
 0  4  4  4  4  4  3  1  4  2  2  4  4  2  2  4  3  3  3  3  4  4  3
 4  0  4  4  4  4  1  3  4  4  4  2  2  2  4  2  3  3  3  3  4  4  3
 0  4  4  4  4  4  3  1  4  2  2  4  4  2  2  4  3  3  3  3  4  4  3
 4  0  4  4  4  4  1  3  4  4  4  2  2  2  4  2  3  3  3  3  4  4  3
 4 -4 -2 -2  2  2 -2  2  0  1  1 -1 -1  0  1 -1 -1 -1  1  1  0  0  0
