#15
6x5
1 4 0 0 0 
1 2 0 0 0 
3 3 1 3 0 
4 2 4 2 4 
4 1 3 1 3 
1 32 0 0 0
6x5
1 4 0 0 0 
1 2 0 0 0 
3 1 3 1 0 
4 2 4 2 4 
4 1 3 1 3 
1 32 0 0 0
6x5
1 4 0 0 0 
1 2 0 0 0 
2 1 3 0 0 
4 2 4 2 4 
4 1 3 1 3 
1 32 0 0 0
6x5
1 4 0 0 0 
3 3 1 3 0 
3 1 3 1 0 
4 2 4 2 4 
4 1 3 1 3 
1 32 0 0 0
6x5
1 4 0 0 0 
4 1 2 3 1 
3 3 1 3 0 
4 2 4 2 4 
4 1 3 1 3 
1 32 0 0 0
6x5
1 4 0 0 0 
4 2 3 1 3 
3 1 3 1 0 
4 2 4 2 4 
4 1 3 1 3 
1 32 0 0 0
6x5
1 4 0 0 0 
4 1 2 3 1 
2 1 3 0 0 
4 2 4 2 4 
4 1 3 1 3 
1 32 0 0 0
6x5
1 2 0 0 0 
3 3 1 3 0 
3 1 3 1 0 
4 2 4 2 4 
4 1 3 1 3 
1 32 0 0 0
6x5
4 1 3 1 4 
1 2 0 0 0 
3 3 1 3 0 
4 2 4 2 4 
4 1 3 1 3 
1 32 0 0 0
6x5
4 3 1 3 4 
1 2 0 0 0 
3 1 3 1 0 
4 2 4 2 4 
4 1 3 1 3 
1 32 0 0 0
6x5
4 1 3 1 4 
1 2 0 0 0 
2 1 3 0 0 
4 2 4 2 4 
4 1 3 1 3 
1 32 0 0 0
6x5
2 4 2 0 0 
3 3 1 3 0 
3 1 3 1 0 
4 2 4 2 4 
4 1 3 1 3 
1 32 0 0 0
6x5
4 1 3 1 4 
4 1 2 3 1 
3 3 1 3 0 
4 2 4 2 4 
4 1 3 1 3 
1 32 0 0 0
6x5
4 3 1 3 4 
4 2 3 1 3 
3 1 3 1 0 
4 2 4 2 4 
4 1 3 1 3 
1 32 0 0 0
6x5
4 1 3 1 4 
4 1 2 3 1 
2 1 3 0 0 
4 2 4 2 4 
4 1 3 1 3 
1 32 0 0 0
