#8
5x7
3 3 3 3 0 0 0 
1 1 0 0 0 0 0 
6 1 2 3 1 2 3 
2 3 3 0 0 0 0 
1 24 0 0 0 0 0
5x7
3 3 3 3 0 0 0 
1 2 0 0 0 0 0 
6 1 2 3 1 2 3 
2 3 3 0 0 0 0 
1 24 0 0 0 0 0
5x7
3 3 3 3 0 0 0 
2 1 2 0 0 0 0 
6 1 2 3 1 2 3 
2 3 3 0 0 0 0 
1 24 0 0 0 0 0
5x7
1 1 0 0 0 0 0 
1 2 0 0 0 0 0 
6 1 2 3 1 2 3 
2 3 3 0 0 0 0 
1 24 0 0 0 0 0
5x7
4 2 3 3 3 0 0 
1 1 0 0 0 0 0 
6 1 2 3 1 2 3 
2 3 3 0 0 0 0 
1 24 0 0 0 0 0
5x7
4 3 1 3 3 0 0 
1 2 0 0 0 0 0 
6 1 2 3 1 2 3 
2 3 3 0 0 0 0 
1 24 0 0 0 0 0
5x7
4 2 3 3 3 0 0 
2 1 2 0 0 0 0 
6 1 2 3 1 2 3 
2 3 3 0 0 0 0 
1 24 0 0 0 0 0
5x7
3 3 3 3 0 0 0 
1 1 0 0 0 0 0 
1 2 0 0 0 0 0 
6 1 2 3 1 2 3 
3 16 0 0 0 0 0
#8 1 1 0
0 1 group.93 1 1 0
1 1 group.86 1 1 0
2 1 group.97 3 1 0
3 1 group.86 1 2 0
4 1 group.97 4 1 0
5 1 group.101 2 1 0
6 1 group.96 2 1 0
7 3 group.40 1 4 0
#8 1 1 1
0 1 group.93 1 1 0
1 1 group.86 1 1 7
2 1 group.97 3 1 0
3 1 group.86 1 2 1
4 1 group.97 4 1 1
5 1 group.101 2 1 1
6 1 group.96 2 1 1
7 3 group.40 1 4 12
#8 1 1 2
0 1 group.93 1 1 1
1 1 group.86 1 1 12
2 1 group.97 3 1 1
3 1 group.86 1 2 0
4 1 group.97 4 1 1
5 1 group.101 2 1 0
6 1 group.96 2 1 1
7 3 group.40 1 4 4
#8 1 1 3
0 1 group.93 1 1 1
1 1 group.86 1 1 11
2 1 group.97 3 1 1
3 1 group.86 1 2 1
4 1 group.97 4 1 0
5 1 group.101 2 1 1
6 1 group.96 2 1 0
7 3 group.40 1 4 8
#8 2 1 0
0 1 group.93 1 1 0
1 1 group.86 2 1 0
2 1 group.97 1 1 0
3 1 group.86 2 2 0
4 1 group.97 2 1 0
5 1 group.101 1 1 0
6 1 group.96 1 1 0
7 3 group.40 1 4 0
#8 2 1 1
0 1 group.93 1 1 0
1 1 group.86 2 1 7
2 1 group.97 1 1 0
3 1 group.86 2 2 1
4 1 group.97 2 1 1
5 1 group.101 1 1 1
6 1 group.96 1 1 1
7 3 group.40 1 4 12
#8 2 1 2
0 1 group.93 1 1 1
1 1 group.86 2 1 12
2 1 group.97 1 1 1
3 1 group.86 2 2 0
4 1 group.97 2 1 1
5 1 group.101 1 1 0
6 1 group.96 1 1 1
7 3 group.40 1 4 4
#8 2 1 3
0 1 group.93 1 1 1
1 1 group.86 2 1 11
2 1 group.97 1 1 1
3 1 group.86 2 2 1
4 1 group.97 2 1 0
5 1 group.101 1 1 1
6 1 group.96 1 1 0
7 3 group.40 1 4 8
