#8
6x7
3 3 3 3 0 0 0 
5 3 1 2 3 1 0 
6 1 2 3 3 1 2 
4 2 3 2 3 0 0 
6 1 2 3 2 3 1 
1 72 0 0 0 0 0
6x7
3 3 3 3 0 0 0 
1 1 0 0 0 0 0 
6 1 2 3 3 1 2 
4 2 3 2 3 0 0 
6 1 2 3 2 3 1 
1 72 0 0 0 0 0
6x7
3 3 3 3 0 0 0 
4 3 1 2 3 0 0 
6 1 2 3 3 1 2 
4 2 3 2 3 0 0 
6 1 2 3 2 3 1 
1 72 0 0 0 0 0
6x7
5 3 1 2 3 1 0 
1 1 0 0 0 0 0 
6 1 2 3 3 1 2 
4 2 3 2 3 0 0 
6 1 2 3 2 3 1 
1 72 0 0 0 0 0
6x7
4 1 3 3 3 0 0 
5 3 1 2 3 1 0 
6 1 2 3 3 1 2 
4 2 3 2 3 0 0 
6 1 2 3 2 3 1 
1 72 0 0 0 0 0
6x9
8 2 1 2 3 1 2 3 3 
1 1 0 0 0 0 0 0 0 
6 1 2 3 3 1 2 0 0 
4 2 3 2 3 0 0 0 0 
6 1 2 3 2 3 1 0 0 
1 72 0 0 0 0 0 0 0
6x7
4 1 3 3 3 0 0 
4 3 1 2 3 0 0 
6 1 2 3 3 1 2 
4 2 3 2 3 0 0 
6 1 2 3 2 3 1 
1 72 0 0 0 0 0
5x7
3 3 3 3 0 0 0 
5 3 1 2 3 1 0 
1 1 0 0 0 0 0 
6 1 2 3 3 1 2 
9 16 0 0 0 0 0
