PS 0
0.9817280868344001599
0
0
0
PS 1
-1.0000000000000000000
0
0
0
PS 2
0.03125000000000000000
0
0
0
PS 3
-0.002057613168724280010
0
0
0
PS 4
0.00016276041666666665763
0
0
0
PS 5
-1.3333333333333333295e-5
0
0
0
PS 6
1.0716735253772291297e-6
0
0
0
PS 7
-8.263752536972028553e-8
0
0
0
PS 8
6.055075024801587296e-9
0
0
0
PS 9
-4.200170587408305131e-10
0
0
0
PS 10
2.7557319223985891827e-11
0
0
0
PS 11
-1.7110927112520809998e-12
0
0
0
PS 12
1.0067880491834538682e-13
0
0
0
PS 13
-5.622717634824276121e-15
0
0
0
PS 14
2.985929195577291796e-16
0
0
0
PS 15
-1.5105508606063833929e-17
0
0
0
PS 16
7.292903644389931112e-19
0
0
0
PS 17
-3.366168094665438363e-20
0
0
0
PS 18
1.4878836084996786339e-21
0
0
0
PS 19
-6.307989692086716199e-23
0
0
0
TACKS 0
0.9074790760808862933
0
0
0
TACKS 1
0.4945279976639862518
0
0
0
TACKS 2
0.09620261081692214888
0
0
0
TACKS 3
0.04166666666666666435
0
0
0
END
