PS 0
0.9931491146212761967
0
0
0
PS 1
-1.0000000000000000000
0
0
0
PS 2
0.007812500000000000000
0
0
0
PS 3
-0.00022862368541380886293
0
0
0
PS 4
1.0172526041666666102e-5
0
0
0
PS 5
-5.333333333333333445e-7
0
0
0
PS 6
2.9768709038256362140e-8
0
0
0
PS 7
-1.6864801095861282719e-9
0
0
0
PS 8
9.461054726252480151e-11
0
0
0
PS 9
-5.185395786923833655e-12
0
0
0
PS 10
2.755731922398588880e-13
0
0
0
PS 11
-1.4141262076463479937e-14
0
0
0
PS 12
6.991583674885096526e-16
0
0
0
PS 13
-3.327051854925607096e-17
0
0
0
PS 14
1.5234332630496387541e-18
0
0
0
PS 15
-6.713559380472815786e-20
0
0
0
PS 16
2.8487904860898168406e-21
0
0
0
PS 17
-1.1647640465970374399e-22
0
0
0
PS 18
4.592233359566909400e-24
0
0
0
PS 19
-1.7473655656749907266e-25
0
0
0
TACKS 0
0.9819950689031452518
0
0
0
TACKS 1
0.4908640434172000799
0
0
0
TACKS 2
0.15124651268014771555
0
0
0
TACKS 3
0.04121066647199885663
0
0
0
TACKS 4
0.004810130540846106750
0
0
0
TACKS 5
0.0013888888888888889419
0
0
0
END
