#8
5x6
5 2 3 2 3 3 
5 1 2 3 2 3 
4 1 3 1 3 0 
4 2 3 2 3 0 
1 24 0 0 0 0
5x6
5 2 3 2 3 3 
4 1 2 3 3 0 
4 1 3 1 3 0 
4 2 3 2 3 0 
1 24 0 0 0 0
5x6
5 2 3 2 3 3 
5 1 2 3 1 3 
4 1 3 1 3 0 
4 2 3 2 3 0 
1 24 0 0 0 0
5x6
5 1 2 3 2 3 
4 1 2 3 3 0 
4 1 3 1 3 0 
4 2 3 2 3 0 
1 24 0 0 0 0
5x6
3 2 3 1 0 0 
5 1 2 3 2 3 
4 1 3 1 3 0 
4 2 3 2 3 0 
1 24 0 0 0 0
5x5
2 3 1 0 0 
4 1 2 3 3 
4 1 3 1 3 
4 2 3 2 3 
1 24 0 0 0
5x6
3 2 3 1 0 0 
5 1 2 3 1 3 
4 1 3 1 3 0 
4 2 3 2 3 0 
1 24 0 0 0 0
5x6
5 2 3 2 3 3 
5 1 2 3 2 3 
4 1 2 3 3 0 
4 1 3 1 3 0 
3 16 0 0 0 0
