#31
6x5
1 5 0 0 0 
1 1 0 0 0 
1 2 0 0 0 
3 5 3 5 0 
4 3 5 3 5 
1 32 0 0 0
6x5
1 5 0 0 0 
1 1 0 0 0 
1 2 0 0 0 
1 4 0 0 0 
4 3 5 3 5 
1 32 0 0 0
6x5
1 5 0 0 0 
1 1 0 0 0 
1 2 0 0 0 
4 4 5 3 5 
4 3 5 3 5 
1 32 0 0 0
6x5
1 5 0 0 0 
1 1 0 0 0 
3 5 3 5 0 
1 4 0 0 0 
4 3 5 3 5 
1 32 0 0 0
6x5
1 5 0 0 0 
1 1 0 0 0 
2 2 4 0 0 
3 5 3 5 0 
4 3 5 3 5 
1 32 0 0 0
6x5
1 5 0 0 0 
1 1 0 0 0 
4 2 5 3 5 
1 4 0 0 0 
4 3 5 3 5 
1 32 0 0 0
6x5
1 5 0 0 0 
1 1 0 0 0 
2 2 4 0 0 
4 4 5 3 5 
4 3 5 3 5 
1 32 0 0 0
6x5
1 5 0 0 0 
1 2 0 0 0 
3 5 3 5 0 
1 4 0 0 0 
4 3 5 3 5 
1 32 0 0 0
6x5
1 5 0 0 0 
2 1 4 0 0 
1 2 0 0 0 
3 5 3 5 0 
4 3 5 3 5 
1 32 0 0 0
6x5
1 5 0 0 0 
4 1 5 3 5 
1 2 0 0 0 
1 4 0 0 0 
4 3 5 3 5 
1 32 0 0 0
6x5
1 5 0 0 0 
2 1 4 0 0 
1 2 0 0 0 
4 4 5 3 5 
4 3 5 3 5 
1 32 0 0 0
6x5
1 5 0 0 0 
2 1 2 0 0 
3 5 3 5 0 
1 4 0 0 0 
4 3 5 3 5 
1 32 0 0 0
6x5
1 5 0 0 0 
2 1 4 0 0 
2 2 4 0 0 
3 5 3 5 0 
4 3 5 3 5 
1 32 0 0 0
6x5
1 5 0 0 0 
4 1 5 3 5 
4 2 5 3 5 
1 4 0 0 0 
4 3 5 3 5 
1 32 0 0 0
6x5
1 5 0 0 0 
2 1 4 0 0 
2 2 4 0 0 
4 4 5 3 5 
4 3 5 3 5 
1 32 0 0 0
6x5
1 1 0 0 0 
1 2 0 0 0 
3 5 3 5 0 
1 4 0 0 0 
4 3 5 3 5 
1 32 0 0 0
6x5
2 4 5 0 0 
1 1 0 0 0 
1 2 0 0 0 
3 5 3 5 0 
4 3 5 3 5 
1 32 0 0 0
6x5
2 3 5 0 0 
1 1 0 0 0 
1 2 0 0 0 
1 4 0 0 0 
4 3 5 3 5 
1 32 0 0 0
6x5
2 4 5 0 0 
1 1 0 0 0 
1 2 0 0 0 
4 4 5 3 5 
4 3 5 3 5 
1 32 0 0 0
6x5
2 2 5 0 0 
1 1 0 0 0 
3 5 3 5 0 
1 4 0 0 0 
4 3 5 3 5 
1 32 0 0 0
6x5
2 4 5 0 0 
1 1 0 0 0 
2 2 4 0 0 
3 5 3 5 0 
4 3 5 3 5 
1 32 0 0 0
6x5
2 3 5 0 0 
1 1 0 0 0 
4 2 5 3 5 
1 4 0 0 0 
4 3 5 3 5 
1 32 0 0 0
6x5
2 4 5 0 0 
1 1 0 0 0 
2 2 4 0 0 
4 4 5 3 5 
4 3 5 3 5 
1 32 0 0 0
6x5
2 1 5 0 0 
1 2 0 0 0 
3 5 3 5 0 
1 4 0 0 0 
4 3 5 3 5 
1 32 0 0 0
6x5
2 4 5 0 0 
2 1 4 0 0 
1 2 0 0 0 
3 5 3 5 0 
4 3 5 3 5 
1 32 0 0 0
6x5
2 3 5 0 0 
4 1 5 3 5 
1 2 0 0 0 
1 4 0 0 0 
4 3 5 3 5 
1 32 0 0 0
6x5
2 4 5 0 0 
2 1 4 0 0 
1 2 0 0 0 
4 4 5 3 5 
4 3 5 3 5 
1 32 0 0 0
6x5
2 2 5 0 0 
2 1 2 0 0 
3 5 3 5 0 
1 4 0 0 0 
4 3 5 3 5 
1 32 0 0 0
6x5
2 4 5 0 0 
2 1 4 0 0 
2 2 4 0 0 
3 5 3 5 0 
4 3 5 3 5 
1 32 0 0 0
6x5
2 3 5 0 0 
4 1 5 3 5 
4 2 5 3 5 
1 4 0 0 0 
4 3 5 3 5 
1 32 0 0 0
6x5
2 4 5 0 0 
2 1 4 0 0 
2 2 4 0 0 
4 4 5 3 5 
4 3 5 3 5 
1 32 0 0 0
