#6
6x11
7 1 1 1 1 2 2 2 0 0 0 
10 1 1 1 1 1 2 1 1 1 2 
6 1 1 2 1 1 2 0 0 0 0 
4 1 2 1 2 0 0 0 0 0 0 
4 2 1 2 1 0 0 0 0 0 0 
1 72 0 0 0 0 0 0 0 0 0
6x11
3 1 1 1 0 0 0 0 0 0 0 
10 1 1 1 1 1 2 1 1 1 2 
6 1 1 2 1 1 2 0 0 0 0 
4 1 2 1 2 0 0 0 0 0 0 
4 2 1 2 1 0 0 0 0 0 0 
1 72 0 0 0 0 0 0 0 0 0
6x11
4 1 2 2 2 0 0 0 0 0 0 
10 1 1 1 1 1 2 1 1 1 2 
6 1 1 2 1 1 2 0 0 0 0 
4 1 2 1 2 0 0 0 0 0 0 
4 2 1 2 1 0 0 0 0 0 0 
1 72 0 0 0 0 0 0 0 0 0
6x11
7 1 1 1 1 2 2 2 0 0 0 
3 1 1 1 0 0 0 0 0 0 0 
10 1 1 1 1 1 2 1 1 1 2 
4 1 2 1 2 0 0 0 0 0 0 
4 2 1 2 1 0 0 0 0 0 0 
3 48 0 0 0 0 0 0 0 0 0
6x8
7 1 1 1 1 2 2 2 
3 1 1 1 0 0 0 0 
6 1 1 2 1 1 2 0 
4 1 2 1 2 0 0 0 
4 2 1 2 1 0 0 0 
3 48 0 0 0 0 0 0
5x11
7 1 1 1 1 2 2 2 0 0 0 
3 1 1 1 0 0 0 0 0 0 0 
10 1 1 1 1 1 2 1 1 1 2 
6 1 1 2 1 1 2 0 0 0 0 
4 36 0 0 0 0 0 0 0 0 0
