#6
6x11
6 2 1 2 1 2 1 0 0 0 0 
4 2 2 2 2 0 0 0 0 0 0 
10 1 2 2 2 1 2 2 2 2 2 
6 2 2 2 2 2 2 0 0 0 0 
6 2 1 2 2 1 2 0 0 0 0 
1 72 0 0 0 0 0 0 0 0 0
6x11
9 2 2 2 1 2 2 2 2 2 0 
4 2 2 2 2 0 0 0 0 0 0 
10 1 2 2 2 1 2 2 2 2 2 
6 2 2 2 2 2 2 0 0 0 0 
6 2 1 2 2 1 2 0 0 0 0 
1 72 0 0 0 0 0 0 0 0 0
6x11
9 1 2 2 2 2 2 1 2 2 0 
4 2 2 2 2 0 0 0 0 0 0 
10 1 2 2 2 1 2 2 2 2 2 
6 2 2 2 2 2 2 0 0 0 0 
6 2 1 2 2 1 2 0 0 0 0 
1 72 0 0 0 0 0 0 0 0 0
6x10
6 2 1 2 1 2 1 0 0 0 
9 2 2 2 1 2 2 2 2 2 
4 2 2 2 2 0 0 0 0 0 
6 2 2 2 2 2 2 0 0 0 
6 2 1 2 2 1 2 0 0 0 
3 48 0 0 0 0 0 0 0 0
6x11
6 2 1 2 1 2 1 0 0 0 0 
9 2 2 2 1 2 2 2 2 2 0 
10 1 2 1 2 1 2 2 1 2 2 
6 2 2 2 2 2 2 0 0 0 0 
6 2 1 2 2 1 2 0 0 0 0 
3 48 0 0 0 0 0 0 0 0 0
5x11
6 2 1 2 1 2 1 0 0 0 0 
9 2 2 2 1 2 2 2 2 2 0 
4 2 2 2 2 0 0 0 0 0 0 
10 1 2 2 2 1 2 2 2 2 2 
4 36 0 0 0 0 0 0 0 0 0
