VIS
Wavelength     0.400000     0.500000     0.600000     0.700000     0.800000     0.850000
Resolution      571.431      357.144      260.874      212.120      177.779      170.000
Degraded        458.058      315.810      226.542      185.568      152.532      145.349

NIR
Wavelength     0.850000      1.00000      1.25000      1.60000      2.00000      2.40000
Resolution      283.337      232.558      189.393      200.000      250.003      369.230
Degraded        259.583      210.357      167.094      169.299      200.449      279.023

MIR
Wavelength      2.40000      3.00000      3.30000      3.60000      3.90000      4.20000
Resolution      200.003      333.331      412.493      514.270      600.000      699.995
Degraded        149.437      227.265      267.177      310.193      338.899      379.378