| Channel | Slice | Wavelength |  LeftX  |  LeftY  | CenterX  | CenterY  | RightX  | RightY  |
|     VIS |     1 |       0.40 |   12.45 |   11.97 |    12.97 |    11.97 |   13.49 |   11.96 |
|     VIS |     1 |       0.50 |   12.46 |    8.65 |    12.98 |     8.65 |   13.50 |    8.65 |
|     VIS |     1 |       0.85 |   12.48 |    4.56 |    13.00 |     4.57 |   13.52 |    4.58 |
|     VIS |     2 |       0.40 |    0.12 |   11.82 |     0.65 |    11.82 |    1.17 |   11.82 |
|     VIS |     2 |       0.50 |    0.12 |    8.51 |     0.65 |     8.51 |    1.17 |    8.51 |
|     VIS |     2 |       0.85 |    0.13 |    4.42 |     0.65 |     4.42 |    1.17 |    4.42 |
|     VIS |     3 |       0.40 |  -14.72 |   12.03 |   -14.20 |    12.03 |  -13.68 |   12.03 |
|     VIS |     3 |       0.50 |  -14.73 |    8.72 |   -14.21 |     8.72 |  -13.69 |    8.71 |
|     VIS |     3 |       0.85 |  -14.74 |    4.64 |   -14.22 |     4.63 |  -13.70 |    4.63 |
|     VIS |     4 |       0.40 |  -13.52 |    4.56 |   -12.99 |     4.56 |  -12.47 |    4.56 |
|     VIS |     4 |       0.50 |  -13.53 |    1.24 |   -13.00 |     1.24 |  -12.48 |    1.23 |
|     VIS |     4 |       0.85 |  -13.54 |   -2.85 |   -13.01 |    -2.86 |  -12.49 |   -2.87 |
|     VIS |     5 |       0.40 |   -1.17 |    4.42 |    -0.64 |     4.42 |   -0.12 |    4.42 |
|     VIS |     5 |       0.50 |   -1.17 |    1.09 |    -0.64 |     1.09 |   -0.12 |    1.09 |
|     VIS |     5 |       0.85 |   -1.17 |   -3.00 |    -0.64 |    -3.00 |   -0.12 |   -3.00 |
|     VIS |     6 |       0.40 |   13.69 |    4.59 |    14.21 |     4.59 |   14.74 |    4.59 |
|     VIS |     6 |       0.50 |   13.71 |    1.27 |    14.23 |     1.27 |   14.75 |    1.27 |
|     VIS |     6 |       0.85 |   13.72 |   -2.83 |    14.24 |    -2.82 |   14.77 |   -2.81 |
|     VIS |     7 |       0.40 |   12.48 |   -2.95 |    13.00 |    -2.94 |   13.53 |   -2.95 |
|     VIS |     7 |       0.50 |   12.49 |   -6.28 |    13.01 |    -6.27 |   13.54 |   -6.27 |
|     VIS |     7 |       0.85 |   12.51 |  -10.38 |    13.03 |   -10.37 |   13.55 |  -10.36 |
|     VIS |     8 |       0.40 |    0.11 |   -3.08 |     0.64 |    -3.08 |    1.16 |   -3.08 |
|     VIS |     8 |       0.50 |    0.11 |   -6.41 |     0.64 |    -6.41 |    1.16 |   -6.41 |
|     VIS |     8 |       0.85 |    0.12 |  -10.51 |     0.64 |   -10.51 |    1.16 |  -10.51 |
|     VIS |     9 |       0.40 |  -14.77 |   -2.94 |   -14.25 |    -2.94 |  -13.72 |   -2.94 |
|     VIS |     9 |       0.50 |  -14.78 |   -6.25 |   -14.25 |    -6.27 |  -13.73 |   -6.27 |
|     VIS |     9 |       0.85 |  -14.79 |  -10.35 |   -14.27 |   -10.36 |  -13.75 |  -10.37 |
|     NIR |     1 |       0.85 |   14.97 |   13.61 |    15.60 |    13.62 |   16.23 |   13.62 |
|     NIR |     1 |       1.25 |   14.98 |   10.31 |    15.61 |    10.32 |   16.23 |   10.33 |
|     NIR |     1 |       2.40 |   14.99 |    4.68 |    15.61 |     4.69 |   16.23 |    4.70 |
|     NIR |     2 |       0.85 |    0.14 |   13.43 |     0.77 |    13.42 |    1.40 |   13.43 |
|     NIR |     2 |       1.25 |    0.15 |   10.13 |     0.78 |    10.13 |    1.41 |   10.13 |
|     NIR |     2 |       2.40 |    0.18 |    4.50 |     0.80 |     4.50 |    1.42 |    4.50 |
|     NIR |     3 |       0.85 |  -17.71 |   13.71 |   -17.08 |    13.70 |  -16.46 |   13.70 |
|     NIR |     3 |       1.25 |  -17.70 |   10.42 |   -17.08 |    10.41 |  -16.45 |   10.40 |
|     NIR |     3 |       2.40 |  -17.66 |    4.79 |   -17.04 |     4.78 |  -17.05 |    4.78 |
|     NIR |     4 |       0.85 |  -16.22 |    4.43 |   -15.60 |     4.43 |  -14.97 |    4.42 |
|     NIR |     4 |       1.25 |  -16.22 |    1.16 |   -15.59 |     1.15 |  -14.96 |    1.14 |
|     NIR |     4 |       2.40 |  -16.18 |   -4.44 |   -15.56 |    -4.46 |  -14.94 |   -4.47 |
|     NIR |     5 |       0.85 |   -1.41 |    4.25 |    -0.77 |     4.24 |   -0.15 |    4.25 |
|     NIR |     5 |       1.25 |   -1.40 |    0.97 |    -0.77 |     0.97 |   -0.14 |    0.97 |
|     NIR |     5 |       2.40 |   -1.37 |   -4.64 |    -0.75 |    -4.64 |   -0.13 |   -4.64 |
|     NIR |     6 |       0.85 |   16.43 |    4.47 |    17.06 |     4.47 |   17.69 |    4.48 |
|     NIR |     6 |       1.25 |   16.44 |    1.19 |    17.07 |     1.19 |   17.69 |    1.20 |
|     NIR |     6 |       2.40 |   16.45 |   -4.42 |    17.07 |    -4.41 |   17.69 |   -4.40 |
|     NIR |     7 |       0.85 |   14.94 |   -4.83 |    15.57 |    -4.82 |   16.20 |   -4.82 |
|     NIR |     7 |       1.25 |   14.95 |   -8.09 |    15.58 |    -8.08 |   16.21 |   -8.08 |
|     NIR |     7 |       2.40 |   14.96 |  -13.67 |    15.59 |   -13.66 |   16.21 |  -13.65 |
|     NIR |     8 |       0.85 |    1.39 |   -4.99 |     0.76 |    -4.99 |    1.39 |   -4.99 |
|     NIR |     8 |       1.25 |    0.13 |   -8.25 |     0.77 |    -8.25 |    1.40 |   -8.25 |
|     NIR |     8 |       2.40 |    0.16 |  -13.83 |     0.79 |   -13.83 |    1.41 |  -13.83 |
|     NIR |     9 |       0.85 |  -17.69 |   -4.81 |   -17.06 |    -4.81 |  -16.44 |   -4.82 |
|     NIR |     9 |       1.25 |  -17.69 |   -8.06 |   -17.06 |    -8.07 |  -16.43 |   -8.08 |
|     NIR |     9 |       2.40 |  -17.65 |  -13.64 |   -17.03 |   -13.65 |  -16.41 |  -13.66 |
|     MIR |     1 |       2.40 |   15.09 |   14.11 |    15.72 |    14.11 |   16.35 |   14.12 |
|     MIR |     1 |       3.20 |   15.10 |   10.97 |    15.74 |    10.97 |   16.37 |   10.98 |
|     MIR |     1 |       4.20 |   15.13 |    5.55 |    15.76 |     5.55 |   16.39 |    5.56 |
|     MIR |     2 |       2.40 |    0.13 |   13.98 |     0.77 |    13.98 |    1.40 |   13.98 |
|     MIR |     2 |       3.20 |    0.15 |   10.84 |     0.79 |    10.83 |    1.42 |   10.83 |
|     MIR |     2 |       4.20 |    0.20 |    5.42 |     0.83 |     5.41 |    1.45 |    5.42 |
|     MIR |     3 |       2.40 |  -17.88 |   14.20 |   -17.25 |    14.19 |  -16.61 |   14.19 |
|     MIR |     3 |       3.20 |  -17.86 |   11.06 |   -17.22 |    11.05 |  -16.59 |   11.05 |
|     MIR |     3 |       4.20 |  -17.80 |    5.64 |   -17.17 |     5.63 |  -16.54 |    5.62 |
|     MIR |     4 |       2.40 |  -16.39 |    4.97 |   -15.74 |     4.97 |  -15.11 |    4.96 |
|     MIR |     4 |       3.20 |  -16.35 |    1.84 |   -15.72 |     1.84 |  -15.08 |    1.83 |
|     MIR |     4 |       4.20 |  -16.30 |   -3.56 |   -15.67 |    -3.57 |  -15.04 |   -3.57 |
|     MIR |     5 |       2.40 |   -1.44 |    4.83 |    -0.80 |     4.83 |   -0.16 |    4.83 |
|     MIR |     5 |       3.20 |   -1.41 |    1.71 |    -0.77 |     1.70 |   -0.14 |    1.70 |
|     MIR |     5 |       4.20 |   -1.36 |   -3.70 |    -0.74 |    -3.70 |   -0.11 |   -3.70 |
|     MIR |     6 |       2.40 |   16.55 |    4.99 |    17.19 |     5.00 |   17.83 |    5.00 |
|     MIR |     6 |       3.20 |   16.57 |    1.86 |    17.21 |     1.87 |   17.84 |    1.87 |
|     MIR |     6 |       4.20 |   16.60 |   -3.54 |    17.23 |    -3.54 |   17.86 |   -3.53 |
|     MIR |     7 |       2.40 |   15.05 |   -4.28 |    15.69 |    -4.28 |   16.33 |   -4.28 |
|     MIR |     7 |       3.20 |   15.07 |   -7.40 |    15.71 |    -7.40 |   16.34 |   -7.40 |
|     MIR |     7 |       4.20 |   15.10 |  -12.78 |    15.73 |   -12.78 |   16.35 |  -12.77 |
|     MIR |     8 |       2.40 |    0.11 |   -4.39 |     0.75 |    -4.40 |    1.39 |   -4.40 |
|     MIR |     8 |       3.20 |    0.13 |   -7.51 |     0.77 |    -7.51 |    1.41 |   -7.51 |
|     MIR |     8 |       4.20 |    0.18 |  -12.89 |     0.81 |   -12.89 |    1.43 |  -12.89 |
|     MIR |     9 |       2.40 |  -17.87 |   -4.28 |   -17.23 |    -4.28 |  -16.59 |   -4.28 |
|     MIR |     9 |       3.20 |  -17.83 |   -7.40 |   -17.20 |    -7.39 |  -16.56 |   -7.40 |
|     MIR |     9 |       4.20 |  -17.78 |  -12.77 |   -17.15 |   -12.77 |  -16.52 |  -12.78 |
