Spectre Spot Positions

Context: Kenji needs to know the locations on the detector for each slice, wavelength, and field position

****************
*   36 Slices  *
****************
XY location (in mm) on the detector for Field 1 (middle of the slice) at 850 nm in the NIR channel

1-12:  top row, left to right
13-24: middle row, right to left
25-36: bottom row, left to right

#     x      y
1  -17.08  13.71
2  -14.11  13.64
3  -11.14  13.56
4   -8.17  13.50
5   -5.20  13.48
6   -2.23  13.46
7    0.74  13.45
8    3.71  13.45
9    6.68  13.47
10   9.64  13.50
11  12.61  13.56
12  15.58  13.62
13  17.07   4.66
14  14.10   4.60
15  11.13   4.54
16   8.16   4.50
17   5.19   4.46
18   2.22   4.45
19  -0.75   4.45
20  -3.72   4.45
21  -6.69   4.48
22  -9.66   4.50
23 -12.62   4.56
24 -15.59   4.62
25 -17.08  -4.54
26 -14.11  -4.60
27 -11.14  -4.64
28  -8.17  -4.67
29  -5.20  -4.70
30  -2.23  -4.72
31   0.74  -4.72
32   3.71  -4.71
33   6.68  -4.69
34   9.65  -4.66
35  12.62  -4.61
36  15.59  -4.56

****************
*   Visible    *
****************

Field 1: middle of slice
Field 2: -0.0010 deg Y (right)
Field 3: +0.0010 deg Y (left)

>>> Slice 1  YFIE=1.0e-3 <<<
nm       Field 1         Field 2         Field 3
         x      y        x      y        x      y
400   12.975 11.683   13.449 11.684   12.454 11.684
500   12.988  8.366   13.510  8.369   12.467  8.364
600   12.995  6.565   13.517  6.567   12.474  6.558 
700   13.000  5.423   13.521  5.429   12.479  5.417
800   13.003  4.615   13.524  4.621   12.482  4.608
850   13.004  4.284   13.525  4.291   12.484  4.277

>>> Slice 2  YFIE=7.14e-4 <<<
400    0.645 11.545    1.169 11.546    0.120 11.546
500    0.647  8.225    1.171  8.266    0.123  8.226
600    0.648  6.420    1.172  6.421    0.124  6.421
700    0.649  5.280    1.172  5.280    0.125  5.280
800    0.649  4.471    1.173  4.472    0.126  4.471
850    0.649  4.140    1.173  4.140    0.126  4.140

>>> Slice 3  YFIE=3.714e-4 <<<
400  -14.205 11.749  -13.685 11.751  -14.725 11.750
500  -14.215  8.433  -13.697  8.431  -14.735  8.437
600  -14.221  6.630  -13.703  6.625  -14.741  6.636
700  -14.225  5.490  -13.707  5.484  -14.745  5.497
800  -14.228  4.682  -13.710  4.675  -14.748  4.690
850  -14.229  4.351  -13.712  4.344  -14.749  4.360

>>> Slice 4  YFIE=3.143e-4 <<<
400  -12.987  4.279  -12.464  4.279  -13.511  4.279
500  -12.996  0.955  -12.474  0.951  -13.519  0.959
600  -13.000 -0.852  -12.479 -0.858  -13.524 -0.846
700  -13.004 -1.994  -12.483 -2.002  -13.527 -1.987
800  -13.006 -2.804  -12.485 -2.813  -13.529 -2.796
850  -13.007 -3.136  -12.486 -3.145  -13.530 -3.127

>>> Slice 5  YFIE=2.857e-5 <<<
400   -0.645  4.141   -0.119  4.141   -1.170  4.141
500   -0.644  0.815   -0.119  0.814   -1.169  0.815
600   -0.643 -0.994   -0.119 -0.995   -1.168 -0.994
700   -0.643 -2.137   -0.119 -2.138   -1.167 -2.137
800   -0.642 -2.948   -0.119 -2.948   -1.167 -2.984
850   -0.642 -3.280   -0.119 -3.280   -1.166 -3.279

>>> Slice 6  YFIE= <<<
400   14.220  4.313   14.743  4.313   13.699  4.313
500   14.244  0.990   14.755  0.994   13.712  0.986
600   14.420 -0.817   14.762 -0.811   13.720 -0.824
700   14.245 -1.960   14.766 -1.952   13.725 -1.968
800   14.248 -2.769   14.769 -2.761   13.728 -2.778
850   14.249 -3.181   14.771 -3.092   13.720 -3.110

>>> Slice 7  YFIE= <<<
400   13.002  -3.225  13.527  -3.225  12.479  -3.226
500   13.013  -6.552  13.537  -6.548  12.491  -6.558
600   13.019  -8.362  13.543  -8.356  12.497  -8.369
700   13.023  -9.505  13.547  -9.498  12.502  -9.514
800   13.026 -10.316  13.549 -10.308  12.505 -10.326
850   13.027 -10.648  13.550 -10.639  12.506 -10.658

>>> Slice 8  YFIE= <<<
400    0.635  -3.359   1.161  -3.359   0.110  -3.359
500    0.637  -6.688   1.162  -6.689   0.112  -6.689
600    0.638  -8.499   1.163  -8.500   0.144  -8.500
700    0.639  -9.643   1.163  -9.644   0.115  -9.645
800    0.639 -10.455   1.163 -10.455   0.116 -10.456
850    0.640 -10.787   1.164 -10.787   0.116 -10.788

>>> Slice 9  YFIE= <<<
400  -14.258  -3.218  -13.736  -3.219  -14.781  -3.218
500  -14.266  -6.545  -13.745  -6.550  -14.790  -6.541
600  -14.271  -8.354  -13.750  -8.362  -14.794  -8.348
700  -14.275  -9.497  -13.754  -9.507  -14.797  -9.489
800  -14.277 -10.308  -13.756 -10.318  -14.800 -10.299
850  -14.278 -10.640  -13.757 -10.651  -14.800 -10.631

****************
*     NIR      *
****************

Field 1: middle of slice
Field 2: -0.0010 deg Y (right)
Field 3: +0.0010 deg Y (left)

>>> Slice 1  YFIE=1.0e-3 <<<
um       Field 1         Field 2         Field 3
         x      y        x      y        x      y
0.85   15.610  11.317  14.982  11.313  16.235  11.322
1.25   15.615   8.020  14.986   8.014  16.240   8.028
2.40   15.622   2.388  15.001   2.379  16.240   2.400


>>> Slice 2  YFIE=   <<<
um       Field 1         Field 2         Field 3
         x      y        x      y        x      y
0.85   0.774  11.129  0.144  11.130  1.402  11.130
1.25   0.781   7.832  0.150   7.833  1.410   7.833
2.40   0.799   2.200  0.176   2.200  1.420   2.202

>>> Slice 3  YFIE=   <<<
um       Field 1         Field 2         Field 3
         x      y        x      y        x      y
0.85   -17.093  11.403  -17.717  11.408  -16.469  11.399
1.25   -17.085   8.106  -17.709   8.114  -16.460   8.099 
2.40   -17.054   2.473  -17.671   2.485  -16.437   2.463  

>>> Slice 4  YFIE=   <<<
um       Field 1         Field 2         Field 3
         x      y        x      y        x      y
0.85   -15.589  2.128  -16.218  2.133  -14.961  2.124
1.25   -15.582 -1.149  -16.212 -1.142  -14.953 -1.156
2.40   -15.553 -6.755  -16.174 -6.743  -14.932 -6.765

>>> Slice 5  YFIE=   <<<
um       Field 1         Field 2         Field 3
         x      y        x      y        x      y
0.85   -0.774  1.947  -1.406  1.948  -0.145   1.947
1.25   -0.768 -1.331  -1.401 -1.330  -0.137  -1.330
2.40   -0.749 -6.936  -1.373 -6.935  -0.127  -6.936

>>> Slice 6  YFIE=   <<<
um       Field 1         Field 2         Field 3
         x      y        x      y        x      y
0.85   17.068  2.174  16.440  2.170  17.694  2.179
1.25   17.074 -1.103  16.445 -1.110  17.700 -1.095
2.40   17.081 -6.708  16.460 -6.719  17.699 -6.695

>>> Slice 7  YFIE=   <<<
um       Field 1         Field 2         Field 3
         x      y        x      y        x      y
0.85   15.572  -7.122  14.941  -7.126  16.200  -7.118
1.25   15.578 -10.379  14.947 -10.386  16.207 -10.373
2.40   15.587 -15.957  14.964 -15.968  16.207 -15.946

>>> Slice 8  YFIE=   <<<
um       Field 1         Field 2         Field 3
         x      y        x      y        x      y
0.85   0.760  -7.291  0.127  -7.291  1.389  -7.290
1.25   0.766 -10.549  0.133 -10.549  1.397 -10.548
2.40   0.784 -16.128  0.160 -16.128  1.406 -16.127

>>> Slice 9  YFIE=   <<<
um         Field 1          Field 2          Field 3
          x       y        x      y         x       y
0.85   -17.079  -7.111  -17.708  -7.107  -16.451  -7.115
1.25   -17.072 -10.369  -17.702 -10.362  -16.444 -10.376
2.40   -17.043 -15.947  -17.664 -15.935  -16.423 -15.959


****************
*  Thermal IR  *
****************

Field 1: middle of slice
Field 2: -0.0010 deg Y (right)
Field 3: +0.0010 deg Y (left)

>>> Slice 1  YFIE=1.0e-3 <<<
um      Field 1        Field 2        Field 3
       x      y       x      y       x      y
2.4  15.426  9.572  14.787  9.569  16.059  9.578
3.2  15.411  6.430  14.808  6.426  16.070  6.436
4.0  15.460  2.241  14.830  2.236  16.084  2.248
4.2  15.465  1.009  14.838  1.004  16.088  1.017

>>> Slice 2  YFIE= <<<
um      Field 1        Field 2        Field 3
       x      y       x      y       x      y
2.4  0.461  9.437  -0.178  9.439  1.096  9.439
3.2  0.483  6.295  -0.152  6.296  1.114  6.297
4.0  0.511  2.106  -0.118  2.107  1.136  2.108
4.2  0.519  0.874  -0.108  0.876  1.143  0.876

>>> Slice 3  YFIE= <<<
um      Field 1        Field 2        Field 3
       x      y       x      y       x      y
2.4  -17.559 9.651  -18.190 9.657 -16.929 9.648
3.2  -17.529 6.508  -18.156 6.515 -16.903 6.503
4.0  -17.491 2.317  -18.113 2.326 -16.871 2.312
4.2  -17.480 1.086  -18.100 1.094 -16.861 1.080

>>> Slice 4  YFIE= <<<
um      Field 1        Field 2        Field 3
       x      y       x      y       x      y
2.4  -16.042  0.426  -16.682  0.430  -15.405  0.425
3.2  -16.013 -2.704  -16.649 -2.699  -15.380 -2.706
4.0  -15.976 -6.877  -16.606 -6.871  -15.349 -6.881
4.2  -15.965 -8.104  -16.593 -8.098  -15.340 -8.108

>>> Slice 5  YFIE= <<<
um      Field 1        Field 2        Field 3
       x      y       x      y       x      y
2.4  -1.100  0.295  -1.742  0.296  -0.463  0.296
3.2  -1.078 -2.835  -1.715 -2.833  -0.445 -2.834
4.0  -1.049 -7.007  -1.680 -7.006  -0.423 -7.006
4.2  -1.041 -8.234  -1.670 -8.232  -0.416 -8.233

>>> Slice 6  YFIE= <<<
um      Field 1        Field 2        Field 3
       x      y       x      y       x      y
2.4  16.900  0.456  16.247  0.456  17.547  0.459
3.2  16.915 -2.672  16.267 -2.674  17.558 -2.668
4.0  16.934 -6.843  16.291 -6.846  17.571 -6.838
4.2  16.939 -8.070  16.298 -8.073  17.574 -8.064

>>> Slice 7  YFIE= <<<
um      Field 1        Field 2        Field 3
       x      y        x      y        x      y
2.4  15.390  -8.823  14.375  -8.821  16.039  -8.823
3.2  15.405 -11.939  14.755 -11.938  16.050 -11.938
4.0  15.425 -16.094  14.781 -16.095  16.063 -16.091
4.2  15.431 -17.315  14.789 -17.317  16.067 -17.312

>>> Slice 8  YFIE= <<<
um      Field 1        Field 2        Field 3
       x      y       x      y       x      y
2.4  0.447  -8.938  -0.209  -8.937  1.098  -8.937
3.2  0.469 -12.054  -0.182 -12.053  1.115 -12.053
4.0  0.497 -16.209  -0.147 -16.208  1.136 -16.208
4.2  0.505 -17.431  -0.137 -17.429  1.142 -17.429

>>> Slice 9  YFIE= <<<
um      Field 1          Field 2          Field 3
       x      y         x       y        x       y
2.4  -17.543  -8.816  -18.183  -8.816  -16.907  -8.815
3.2  -17.514 -11.934  -18.149 -11.932  -16.882 -11.933
4.0  -17.476 -16.091  -18.105 -16.088  -16.850 -16.092
4.2  -17.465 -17.313  -18.092 -17.310  -16.841 -17.315
