Spectre Spot Positions

Context: Kenji needs to know the locations on the detector for each slice, wavelength, and field position

Moreover, these values are based on interpolations for the fine grid wavelength
location file using the provided values and the values of 20250430 as the base
from which the interpolations are done. 

****************
*   36 Slices  *
****************
XY location (in mm) on the detector for Field 1 (middle of the slice) at 850 nm in the NIR channel

1-12:  top row, left to right
13-24: middle row, right to left
25-36: bottom row, left to right

#     x      y
1  -17.07  13.72
2  -14.10  13.63
3  -11.14  13.56
4   -8.17  13.50
5   -5.20  13.48
6   -2.23  13.46
7    0.74  13.45
8    3.71  13.45
9    6.68  13.47
10   9.65  13.51
11  12.61  13.56
12  15.58  13.62
13  17.07   4.66
14  14.10   4.60
15  11.13   4.54
16   8.16   4.50
17   5.19   4.46
18   2.22   4.45
19  -0.75   4.45
20  -3.72   4.45
21  -6.69   4.48
22  -9.65   4.50
23 -12.62   4.56
24 -15.59   4.62
25 -17.08  -4.54 
26 -14.11  -4.60
27 -11.14  -4.64
28  -8.17  -4.67
29  -5.20  -4.70
30  -2.23  -4.71
31   0.74  -4.71
32   3.71  -4.71
33   6.68  -4.69
34   9.65  -4.65
35  12.62  -4.61
36  15.59  -4.55

****************
*   Visible    *
****************

Field 1: middle of slice
Field 2: -0.0010 deg Y (right)
Field 3: +0.0010 deg Y (left)

>>> Slice 1  YFIE=1.0e-3 <<<
nm       Field 1         Field 2         Field 3
          x       y        x         y        x         y
 310    12.955  18.484   13.475    18.457   12.435    18.495
 370    12.964  13.569   13.484    13.555   12.444    13.573
 440    12.975  10.364   13.495    10.359   12.455    10.364
 510    12.983   8.428   13.503     8.428   12.463     8.425
 580    12.988   7.144   13.508     7.147   12.468     7.139
 650    12.991   6.226   13.511     6.231   12.471     6.219
 720    12.993   5.530   13.513     5.538   12.473     5.523
 790    12.997   4.974   13.517     4.983   12.477     4.966
 860    13.000   4.510   13.520     4.520   12.480     4.501
 930    13.002   4.107   13.522     4.118   12.482     4.097
1000    13.004   3.744   13.524     3.757   12.484     3.735


>>> Slice 2  YFIE=7.14e-4 <<<
nm       Field 1         Field 2         Field 3
          x       y       x         y       x         y
 310     0.650  18.339   1.170    18.339   0.113    18.339
 370     0.650  13.423   1.170    13.423   0.117    13.423
 440     0.650  10.218   1.170    10.218   0.120    10.218
 510     0.650   8.282   1.170     8.282   0.123     8.282
 580     0.650   6.997   1.170     6.997   0.125     6.997
 650     0.650   6.079   1.170     6.079   0.126     6.079
 720     0.650   5.383   1.170     5.383   0.127     5.383
 790     0.650   4.827   1.170     4.827   0.128     4.827
 860     0.650   4.363   1.170     4.363   0.129     4.363
 930     0.650   3.960   1.170     3.960   0.130     3.960
1000     0.650   3.597   1.170     3.597   0.130     3.597


>>> Slice 3  YFIE=3.714e-4 <<<
nm       Field 1         Field 2         Field 3
           x       y         x         y         x         y
 310    -14.191  18.549   -13.671    18.544   -14.711    18.538
 370    -14.198  13.633   -13.678    13.629   -14.718    13.629
 440    -14.204  10.428   -13.684    10.424   -14.724    10.429
 510    -14.209   8.492   -13.689     8.488   -14.729     8.495
 580    -14.213   7.207   -13.693     7.204   -14.733     7.212
 650    -14.215   6.289   -13.695     6.286   -14.735     6.295
 720    -14.217   5.593   -13.697     5.590   -14.737     5.600
 790    -14.219   5.037   -13.699     5.034   -14.739     5.045
 860    -14.221   4.573   -13.701     4.570   -14.741     4.582
 930    -14.222   4.170   -13.702     4.167   -14.742     4.179
1000    -14.223   3.807   -13.703     3.804   -14.743     3.817


>>> Slice 4  YFIE=3.143e-4 <<<
nm       Field 1         Field 2         Field 3
           x       y         x       y         x       y
 310    -12.981  11.096   -12.461  11.102   -13.511  11.085
 370    -12.988   6.167   -12.468   6.167   -13.518   6.163
 440    -12.994   2.953   -12.474   2.949   -13.524   2.954
 510    -12.999   1.012   -12.479   1.005   -13.529   1.015
 580    -13.003  -0.276   -12.483  -0.285   -13.533  -0.271
 650    -13.005  -1.197   -12.485  -1.207   -13.535  -1.191
 720    -13.007  -1.895   -12.487  -1.905   -13.537  -1.887
 790    -13.009  -2.452   -12.489  -2.463   -13.539  -2.444
 860    -13.011  -2.918   -12.491  -2.929   -13.541  -2.909
 930    -13.012  -3.322   -12.492  -3.334   -13.542  -3.313
1000    -13.013  -3.685   -12.493  -3.698   -13.543  -3.675


>>> Slice 5  YFIE=2.857e-5 <<<
nm       Field 1         Field 2         Field 3
          x       y        x       y        x       y
 310    -0.640  10.952   -0.120  10.952   -1.170  10.952
 370    -0.640   6.023   -0.120   6.023   -1.170   6.023
 440    -0.640   2.810   -0.120   2.810   -1.170   2.810
 510    -0.640   0.868   -0.120   0.868   -1.170   0.868
 580    -0.640  -0.420   -0.120  -0.420   -1.170  -0.420
 650    -0.640  -1.340   -0.120  -1.340   -1.170  -1.340
 720    -0.640  -2.038   -0.120  -2.038   -1.170  -2.038
 790    -0.640  -2.595   -0.120  -2.595   -1.170  -2.595
 860    -0.640  -3.061   -0.120  -3.061   -1.170  -3.061
 930    -0.640  -3.465   -0.120  -3.465   -1.170  -3.465
1000    -0.640  -3.828   -0.120  -3.828   -1.170  -3.828


>>> Slice 6  YFIE= <<<
nm       Field 1         Field 2         Field 3
          x       y        x       y        x       y
 310    14.199  11.115   14.725  11.104   13.679  11.126
 370    14.208   6.193   14.734   6.189   13.688   6.197
 440    14.218   2.984   14.745   2.984   13.698   2.983
 510    14.226   1.045   14.753   1.048   13.706   1.042
 580    14.231  -0.241   14.758  -0.236   13.711  -0.246
 650    14.234  -1.161   14.761  -1.154   13.714  -1.167
 720    14.236  -1.857   14.763  -1.850   13.716  -1.865
 790    14.239  -2.414   14.767  -2.406   13.719  -2.422
 860    14.242  -2.879   14.770  -2.870   13.722  -2.888
 930    14.245  -3.283   14.772  -3.273   13.725  -3.292
1000    14.246  -3.645   14.774  -3.636   13.726  -3.655


>>> Slice 7  YFIE= <<<
nm       Field 1         Field 2         Field 3
          x        y        x        y        x        y
 310    12.985    3.602   13.521    3.575   12.465    3.592
 370    12.994   -1.333   13.528   -1.347   12.474   -1.343
 440    13.005   -4.551   13.534   -4.556   12.485   -4.561
 510    13.013   -6.495   13.539   -6.495   12.493   -6.505
 580    13.018   -7.785   13.543   -7.781   12.498   -7.795
 650    13.021   -8.707   13.545   -8.701   12.501   -8.717
 720    13.023   -9.405   13.547   -9.397   12.503   -9.415
 790    13.027   -9.963   13.549   -9.954   12.507   -9.973
 860    13.030  -10.429   13.551  -10.419   12.510  -10.439
 930    13.032  -10.834   13.552  -10.823   12.512  -10.844
1000    13.034  -11.198   13.553  -11.185   12.514  -11.208


>>> Slice 8  YFIE= <<<
nm       Field 1         Field 2         Field 3
          x        y       x        y       x       y
 310     0.640    3.462   1.160    3.462   0.103    3.462
 370     0.640   -1.473   1.160   -1.473   0.107   -1.473
 440     0.640   -4.691   1.160   -4.691   0.110   -4.691
 510     0.640   -6.635   1.160   -6.635   0.113   -6.635
 580     0.640   -7.925   1.160   -7.925   0.115   -7.925
 650     0.640   -8.847   1.160   -8.847   0.116   -8.847
 720     0.640   -9.545   1.160   -9.545   0.117   -9.545
 790     0.640  -10.103   1.160  -10.103   0.118  -10.103
 860     0.640  -10.569   1.160  -10.569   0.119  -10.569
 930     0.640  -10.974   1.160  -10.974   0.120  -10.974
1000     0.640  -11.338   1.160  -11.338   0.120  -11.338


>>> Slice 9  YFIE= <<<
nm       Field 1         Field 2         Field 3
           x        y         x        y         x        y
 310    -14.237    3.592   -13.705    3.602   -14.761    3.589
 370    -14.244   -1.337   -13.714   -1.333   -14.768   -1.333
 440    -14.251   -4.550   -13.725   -4.551   -14.774   -4.543
 510    -14.256   -6.492   -13.733   -6.495   -14.779   -6.482
 580    -14.260   -7.780   -13.738   -7.785   -14.783   -7.768
 650    -14.262   -8.700   -13.741   -8.707   -14.785   -8.688
 720    -14.264   -9.398   -13.743   -9.405   -14.787   -9.384
 790    -14.266   -9.955   -13.747   -9.963   -14.789   -9.941
 860    -14.268  -10.421   -13.750  -10.429   -14.791  -10.406
 930    -14.270  -10.825   -13.752  -10.834   -14.792  -10.810
1000    -14.271  -11.188   -13.754  -11.198   -14.793  -11.173




****************
*     NIR      *
****************

Field 1: middle of slice
Field 2: -0.0010 deg Y (right)
Field 3: +0.0010 deg Y (left)

>>> Slice 1  YFIE=1.0e-3 <<<
um       Field 1         Field 2         Field 3
           x       y        x       y        x       y
0.700    15.600  16.255   16.230  16.255   14.970  16.245
0.900    15.601  13.001   16.230  13.005   14.973  12.991
1.100    15.603  11.253   16.230  11.258   14.975  11.243
1.300    15.604  10.041   16.230  10.047   14.978  10.031
1.500    15.605   9.040   16.230   9.047   14.980   9.030
1.700    15.606   8.114   16.230   8.122   14.981   8.104
1.900    15.607   7.193   16.230   7.202   14.984   7.183
2.100    15.608   6.238   16.230   6.248   14.986   6.228
2.300    15.610   5.226   16.230   5.237   14.989   5.216
2.500    15.611   4.136   16.230   4.148   14.992   4.126
2.700    15.613   2.956   16.230   2.969   14.996   2.946


>>> Slice 2  YFIE=   <<<
um       Field 1         Field 2         Field 3
           x       y       x       y       x       y
0.700     0.767  16.055   1.400  16.065   0.134  16.065
0.900     0.772  12.805   1.403  12.811   0.141  12.811
1.100     0.776  11.058   1.405  11.063   0.147  11.063
1.300     0.780   9.847   1.408   9.851   0.151   9.851
1.500     0.783   8.847   1.410   8.850   0.156   8.850
1.700     0.786   7.922   1.411   7.924   0.160   7.924
1.900     0.790   7.002   1.414   7.003   0.165   7.003
2.100     0.794   6.048   1.416   6.048   0.171   6.048
2.300     0.798   5.037   1.419   5.036   0.177   5.036
2.500     0.803   3.948   1.422   3.946   0.183   3.946
2.700     0.808   2.769   1.426   2.766   0.191   2.766


>>> Slice 3  YFIE=   <<<
um       Field 1         Field 2         Field 3
            x       y         x       y         x       y
0.700    -17.091  16.335   -16.469  16.330   -17.719  16.345
0.900    -17.083  13.085   -16.459  13.081   -17.709  13.095
1.100    -17.077  11.338   -16.453  11.334   -17.703  11.348
1.300    -17.072  10.127   -16.447  10.124   -17.697  10.137
1.500    -17.068   9.127   -16.441   9.124   -17.691   9.137
1.700    -17.063   8.202   -16.436   8.199   -17.686   8.212
1.900    -17.057   7.282   -16.429   7.279   -17.679   7.292
2.100    -17.052   6.328   -16.422   6.326   -17.672   6.338
2.300    -17.045   5.317   -16.415   5.314   -17.665   5.327
2.500    -17.038   4.228   -16.406   4.226   -17.656   4.238
2.700    -17.030   3.049   -16.396   3.047   -17.646   3.059


>>> Slice 4  YFIE=   <<<
um       Field 1         Field 2         Field 3
            x       y         x       y         x       y
0.700    -15.606   7.055   -14.973   7.045   -16.231   7.051
0.900    -15.599   3.816   -14.968   3.806   -16.223   3.819
1.100    -15.593   2.076   -14.964   2.066   -16.217   2.082
1.300    -15.589   0.869   -14.960   0.859   -16.212   0.878
1.500    -15.584  -0.127   -14.957  -0.137   -16.208  -0.116
1.700    -15.580  -1.050   -14.954  -1.060   -16.203  -1.037
1.900    -15.575  -1.967   -14.950  -1.977   -16.197  -1.952
2.100    -15.569  -2.917   -14.946  -2.927   -16.192  -2.900
2.300    -15.563  -3.925   -14.942  -3.935   -16.185  -3.906
2.500    -15.557  -5.010   -14.937  -5.020   -16.178  -4.989
2.700    -15.549  -6.185   -14.932  -6.195   -16.170  -6.161


>>> Slice 5  YFIE=   <<<
um       Field 1         Field 2         Field 3
           x       y        x       y        x       y
0.700    -0.775   6.865   -0.150   6.875   -1.416   6.875
0.900    -0.772   3.629   -0.147   3.636   -1.409   3.636
1.100    -0.769   1.891   -0.145   1.896   -1.403   1.896
1.300    -0.766   0.685   -0.142   0.689   -1.399   0.689
1.500    -0.764  -0.310   -0.140  -0.307   -1.394  -0.307
1.700    -0.762  -1.232   -0.139  -1.230   -1.390  -1.230
1.900    -0.759  -2.148   -0.136  -2.147   -1.385  -2.147
2.100    -0.756  -3.097   -0.134  -3.097   -1.379  -3.097
2.300    -0.753  -4.104   -0.131  -4.105   -1.373  -4.105
2.500    -0.749  -5.188   -0.128  -5.190   -1.367  -5.190
2.700    -0.745  -6.362   -0.124  -6.365   -1.359  -6.365



>>> Slice 6  YFIE=   <<<
um       Field 1         Field 2         Field 3
           x       y        x       y        x       y
0.700    17.062   7.091   17.690   7.101   16.430   7.095
0.900    17.064   3.855   17.690   3.865   16.433   3.856
1.100    17.065   2.117   17.690   2.127   16.435   2.116
1.300    17.066   0.911   17.690   0.921   16.438   0.909
1.500    17.067  -0.084   17.690  -0.074   16.440  -0.087
1.700    17.067  -1.005   17.690  -0.995   16.441  -1.010
1.900    17.068  -1.921   17.690  -1.911   16.444  -1.927
2.100    17.069  -2.870   17.690  -2.860   16.446  -2.877
2.300    17.071  -3.877   17.690  -3.867   16.449  -3.885
2.500    17.072  -4.961   17.690  -4.951   16.452  -4.970
2.700    17.073  -6.134   17.690  -6.124   16.456  -6.145



>>> Slice 7  YFIE=   <<<
um       Field 1         Field 2         Field 3
           x        y        x        y        x        y
0.700    15.570   -2.209   16.202   -2.213   14.940   -2.219
0.900    15.573   -5.430   16.204   -5.431   14.943   -5.440
1.100    15.575   -7.161   16.205   -7.159   14.945   -7.171
1.300    15.578   -8.361   16.206   -8.358   14.948   -8.371
1.500    15.580   -9.351   16.207   -9.347   14.950   -9.361
1.700    15.581  -10.268   16.207  -10.263   14.951  -10.278
1.900    15.584  -11.180   16.208  -11.174   14.954  -11.190
2.100    15.586  -12.125   16.209  -12.118   14.956  -12.135
2.300    15.589  -13.128   16.211  -13.119   14.959  -13.138
2.500    15.592  -14.207   16.212  -14.197   14.962  -14.217
2.700    15.596  -15.375   16.213  -15.364   14.966  -15.385



>>> Slice 8  YFIE=   <<<
um       Field 1         Field 2         Field 3
           x        y       x        y        x        y
0.700     0.757   -2.379   1.390   -2.379    0.114   -2.379
0.900     0.762   -5.600   1.393   -5.600    0.121   -5.600
1.100     0.766   -7.331   1.395   -7.331    0.127   -7.331
1.300     0.770   -8.531   1.398   -8.531    0.131   -8.531
1.500     0.773   -9.521   1.400   -9.521    0.136   -9.521
1.700     0.776  -10.438   1.401  -10.438    0.140  -10.438
1.900     0.780  -11.350   1.404  -11.350    0.145  -11.350
2.100     0.784  -12.295   1.406  -12.295    0.151  -12.295
2.300     0.788  -13.298   1.409  -13.298    0.157  -13.298
2.500     0.793  -14.377   1.412  -14.377    0.163  -14.377
2.700     0.798  -15.545   1.416  -15.545    0.171  -15.545



>>> Slice 9  YFIE=   <<<
um         Field 1          Field 2          Field 3
            x        y         x        y         x        y
0.700    -17.068   -2.199   -16.443   -2.209   -17.701   -2.199
0.900    -17.062   -5.420   -16.438   -5.430   -17.693   -5.417
1.100    -17.058   -7.151   -16.434   -7.161   -17.687   -7.146
1.300    -17.054   -8.351   -16.430   -8.361   -17.682   -8.345
1.500    -17.051   -9.341   -16.427   -9.351   -17.678   -9.334
1.700    -17.047  -10.258   -16.424  -10.268   -17.673  -10.250
1.900    -17.043  -11.170   -16.420  -11.180   -17.667  -11.161
2.100    -17.039  -12.115   -16.416  -12.125   -17.662  -12.105
2.300    -17.034  -13.118   -16.412  -13.128   -17.655  -13.107
2.500    -17.029  -14.197   -16.407  -14.207   -17.648  -14.185
2.700    -17.022  -15.365   -16.402  -15.375   -17.640  -15.352


****************
*  Thermal IR  *      
****************

Field 1: middle of slice
Field 2: -0.0010 deg Y (right)
Field 3: +0.0010 deg Y (left)

>>> Slice 1  YFIE=1.0e-3 <<<
um      Field 1        Field 2        Field 3
           x       y        x       y        x       y
2.000    15.715  15.343   16.345  15.353   15.081  15.343
2.300    15.720  14.437   16.350  14.447   15.086  14.437
2.600    15.725  13.416   16.355  13.426   15.091  13.416
2.900    15.730  12.262   16.360  12.272   15.097  12.262
3.200    15.737  10.969   16.367  10.979   15.103  10.969
3.500    15.743   9.530   16.373   9.540   15.110   9.530
3.800    15.751   7.935   16.381   7.945   15.118   7.935
4.100    15.758   6.175   16.388   6.185   15.126   6.175
4.400    15.767   4.238   16.397   4.248   15.135   4.238
4.700    15.777   2.112   16.407   2.122   15.145   2.112



>>> Slice 2  YFIE= <<<
um      Field 1        Field 2        Field 3
           x       y       x       y       x       y
2.000     0.759  15.212   1.392  15.209   0.115  15.213
2.300     0.766  14.305   1.398  14.303   0.125  14.307
2.600     0.774  13.282   1.404  13.282   0.133  13.286
2.900     0.782  12.128   1.411  12.128   0.143  12.132
3.200     0.792  10.833   1.419  10.836   0.154  10.839
3.500     0.802   9.393   1.428   9.397   0.166   9.400
3.800     0.813   7.796   1.437   7.802   0.179   7.805
4.100     0.825   6.034   1.447   6.043   0.193   6.045
4.400     0.838   4.095   1.458   4.106   0.209   4.108
4.700     0.853   1.967   1.470   1.980   0.227   1.982


>>> Slice 3  YFIE= <<<
um      Field 1        Field 2        Field 3
            x       y         x       y         x       y
2.000    -17.264  15.423   -16.625  15.426   -17.898  15.433
2.300    -17.253  14.517   -16.615  14.519   -17.887  14.527
2.600    -17.244  13.496   -16.607  13.496   -17.878  13.506
2.900    -17.233  12.342   -16.597  12.341   -17.867  12.352
3.200    -17.220  11.049   -16.586  11.047   -17.853  11.059
3.500    -17.206   9.610   -16.574   9.606   -17.840   9.620
3.800    -17.192   8.015   -16.561   8.009   -17.825   8.025
4.100    -17.176   6.255   -16.547   6.247   -17.808   6.265
4.400    -17.158   4.318   -16.531   4.307   -17.790   4.328
4.700    -17.138   2.192   -16.513   2.178   -17.770   2.202



>>> Slice 4  YFIE= <<<
um      Field 1        Field 2        Field 3
            x       y         x       y         x       y
2.000    -15.755   6.201   -15.120   6.188   -16.403   6.198
2.300    -15.745   5.298   -15.111   5.286   -16.391   5.296
2.600    -15.737   4.278   -15.103   4.268   -16.381   4.278
2.900    -15.727   3.128   -15.094   3.118   -16.369   3.128
3.200    -15.716   1.838   -15.082   1.830   -16.354   1.840
3.500    -15.704   0.401   -15.071   0.396   -16.339   0.406
3.800    -15.691  -1.190   -15.058  -1.194   -16.323  -1.184
4.100    -15.677  -2.946   -15.044  -2.947   -16.305  -2.937
4.400    -15.661  -4.879   -15.029  -4.878   -16.285  -4.868
4.700    -15.643  -7.000   -15.012  -6.996   -16.263  -6.986


>>> Slice 5  YFIE= <<<
um      Field 1        Field 2        Field 3
           x       y        x       y        x       y
2.000    -0.807   6.058   -0.168   6.058   -1.454   6.063
2.300    -0.799   5.156   -0.162   5.156   -1.443   5.160
2.600    -0.792   4.138   -0.156   4.138   -1.434   4.142
2.900    -0.784   2.988   -0.149   2.988   -1.423   2.992
3.200    -0.775   1.700   -0.141   1.700   -1.410   1.703
3.500    -0.765   0.266   -0.132   0.266   -1.396   0.269
3.800    -0.754  -1.324   -0.123  -1.324   -1.382  -1.321
4.100    -0.742  -3.077   -0.113  -3.077   -1.366  -3.075
4.400    -0.729  -5.008   -0.102  -5.008   -1.348  -5.006
4.700    -0.715  -7.126   -0.090  -7.126   -1.328  -7.125



>>> Slice 6  YFIE= <<<
um      Field 1        Field 2        Field 3
           x       y        x       y        x       y
2.000    17.185   6.231   17.824   6.228   16.542   6.218
2.300    17.190   5.328   17.828   5.326   16.548   5.316
2.600    17.195   4.308   17.832   4.308   16.554   4.298
2.900    17.200   3.158   17.836   3.158   16.561   3.148
3.200    17.207   1.868   17.841   1.870   16.569   1.860
3.500    17.213   0.431   17.846   0.436   16.578   0.426
3.800    17.221  -1.160   17.852  -1.154   16.587  -1.164
4.100    17.228  -2.916   17.858  -2.907   16.597  -2.917
4.400    17.237  -4.849   17.864  -4.838   16.608  -4.848
4.700    17.247  -6.970   17.872  -6.956   16.620  -6.966



>>> Slice 7  YFIE= <<<
um      Field 1        Field 2        Field 3
           x        y        x        y        x        y
2.000    15.685   -3.057   16.328   -3.060   15.042   -3.057
2.300    15.690   -3.956   16.330   -3.958   15.048   -3.956
2.600    15.695   -4.970   16.333   -4.971   15.054   -4.970
2.900    15.700   -6.116   16.335   -6.115   15.061   -6.116
3.200    15.707   -7.399   16.338   -7.397   15.069   -7.399
3.500    15.713   -8.829   16.342   -8.824   15.078   -8.829
3.800    15.721  -10.412   16.345  -10.406   15.087  -10.412
4.100    15.728  -12.160   16.349  -12.151   15.097  -12.160
4.400    15.737  -14.083   16.354  -14.073   15.108  -14.083
4.700    15.747  -16.194   16.358  -16.181   15.120  -16.194



>>> Slice 8  YFIE= <<<
um      Field 1        Field 2        Field 3
           x        y       x        y       x        y
2.000     0.739   -3.175   1.385   -3.175   0.095   -3.167
2.300     0.746   -4.073   1.390   -4.073   0.105   -4.066
2.600     0.754   -5.087   1.395   -5.087   0.113   -5.080
2.900     0.762   -6.231   1.400   -6.231   0.123   -6.226
3.200     0.772   -7.513   1.407   -7.513   0.134   -7.509
3.500     0.782   -8.941   1.413   -8.941   0.146   -8.939
3.800     0.793  -10.523   1.421  -10.523   0.159  -10.522
4.100     0.805  -12.269   1.428  -12.269   0.173  -12.270
4.400     0.818  -14.191   1.437  -14.191   0.189  -14.193
4.700     0.833  -16.299   1.447  -16.299   0.207  -16.304



>>> Slice 9  YFIE= <<<
um      Field 1          Field 2          Field 3
            x        y         x        y         x        y
2.000    -17.244   -3.055   -16.600   -3.057   -17.883   -3.060
2.300    -17.233   -3.953   -16.591   -3.956   -17.871   -3.958
2.600    -17.224   -4.967   -16.583   -4.970   -17.861   -4.971
2.900    -17.213   -6.111   -16.574   -6.116   -17.849   -6.115
3.200    -17.200   -7.393   -16.562   -7.399   -17.834   -7.397
3.500    -17.186   -8.821   -16.551   -8.829   -17.819   -8.824
3.800    -17.172  -10.403   -16.538  -10.412   -17.803  -10.406
4.100    -17.156  -12.149   -16.524  -12.160   -17.785  -12.151
4.400    -17.138  -14.071   -16.509  -14.083   -17.765  -14.073
4.700    -17.118  -16.179   -16.492  -16.194   -17.743  -16.181
