#3
3x3
2 2 2 
2 1 1 
1 9 0
3x6
5 1 1 2 2 2 
2 1 1 0 0 0 
1 6 0 0 0 0
3x6
5 1 1 2 2 2 
2 2 2 0 0 0 
3 6 0 0 0 0
#3 1 1 0
0 1 min.43 1 1 0
1 1 group.69 1 1 0
2 3 min.36 1 2 0
#3 1 1 1
0 1 min.43 1 1 1
1 1 group.69 1 1 1
2 3 min.36 1 2 0
#3 1 1 3
0 1 min.43 1 1 1
1 1 group.69 1 1 0
2 3 min.36 1 2 1
#3 1 1 4
0 1 min.43 1 1 4
1 1 group.69 1 1 1
2 3 min.36 1 2 1
#3 1 2 0
0 1 min.43 1 2 0
1 1 group.69 1 2 0
2 3 min.36 1 4 0
#3 1 2 1
0 1 min.43 1 2 1
1 1 group.69 1 2 1
2 3 min.36 1 4 1
#3 2 1 0
0 1 min.43 1 1 0
1 1 group.69 2 1 0
2 3 min.36 1 2 0
#3 2 1 1
0 1 min.43 1 1 1
1 1 group.69 2 1 1
2 3 min.36 1 2 0
