#31
7x5
1 5 0 0 0 
1 3 0 0 0 
2 1 2 0 0 
1 1 0 0 0 
4 1 5 1 5 
4 2 4 2 4 
1 64 0 0 0
7x5
1 5 0 0 0 
1 3 0 0 0 
2 1 2 0 0 
1 4 0 0 0 
4 1 5 1 5 
4 2 4 2 4 
1 64 0 0 0
7x5
1 5 0 0 0 
1 3 0 0 0 
2 1 2 0 0 
2 1 4 0 0 
4 1 5 1 5 
4 2 4 2 4 
1 64 0 0 0
7x5
1 5 0 0 0 
1 3 0 0 0 
1 1 0 0 0 
1 4 0 0 0 
4 1 5 1 5 
4 2 4 2 4 
1 64 0 0 0
7x5
1 5 0 0 0 
1 3 0 0 0 
3 1 2 4 0 
1 1 0 0 0 
4 1 5 1 5 
4 2 4 2 4 
1 64 0 0 0
7x5
1 5 0 0 0 
1 3 0 0 0 
1 2 0 0 0 
1 4 0 0 0 
4 1 5 1 5 
4 2 4 2 4 
1 64 0 0 0
7x5
1 5 0 0 0 
1 3 0 0 0 
3 1 2 4 0 
2 1 4 0 0 
4 1 5 1 5 
4 2 4 2 4 
1 64 0 0 0
7x5
1 5 0 0 0 
2 1 2 0 0 
1 1 0 0 0 
1 4 0 0 0 
4 1 5 1 5 
4 2 4 2 4 
1 64 0 0 0
7x5
1 5 0 0 0 
2 3 4 0 0 
2 1 2 0 0 
1 1 0 0 0 
4 1 5 1 5 
4 2 4 2 4 
1 64 0 0 0
7x5
1 5 0 0 0 
2 1 3 0 0 
2 1 2 0 0 
1 4 0 0 0 
4 1 5 1 5 
4 2 4 2 4 
1 64 0 0 0
7x5
1 5 0 0 0 
2 3 4 0 0 
2 1 2 0 0 
2 1 4 0 0 
4 1 5 1 5 
4 2 4 2 4 
1 64 0 0 0
7x5
1 5 0 0 0 
3 1 2 3 0 
1 1 0 0 0 
1 4 0 0 0 
4 1 5 1 5 
4 2 4 2 4 
1 64 0 0 0
7x5
1 5 0 0 0 
2 3 4 0 0 
3 1 2 4 0 
1 1 0 0 0 
4 1 5 1 5 
4 2 4 2 4 
1 64 0 0 0
7x5
1 5 0 0 0 
2 1 3 0 0 
1 2 0 0 0 
1 4 0 0 0 
4 1 5 1 5 
4 2 4 2 4 
1 64 0 0 0
7x5
1 5 0 0 0 
2 3 4 0 0 
3 1 2 4 0 
2 1 4 0 0 
4 1 5 1 5 
4 2 4 2 4 
1 64 0 0 0
7x5
1 3 0 0 0 
2 1 2 0 0 
1 1 0 0 0 
1 4 0 0 0 
4 1 5 1 5 
4 2 4 2 4 
1 64 0 0 0
7x5
2 4 5 0 0 
1 3 0 0 0 
2 1 2 0 0 
1 1 0 0 0 
4 1 5 1 5 
4 2 4 2 4 
1 64 0 0 0
7x5
2 5 1 0 0 
1 3 0 0 0 
2 1 2 0 0 
1 4 0 0 0 
4 1 5 1 5 
4 2 4 2 4 
1 64 0 0 0
7x5
2 4 5 0 0 
1 3 0 0 0 
2 1 2 0 0 
2 1 4 0 0 
4 1 5 1 5 
4 2 4 2 4 
1 64 0 0 0
7x5
3 1 2 5 0 
1 3 0 0 0 
1 1 0 0 0 
1 4 0 0 0 
4 1 5 1 5 
4 2 4 2 4 
1 64 0 0 0
7x5
2 4 5 0 0 
1 3 0 0 0 
3 1 2 4 0 
1 1 0 0 0 
4 1 5 1 5 
4 2 4 2 4 
1 64 0 0 0
7x5
2 5 1 0 0 
1 3 0 0 0 
1 2 0 0 0 
1 4 0 0 0 
4 1 5 1 5 
4 2 4 2 4 
1 64 0 0 0
7x5
2 4 5 0 0 
1 3 0 0 0 
3 1 2 4 0 
2 1 4 0 0 
4 1 5 1 5 
4 2 4 2 4 
1 64 0 0 0
7x5
2 3 5 0 0 
2 1 2 0 0 
1 1 0 0 0 
1 4 0 0 0 
4 1 5 1 5 
4 2 4 2 4 
1 64 0 0 0
7x5
2 4 5 0 0 
2 3 4 0 0 
2 1 2 0 0 
1 1 0 0 0 
4 1 5 1 5 
4 2 4 2 4 
1 64 0 0 0
7x5
2 5 1 0 0 
2 1 3 0 0 
2 1 2 0 0 
1 4 0 0 0 
4 1 5 1 5 
4 2 4 2 4 
1 64 0 0 0
7x5
2 4 5 0 0 
2 3 4 0 0 
2 1 2 0 0 
2 1 4 0 0 
4 1 5 1 5 
4 2 4 2 4 
1 64 0 0 0
7x5
3 1 2 5 0 
3 1 2 3 0 
1 1 0 0 0 
1 4 0 0 0 
4 1 5 1 5 
4 2 4 2 4 
1 64 0 0 0
7x5
2 4 5 0 0 
2 3 4 0 0 
3 1 2 4 0 
1 1 0 0 0 
4 1 5 1 5 
4 2 4 2 4 
1 64 0 0 0
7x5
2 5 1 0 0 
2 1 3 0 0 
1 2 0 0 0 
1 4 0 0 0 
4 1 5 1 5 
4 2 4 2 4 
1 64 0 0 0
7x5
2 4 5 0 0 
2 3 4 0 0 
3 1 2 4 0 
2 1 4 0 0 
4 1 5 1 5 
4 2 4 2 4 
1 64 0 0 0
