#16
6x7
3 4 4 4 0 0 0 
1 1 0 0 0 0 0 
1 2 0 0 0 0 0 
6 1 3 4 1 3 4 
2 4 4 0 0 0 0 
1 48 0 0 0 0 0
6x7
3 4 4 4 0 0 0 
1 1 0 0 0 0 0 
1 3 0 0 0 0 0 
6 1 3 4 1 3 4 
2 4 4 0 0 0 0 
1 48 0 0 0 0 0
6x7
3 4 4 4 0 0 0 
1 1 0 0 0 0 0 
2 2 3 0 0 0 0 
6 1 3 4 1 3 4 
2 4 4 0 0 0 0 
1 48 0 0 0 0 0
6x7
3 4 4 4 0 0 0 
1 2 0 0 0 0 0 
1 3 0 0 0 0 0 
6 1 3 4 1 3 4 
2 4 4 0 0 0 0 
1 48 0 0 0 0 0
6x7
3 4 4 4 0 0 0 
2 1 3 0 0 0 0 
1 2 0 0 0 0 0 
6 1 3 4 1 3 4 
2 4 4 0 0 0 0 
1 48 0 0 0 0 0
6x7
3 4 4 4 0 0 0 
2 1 2 0 0 0 0 
1 3 0 0 0 0 0 
6 1 3 4 1 3 4 
2 4 4 0 0 0 0 
1 48 0 0 0 0 0
6x7
3 4 4 4 0 0 0 
2 1 3 0 0 0 0 
2 2 3 0 0 0 0 
6 1 3 4 1 3 4 
2 4 4 0 0 0 0 
1 48 0 0 0 0 0
6x7
1 1 0 0 0 0 0 
1 2 0 0 0 0 0 
1 3 0 0 0 0 0 
6 1 3 4 1 3 4 
2 4 4 0 0 0 0 
1 48 0 0 0 0 0
6x7
4 4 3 4 4 0 0 
1 1 0 0 0 0 0 
1 2 0 0 0 0 0 
6 1 3 4 1 3 4 
2 4 4 0 0 0 0 
1 48 0 0 0 0 0
6x7
4 2 4 4 4 0 0 
1 1 0 0 0 0 0 
1 3 0 0 0 0 0 
6 1 3 4 1 3 4 
2 4 4 0 0 0 0 
1 48 0 0 0 0 0
6x7
4 4 3 4 4 0 0 
1 1 0 0 0 0 0 
2 2 3 0 0 0 0 
6 1 3 4 1 3 4 
2 4 4 0 0 0 0 
1 48 0 0 0 0 0
6x7
4 1 4 4 4 0 0 
1 2 0 0 0 0 0 
1 3 0 0 0 0 0 
6 1 3 4 1 3 4 
2 4 4 0 0 0 0 
1 48 0 0 0 0 0
6x7
4 4 3 4 4 0 0 
2 1 3 0 0 0 0 
1 2 0 0 0 0 0 
6 1 3 4 1 3 4 
2 4 4 0 0 0 0 
1 48 0 0 0 0 0
6x7
4 2 4 4 4 0 0 
2 1 2 0 0 0 0 
1 3 0 0 0 0 0 
6 1 3 4 1 3 4 
2 4 4 0 0 0 0 
1 48 0 0 0 0 0
6x7
4 4 3 4 4 0 0 
2 1 3 0 0 0 0 
2 2 3 0 0 0 0 
6 1 3 4 1 3 4 
2 4 4 0 0 0 0 
1 48 0 0 0 0 0
6x7
3 4 4 4 0 0 0 
1 1 0 0 0 0 0 
1 2 0 0 0 0 0 
1 3 0 0 0 0 0 
6 1 3 4 1 3 4 
3 32 0 0 0 0 0
