#16
6x6
1 4 0 0 0 0 
5 1 3 1 3 1 
1 2 0 0 0 0 
4 2 4 2 4 0 
4 1 3 1 3 0 
1 48 0 0 0 0
6x6
1 4 0 0 0 0 
5 1 3 1 3 1 
5 2 3 4 2 4 
4 2 4 2 4 0 
4 1 3 1 3 0 
1 48 0 0 0 0
6x6
1 4 0 0 0 0 
5 1 3 1 3 1 
4 3 4 2 4 0 
4 2 4 2 4 0 
4 1 3 1 3 0 
1 48 0 0 0 0
6x6
1 4 0 0 0 0 
1 2 0 0 0 0 
5 2 3 4 2 4 
4 2 4 2 4 0 
4 1 3 1 3 0 
1 48 0 0 0 0
6x11
1 4 0 0 0 0 0 0 0 0 0 
10 1 2 3 1 3 1 3 4 2 4 
1 2 0 0 0 0 0 0 0 0 0 
4 2 4 2 4 0 0 0 0 0 0 
4 1 3 1 3 0 0 0 0 0 0 
1 48 0 0 0 0 0 0 0 0 0
6x7
1 4 0 0 0 0 0 
6 1 2 3 1 3 1 
5 2 3 4 2 4 0 
4 2 4 2 4 0 0 
4 1 3 1 3 0 0 
1 48 0 0 0 0 0
6x11
1 4 0 0 0 0 0 0 0 0 0 
10 1 2 3 1 3 1 3 4 2 4 
4 3 4 2 4 0 0 0 0 0 0 
4 2 4 2 4 0 0 0 0 0 0 
4 1 3 1 3 0 0 0 0 0 0 
1 48 0 0 0 0 0 0 0 0 0
6x6
5 1 3 1 3 1 
1 2 0 0 0 0 
5 2 3 4 2 4 
4 2 4 2 4 0 
4 1 3 1 3 0 
1 48 0 0 0 0
6x6
4 2 3 4 2 0 
5 1 3 1 3 1 
1 2 0 0 0 0 
4 2 4 2 4 0 
4 1 3 1 3 0 
1 48 0 0 0 0
6x6
2 4 2 0 0 0 
5 1 3 1 3 1 
5 2 3 4 2 4 
4 2 4 2 4 0 
4 1 3 1 3 0 
1 48 0 0 0 0
6x6
4 2 3 4 2 0 
5 1 3 1 3 1 
4 3 4 2 4 0 
4 2 4 2 4 0 
4 1 3 1 3 0 
1 48 0 0 0 0
6x7
6 1 3 1 3 1 4 
1 2 0 0 0 0 0 
5 2 3 4 2 4 0 
4 2 4 2 4 0 0 
4 1 3 1 3 0 0 
1 48 0 0 0 0 0
6x11
4 2 3 4 2 0 0 0 0 0 0 
10 1 2 3 1 3 1 3 4 2 4 
1 2 0 0 0 0 0 0 0 0 0 
4 2 4 2 4 0 0 0 0 0 0 
4 1 3 1 3 0 0 0 0 0 0 
1 48 0 0 0 0 0 0 0 0 0
6x7
2 4 2 0 0 0 0 
6 1 2 3 1 3 1 
5 2 3 4 2 4 0 
4 2 4 2 4 0 0 
4 1 3 1 3 0 0 
1 48 0 0 0 0 0
6x11
4 2 3 4 2 0 0 0 0 0 0 
10 1 2 3 1 3 1 3 4 2 4 
4 3 4 2 4 0 0 0 0 0 0 
4 2 4 2 4 0 0 0 0 0 0 
4 1 3 1 3 0 0 0 0 0 0 
1 48 0 0 0 0 0 0 0 0 0
6x6
1 4 0 0 0 0 
5 1 3 1 3 1 
1 2 0 0 0 0 
5 2 3 4 2 4 
4 2 4 2 4 0 
3 32 0 0 0 0
