#7
6x8
7 2 2 2 2 2 2 3 
1 1 0 0 0 0 0 0 
2 2 2 0 0 0 0 0 
6 2 2 2 3 2 3 0 
4 2 2 2 2 0 0 0 
1 32 0 0 0 0 0 0
6x8
7 2 2 2 2 2 2 3 
1 2 0 0 0 0 0 0 
2 2 2 0 0 0 0 0 
6 2 2 2 3 2 3 0 
4 2 2 2 2 0 0 0 
1 32 0 0 0 0 0 0
6x8
7 2 2 2 2 2 2 3 
2 1 2 0 0 0 0 0 
2 2 2 0 0 0 0 0 
6 2 2 2 3 2 3 0 
4 2 2 2 2 0 0 0 
1 32 0 0 0 0 0 0
6x7
1 1 0 0 0 0 0 
1 2 0 0 0 0 0 
2 2 2 0 0 0 0 
6 2 2 2 3 2 3 
4 2 2 2 2 0 0 
1 32 0 0 0 0 0
6x9
8 2 2 2 2 2 2 3 2 
1 1 0 0 0 0 0 0 0 
2 2 2 0 0 0 0 0 0 
6 2 2 2 3 2 3 0 0 
4 2 2 2 2 0 0 0 0 
1 32 0 0 0 0 0 0 0
6x9
8 1 2 2 2 2 2 2 3 
1 2 0 0 0 0 0 0 0 
2 2 2 0 0 0 0 0 0 
6 2 2 2 3 2 3 0 0 
4 2 2 2 2 0 0 0 0 
1 32 0 0 0 0 0 0 0
6x9
8 2 2 2 2 2 2 3 2 
2 1 2 0 0 0 0 0 0 
2 2 2 0 0 0 0 0 0 
6 2 2 2 3 2 3 0 0 
4 2 2 2 2 0 0 0 0 
1 32 0 0 0 0 0 0 0
