#4
3x5
3 2 2 2 0 
4 2 2 2 2 
1 6 0 0 0
3x5
1 1 0 0 0 
4 2 2 2 2 
1 6 0 0 0
3x5
4 1 2 2 2 
4 2 2 2 2 
1 6 0 0 0
3x4
3 2 2 2 
1 1 0 0 
1 4 0 0
#4 1 1 0
0 1 min.37 1 1 0
1 1 group.70 1 1 0
2 1 min.36 1 1 0
3 1 min.21 1 1 0
#4 1 1 1
0 1 min.37 1 1 0
1 1 group.70 1 1 3
2 1 min.36 1 1 3
3 1 min.21 1 1 8
#4 1 1 10
0 1 min.37 1 1 2
1 1 group.70 1 1 1
2 1 min.36 1 1 2
3 1 min.21 1 1 16
#4 1 1 11
0 1 min.37 1 1 2
1 1 group.70 1 1 1
2 1 min.36 1 1 1
3 1 min.21 1 1 24
#4 1 1 12
0 1 min.37 1 1 3
1 1 group.70 1 1 0
2 1 min.36 1 1 3
3 1 min.21 1 1 4
#4 1 1 13
0 1 min.37 1 1 3
1 1 group.70 1 1 3
2 1 min.36 1 1 0
3 1 min.21 1 1 12
#4 1 1 14
0 1 min.37 1 1 3
1 1 group.70 1 1 3
2 1 min.36 1 1 3
3 1 min.21 1 1 20
#4 1 1 15
0 1 min.37 1 1 3
1 1 group.70 1 1 3
2 1 min.36 1 1 0
3 1 min.21 1 1 28
#4 1 1 2
0 1 min.37 1 1 0
1 1 group.70 1 1 3
2 1 min.36 1 1 0
3 1 min.21 1 1 16
#4 1 1 3
0 1 min.37 1 1 0
1 1 group.70 1 1 3
2 1 min.36 1 1 3
3 1 min.21 1 1 24
#4 1 1 4
0 1 min.37 1 1 1
1 1 group.70 1 1 2
2 1 min.36 1 1 1
3 1 min.21 1 1 4
#4 1 1 5
0 1 min.37 1 1 1
1 1 group.70 1 1 1
2 1 min.36 1 1 2
3 1 min.21 1 1 12
#4 1 1 6
0 1 min.37 1 1 1
1 1 group.70 1 1 1
2 1 min.36 1 1 1
3 1 min.21 1 1 20
#4 1 1 7
0 1 min.37 1 1 1
1 1 group.70 1 1 1
2 1 min.36 1 1 2
3 1 min.21 1 1 28
#4 1 1 8
0 1 min.37 1 1 2
1 1 group.70 1 1 2
2 1 min.36 1 1 2
3 1 min.21 1 1 0
#4 1 1 9
0 1 min.37 1 1 2
1 1 group.70 1 1 1
2 1 min.36 1 1 1
3 1 min.21 1 1 8
#4 1 2 0
0 1 min.37 1 2 0
1 1 group.70 1 1 0
2 1 min.36 1 2 0
3 1 min.21 1 4 0
#4 1 2 1
0 1 min.37 1 2 1
1 1 group.70 1 1 1
2 1 min.36 1 2 1
3 1 min.21 1 4 4
#4 1 2 2
0 1 min.37 1 2 1
1 1 group.70 1 1 2
2 1 min.36 1 2 1
3 1 min.21 1 4 0
#4 1 2 3
0 1 min.37 1 2 0
1 1 group.70 1 1 3
2 1 min.36 1 2 0
3 1 min.21 1 4 4
