#6
5x12
8 1 1 2 1 1 2 1 2 0 0 0 
11 1 1 1 1 1 2 1 1 2 1 2 
8 1 1 2 1 1 2 2 2 0 0 0 
10 1 1 1 2 1 1 2 1 1 2 0 
10 24 0 0 0 0 0 0 0 0 0 0
5x9
8 1 1 2 2 1 1 2 2 
7 1 1 1 1 2 1 2 0 
4 1 2 1 2 0 0 0 0 
6 1 2 1 1 2 2 0 0 
6 40 0 0 0 0 0 0 0
6x12
5 1 2 2 1 1 0 0 0 0 0 0 
8 1 1 1 1 2 2 1 1 0 0 0 
11 1 1 1 1 2 1 2 1 1 2 2 
6 2 2 1 1 2 2 0 0 0 0 0 
8 1 1 2 1 1 2 1 2 0 0 0 
5 48 0 0 0 0 0 0 0 0 0 0
5x11
10 1 1 1 1 1 2 2 2 1 2 
10 1 1 1 1 2 2 2 1 2 1 
8 1 1 1 1 2 2 1 1 0 0 
6 2 1 1 2 1 2 0 0 0 0 
1 120 0 0 0 0 0 0 0 0 0
5x11
10 1 1 1 1 1 2 2 2 1 2 
10 1 1 1 1 2 2 2 1 2 1 
8 1 1 1 1 2 2 1 1 0 0 
9 1 1 1 2 1 1 2 1 2 0 
1 120 0 0 0 0 0 0 0 0 0
5x11
10 1 1 1 1 1 2 2 2 1 2 
10 1 1 1 1 2 2 2 1 2 1 
8 1 1 1 1 2 2 1 1 0 0 
5 1 2 2 1 1 0 0 0 0 0 
1 120 0 0 0 0 0 0 0 0 0
