#5
8x13
11 1 2 1 2 2 2 2 1 2 1 2 0 
8 1 2 2 2 2 2 1 2 0 0 0 0 
10 1 2 2 1 2 2 2 1 2 1 0 0 
8 2 2 1 2 2 2 1 2 0 0 0 0 
12 1 2 2 2 1 2 1 2 1 2 2 2 
12 2 1 2 2 2 1 2 1 2 1 2 2 
8 1 2 1 2 1 2 1 2 0 0 0 0 
1 192 0 0 0 0 0 0 0 0 0 0 0
8x13
9 1 2 2 2 2 2 1 2 1 0 0 0 
8 1 2 2 2 2 2 1 2 0 0 0 0 
10 1 2 2 1 2 2 2 1 2 1 0 0 
8 2 2 1 2 2 2 1 2 0 0 0 0 
12 1 2 2 2 1 2 1 2 1 2 2 2 
12 2 1 2 2 2 1 2 1 2 1 2 2 
8 1 2 1 2 1 2 1 2 0 0 0 0 
1 192 0 0 0 0 0 0 0 0 0 0 0
8x13
10 2 1 2 2 2 2 1 2 2 1 0 0 
8 1 2 2 2 2 2 1 2 0 0 0 0 
10 1 2 2 1 2 2 2 1 2 1 0 0 
8 2 2 1 2 2 2 1 2 0 0 0 0 
12 1 2 2 2 1 2 1 2 1 2 2 2 
12 2 1 2 2 2 1 2 1 2 1 2 2 
8 1 2 1 2 1 2 1 2 0 0 0 0 
1 192 0 0 0 0 0 0 0 0 0 0 0
8x13
11 1 2 1 2 2 2 2 1 2 1 2 0 
9 1 2 2 2 2 2 1 2 1 0 0 0 
10 1 2 2 1 2 2 2 1 2 1 0 0 
8 2 2 1 2 2 2 1 2 0 0 0 0 
12 1 2 2 2 1 2 1 2 1 2 2 2 
12 2 1 2 2 2 1 2 1 2 1 2 2 
8 1 2 1 2 1 2 1 2 0 0 0 0 
3 128 0 0 0 0 0 0 0 0 0 0 0
7x12
11 1 2 1 2 2 2 2 1 2 1 2 
9 1 2 2 2 2 2 1 2 1 0 0 
8 1 2 2 2 2 2 1 2 0 0 0 
10 1 2 2 1 2 2 2 1 2 1 0 
8 2 2 1 2 2 2 1 2 0 0 0 
8 1 2 1 2 1 2 1 2 0 0 0 
4 96 0 0 0 0 0 0 0 0 0 0
