#5
4x9
8 1 2 1 2 1 2 2 2 
4 1 2 1 2 0 0 0 0 
6 1 2 1 2 2 2 0 0 
1 18 0 0 0 0 0 0 0
4x7
1 1 0 0 0 0 0 
4 1 2 1 2 0 0 
6 1 2 1 2 2 2 
1 18 0 0 0 0 0
4x8
7 2 1 2 1 2 2 2 
4 1 2 1 2 0 0 0 
6 1 2 1 2 2 2 0 
1 18 0 0 0 0 0 0
4x9
8 1 2 1 2 1 2 2 2 
1 1 0 0 0 0 0 0 0 
4 1 2 2 1 0 0 0 0 
3 12 0 0 0 0 0 0 0
4x9
8 1 2 1 2 1 2 2 2 
1 1 0 0 0 0 0 0 0 
4 1 2 1 2 0 0 0 0 
3 12 0 0 0 0 0 0 0
#3 1 1 0
0 2 group.114 1 1 0
1 1 group.116 1 1 0
3 6 group.77 1 2 0
#5 1 1 1
0 1 group.114 1 1 3
1 1 group.116 1 1 1
2 1 group.114 1 1 1
3 3 group.77 1 2 0
4 3 group.77 1 2 1
#3 1 1 4
0 2 group.114 1 1 4
1 1 group.116 1 1 4
3 6 group.77 1 2 1
#3 1 2 0
0 2 group.114 1 2 0
1 1 group.116 1 2 0
3 6 group.77 1 4 0
#3 1 2 1
0 2 group.114 1 2 1
1 1 group.116 1 2 1
3 6 group.77 1 4 1
#5 2 1 0
0 1 group.114 1 1 0
1 1 group.116 2 1 0
2 1 group.114 2 1 0
3 3 group.77 1 2 0
4 3 group.77 2 2 0
#5 2 1 1
0 1 group.114 1 1 3
1 1 group.116 2 1 1
2 1 group.114 2 1 1
3 3 group.77 1 2 0
4 3 group.77 2 2 1
#3 3 1 0
0 2 group.114 2 1 0
1 1 group.116 3 1 0
3 6 group.77 2 2 0
