-0.995751 -0.983033 0.995171 1
0.50228 0.474021
0.000145555 -0.00402174
0.2 0.2
0.100456 0.0948042
1
877
82 69 3
0.000145555 -0.00427842 0 2
0.138047 -0.00201282 0 2
0.265241 0.00443441 0 2
0.371862 0.0140555 0 2
0.414798 0.0195887 0 2
0.449662 0.0253016 0 2
0.475782 0.0309461 0 2
0.4854 0.0336628 0 2
0.492659 0.036266 0 2
0.497524 0.0387236 0 2
0.499974 0.0410042 0 2
0.499999 0.0430768 0 2
0.499102 0.0440257 0 2
0.498426 0.0444766 0 2
0.4976 0.0449114 0 2
0.492791 0.0464795 0 2
0.485596 0.0477538 0 2
0.464214 0.0493206 0 2
0.433886 0.0494311 0 2
0.415552 0.0488936 0 2
0.395222 0.0479412 0 2
0.296115 0.0397991 0 2
0.237636 0.0330862 0 2
0.174711 0.024657 0 2
0.0405294 0.00309885 0 2
-0.0280961 -0.00967762 0 2
-0.0622071 -0.0164645 0 2
-0.0959615 -0.0234714 0 2
-0.224176 -0.0529199 0 2
-0.33424 -0.0825562 0 2
-0.417763 -0.109375 0 2
-0.447519 -0.120774 0 2
-0.459129 -0.125811 0 2
-0.464093 -0.128144 0 2
-0.468488 -0.130348 0 2
-0.475555 -0.134345 0 2
-0.480299 -0.137764 0 2
-0.482704 -0.14057 0 2
-0.483027 -0.141732 0 2
-0.482763 -0.142729 0 2
-0.480481 -0.144212 0 2
-0.475874 -0.144992 0 2
-0.46897 -0.145048 0 2
-0.45981 -0.144359 0 2
-0.401759 -0.133926 0 2
-0.360989 -0.124056 0 2
-0.313455 -0.111155 0 2
-0.202053 -0.076914 0 2
-0.140416 -0.0560783 0 2
-0.0764295 -0.0332139 0 2
0.0535323 0.0169024 0 2
0.116969 0.0431835 0 2
0.147758 0.0563987 0 2
0.162855 0.0629948 0 2
0.177728 0.0695713 0 2
0.286631 0.120412 0 2
0.37203 0.16489 0 2
0.427659 0.198725 0 2
0.443002 0.210479 0 2
0.447425 0.214894 0 2
0.449662 0.21828 0 2
0.44971 0.220604 0 2
0.447579 0.221836 0 2
0.443286 0.221952 0 2
0.436862 0.220935 0 2
0.417792 0.215455 0 2
0.390811 0.205367 0 2
0.31563 0.171745 0 2
0.269019 0.148642 0 2
0.243861 0.135659 0 2
0.230875 0.128832 0 2
0.217639 0.121791 0 2
0.104826 0.0587143 0 2
0.0456537 0.0236171 0 2
-0.0138104 -0.0129913 0 2
-0.128988 -0.0878706 0 2
-0.182484 -0.124635 0 2
-0.207753 -0.142513 0 2
-0.231878 -0.159928 0 2
-0.314785 -0.223112 0 2
-0.346799 -0.249596 0 2
-0.371739 -0.271827 0 2
-0.389198 -0.289257 0 2
-0.395037 -0.296023 0 2
-0.398923 -0.301425 0 2
-0.400848 -0.305419 0 2
-0.400815 -0.30797 0 2
-0.398835 -0.309049 0 2
-0.397122 -0.309031 0 2
-0.396086 -0.308881 0 2
-0.395523 -0.308771 0 2
-0.394931 -0.308637 0 2
-0.381481 -0.303287 0 2
-0.360824 -0.291903 0 2
-0.333452 -0.274589 0 2
-0.299989 -0.251572 0 2
-0.217821 -0.189945 0 2
-0.170855 -0.152372 0 2
-0.146317 -0.132173 0 2
-0.121241 -0.111155 0 2
-0.0181157 -0.0208953 0 2
0.0333437 0.0264307 0 2
0.0833908 0.0739993 0 2
0.175472 0.166077 0 2
0.215787 0.208707 0 2
0.251286 0.24786 0 2
0.305471 0.312461 0 2
0.323281 0.336471 0 2
0.334531 0.354161 0 2
0.337657 0.360491 0 2
0.339112 0.365083 0 2
0.338905 0.3679 0 2
0.338182 0.368635 0 2
0.337667 0.368832 0 2
0.33705 0.368916 0 2
0.333571 0.368113 0 2
0.3285 0.36548 0 2
0.321876 0.361019 0 2
0.313746 0.354737 0 2
0.267344 0.311904 0 2
0.236814 0.280467 0 2
0.202291 0.243016 0 2
0.124342 0.15283 0 2
0.0825647 0.101752 0 2
0.0613483 0.0751251 0 2
0.0507051 0.0615947 0 2
0.0400563 0.0479412 0 2
-0.0437573 -0.0637101 0 2
-0.0834295 -0.119371 0 2
-0.120599 -0.173447 0 2
-0.184785 -0.27254 0 2
-0.210688 -0.315525 0 2
-0.231878 -0.352906 0 2
-0.258988 -0.407781 0 2
-0.262468 -0.416896 0 2
-0.264617 -0.424047 0 2
-0.26544 -0.429187 0 2
-0.26495 -0.432283 0 2
-0.263167 -0.433307 0 2
-0.260115 -0.432244 0 2
-0.255827 -0.42909 0 2
-0.250339 -0.423849 0 2
-0.235947 -0.40718 0 2
-0.227145 -0.395815 0 2
-0.222367 -0.389393 0 2
-0.217348 -0.382487 0 2
-0.169535 -0.310818 0 2
-0.14147 -0.26512 0 2
-0.111469 -0.213924 0 2
-0.0483032 -0.0989752 0 2
-0.0164676 -0.0374143 0 2
-0.000770718 -0.00612476 0 2
0.014675 0.0253016 0 2
0.0724934 0.149297 0 2
0.0980987 0.208129 0 2
0.12089 0.26327 0 2
0.156631 0.358126 0 2
0.169083 0.395902 0 2
0.173886 0.412011 0 2
0.175927 0.419331 0 2
0.177728 0.426149 0 2
0.18253 0.448223 0 2
0.1835 0.456036 0 2
0.183532 0.461635 0 2
0.182644 0.464987 0 2
0.181862 0.465812 0 2
0.180859 0.466067 0 2
0.178204 0.464863 0 2
0.17656 0.463404 0 2
0.174711 0.461374 0 2
0.153112 0.424935 0 2
0.138366 0.393796 0 2
0.130183 0.375215 0 2
0.121532 0.354737 0 2
0.0834066 0.255886 0 2
0.0630545 0.197958 0 2
0.0424703 0.135802 0 2
0.00240213 0.00365525 0 2
-0.0162531 -0.0637713 0 2
-0.0250733 -0.097248 0 2
-0.0293386 -0.113855 0 2
-0.0335008 -0.130348 0 2
-0.0625976 -0.255759 0 2
-0.0830997 -0.362718 0 2
-0.0941761 -0.442732 0 2
-0.0961858 -0.470527 0 2
-0.0963445 -0.481094 0 2
-0.0959615 -0.489363 0 2
-0.0950578 -0.49529 0 2
-0.0936568 -0.498843 0 2
-0.0917848 -0.499999 0 2
-0.090681 -0.499675 0 2
-0.0900888 -0.499288 0 2
-0.0894703 -0.49875 0 2
-0.086744 -0.495099 0 2
-0.0836387 -0.489059 0 2
-0.0801886 -0.480657 0 2
-0.0764295 -0.469931 0 2
-0.0590506 -0.404934 0 2
-0.0494933 -0.36029 0 2
-0.0446319 -0.335281 0 2
-0.0421969 -0.322155 0 2
-0.0397653 -0.308637 0 2
-0.0209513 -0.188394 0 2
-0.0123865 -0.122132 0 2
-0.00468004 -0.0534683 0 2
0.00749362 0.0856938 0 2
0.0117361 0.153476 0 2
0.0133694 0.186331 0 2
0.014675 0.21828 0 2
0.0166966 0.333966 0 2
0.0141014 0.423726 0 2
0.0114146 0.456598 0 2
0.00804782 0.480551 0 2
0.0061757 0.489028 0 2
0.00421506 0.495113 0 2
0.00219524 0.498776 0 2
0.00117224 0.499693 0 2
0.000659168 0.499923 0 2
0.000402391 0.49998 0 2
0.000145555 0.499999 0 2
-0.0019041 0.498776 0 2
-0.00392398 0.495113 0 2
-0.00588456 0.489028 0 2
-0.00775674 0.480551 0 2
-0.0111235 0.456598 0 2
-0.0138104 0.423726 0 2
-0.0164055 0.333966 0 2
-0.0160217 0.278839 0 2
-0.0153635 0.249167 0 2
-0.0143839 0.21828 0 2
-0.00720251 0.0856938 0 2
-0.00170046 0.0162604 0 2
0.00497115 -0.0534683 0 2
0.0212424 -0.188394 0 2
0.0304511 -0.250967 0 2
0.0352207 -0.280487 0 2
0.0376325 -0.294742 0 2
0.0400563 -0.308637 0 2
0.0593418 -0.404934 0 2
0.0684234 -0.441713 0 2
0.0767205 -0.469931 0 2
0.0839298 -0.489059 0 2
0.0870352 -0.495099 0 2
0.0897614 -0.49875 0 2
0.0920759 -0.499999 0 2
0.0930691 -0.499721 0 2
0.0939479 -0.498843 0 2
0.095349 -0.49529 0 2
0.0958645 -0.492622 0 2
0.0962526 -0.489363 0 2
0.0944673 -0.442732 0 2
0.0833908 -0.362718 0 2
0.0628887 -0.255759 0 2
0.0493246 -0.194767 0 2
0.0417898 -0.162908 0 2
0.0378467 -0.146705 0 2
0.033792 -0.130348 0 2
-0.00211108 0.00365525 0 2
-0.021818 0.070614 0 2
-0.0421792 0.135802 0 2
-0.0831155 0.255886 0 2
-0.102766 0.308477 0 2
-0.121241 0.354737 0 2
-0.152821 0.424935 0 2
-0.165062 0.447592 0 2
-0.170123 0.45561 0 2
-0.174419 0.461374 0 2
-0.177913 0.464863 0 2
-0.180568 0.466067 0 2
-0.182353 0.464987 0 2
-0.182911 0.463594 0 2
-0.183241 0.461635 0 2
-0.183209 0.456036 0 2
-0.182239 0.448223 0 2
-0.180318 0.438242 0 2
-0.178998 0.432456 0 2
-0.178248 0.429367 0 2
-0.177437 0.426149 0 2
-0.15634 0.358126 0 2
-0.140207 0.31361 0 2
-0.120599 0.26327 0 2
-0.0722023 0.149297 0 2
-0.0442253 0.0879492 0 2
-0.0295037 0.056711 0 2
-0.0143839 0.0253016 0 2
0.0485943 -0.0989752 0 2
0.0804816 -0.15819 0 2
0.11176 -0.213924 0 2
0.169826 -0.310818 0 2
0.195319 -0.350177 0 2
0.206911 -0.367252 0 2
0.217639 -0.382487 0 2
0.236238 -0.40718 0 2
0.25063 -0.423849 0 2
0.256118 -0.42909 0 2
0.260406 -0.432244 0 2
0.263458 -0.433307 0 2
0.26451 -0.433055 0 2
0.264916 -0.432734 0 2
0.265241 -0.432283 0 2
0.265731 -0.429187 0 2
0.264908 -0.424047 0 2
0.259279 -0.407781 0 2
0.248336 -0.383885 0 2
0.240895 -0.369242 0 2
0.232169 -0.352906 0 2
0.185076 -0.27254 0 2
0.154876 -0.224852 0 2
0.12089 -0.173447 0 2
0.0440485 -0.0637101 0 2
0.00262034 -0.00757191 0 2
-0.0185043 0.020331 0 2
-0.0291243 0.0341811 0 2
-0.0397653 0.0479412 0 2
-0.12405 0.15283 0 2
-0.164239 0.200211 0 2
-0.201999 0.243016 0 2
-0.267053 0.311904 0 2
-0.2929 0.336793 0 2
-0.303873 0.346653 0 2
-0.313455 0.354737 0 2
-0.321585 0.361019 0 2
-0.328209 0.36548 0 2
-0.33328 0.368113 0 2
-0.336759 0.368916 0 2
-0.338614 0.3679 0 2
-0.338821 0.365083 0 2
-0.337366 0.360491 0 2
-0.33424 0.354161 0 2
-0.30518 0.312461 0 2
-0.281057 0.2827 0 2
-0.266739 0.265869 0 2
-0.250994 0.24786 0 2
-0.175181 0.166077 0 2
-0.130775 0.120864 0 2
-0.0830997 0.0739993 0 2
0.0184068 -0.0208953 0 2
0.0702765 -0.0670527 0 2
0.0960454 -0.0894141 0 2
0.121532 -0.111155 0 2
0.218112 -0.189945 0 2
0.300281 -0.251572 0 2
0.361115 -0.291903 0 2
0.381773 -0.303287 0 2
0.389424 -0.306718 0 2
0.392557 -0.307866 0 2
0.395222 -0.308637 0 2
0.401106 -0.30797 0 2
0.401139 -0.305419 0 2
0.399214 -0.301425 0 2
0.389489 -0.289257 0 2
0.381714 -0.281173 0 2
0.37203 -0.271827 0 2
0.315076 -0.223112 0 2
0.27654 -0.192995 0 2
0.255035 -0.176786 0 2
0.232169 -0.159928 0 2
0.12928 -0.0878706 0 2
0.0726937 -0.0504018 0 2
0.0141014 -0.0129913 0 2
-0.104535 0.0587143 0 2
-0.162247 0.0916389 0 2
-0.190195 0.107096 0 2
-0.203879 0.114543 0 2
-0.217348 0.121791 0 2
-0.315339 0.171745 0 2
-0.39052 0.205367 0 2
-0.417501 0.215455 0 2
-0.436571 0.220935 0 2
-0.442995 0.221952 0 2
-0.447287 0.221836 0 2
-0.449419 0.220604 0 2
-0.449669 0.219577 0 2
-0.449588 0.218962 0 2
-0.449497 0.21863 0 2
-0.449371 0.21828 0 2
-0.447134 0.214894 0 2
-0.442711 0.210479 0 2
-0.427368 0.198725 0 2
-0.403576 0.183385 0 2
-0.371739 0.16489 0 2
-0.28634 0.120412 0 2
-0.234352 0.0955044 0 2
-0.206445 0.0826303 0 2
-0.19207 0.0761194 0 2
-0.177437 0.0695713 0 2
-0.0532412 0.0169024 0 2
0.0116462 -0.00873235 0 2
0.0767205 -0.0332139 0 2
0.202344 -0.076914 0 2
0.26041 -0.0953685 0 2
0.313746 -0.111155 0 2
0.40205 -0.133926 0 2
0.435219 -0.140694 0 2
0.460101 -0.144359 0 2
0.469261 -0.145048 0 2
0.476165 -0.144992 0 2
0.480772 -0.144212 0 2
0.482205 -0.143557 0 2
0.483054 -0.142729 0 2
0.482995 -0.14057 0 2
0.48059 -0.137764 0 2
0.475846 -0.134345 0 2
0.472601 -0.132416 0 2
0.470762 -0.131399 0 2
0.468779 -0.130348 0 2
0.418054 -0.109375 0 2
0.334531 -0.0825562 0 2
0.224467 -0.0529199 0 2
0.162038 -0.0379935 0 2
0.129486 -0.0306609 0 2
0.0962526 -0.0234714 0 2
-0.0402382 0.00309885 0 2
-0.108284 0.0146108 0 2
-0.174419 0.024657 0 2
-0.295824 0.0397991 0 2
-0.348701 0.044749 0 2
-0.372708 0.0465625 0 2
-0.394931 0.0479412 0 2
-0.463923 0.0493206 0 2
-0.485305 0.0477538 0 2
-0.492499 0.0464795 0 2
-0.497309 0.0449114 0 2
-0.499708 0.0430768 0 2
-0.499999 0.0420683 0 2
-0.499683 0.0410042 0 2
-0.497233 0.0387236 0 2
-0.492368 0.036266 0 2
-0.475491 0.0309461 0 2
-0.46356 0.0281484 0 2
-0.449371 0.0253016 0 2
-0.371571 0.0140555 0 2
-0.321394 0.0089342 0 2
-0.26495 0.00443441 0 2
-0.137756 -0.00201282 0 2
-0.0694847 -0.00370649 0 2
-0.0347548 -0.00413507 0 2
-0.0173153 -0.00424257 0 2
0.000145555 -0.00427842 0 2
0.138047 -0.00201282 0 2
0.203629 0.000736654 0 2
0.265241 0.00443441 0 2
0.371862 0.0140555 0 2
0.414798 0.0195887 0 2
0.449662 0.0253016 0 2
0.475782 0.0309461 0 2
0.4854 0.0336628 0 2
0.492659 0.036266 0 2
0.497524 0.0387236 0 2
0.499974 0.0410042 0 2
0.499999 0.0430768 0 2
0.499102 0.0440257 0 2
0.4976 0.0449114 0 2
0.492791 0.0464795 0 2
0.485596 0.0477538 0 2
0.464214 0.0493206 0 2
0.433886 0.0494311 0 2
0.415552 0.0488936 0 2
0.40563 0.0484701 0 2
0.395222 0.0479412 0 2
0.296115 0.0397991 0 2
0.237636 0.0330862 0 2
0.174711 0.024657 0 2
0.0405294 0.00309885 0 2
-0.0280961 -0.00967762 0 2
-0.0622071 -0.0164645 0 2
-0.0959615 -0.0234714 0 2
-0.224176 -0.0529199 0 2
-0.33424 -0.0825562 0 2
-0.417763 -0.109375 0 2
-0.447519 -0.120774 0 2
-0.459129 -0.125811 0 2
-0.464093 -0.128144 0 2
-0.468488 -0.130348 0 2
-0.475555 -0.134345 0 2
-0.480299 -0.137764 0 2
-0.482704 -0.14057 0 2
-0.483027 -0.141732 0 2
-0.482763 -0.142729 0 2
-0.480481 -0.144212 0 2
-0.475874 -0.144992 0 2
-0.46897 -0.145048 0 2
-0.45981 -0.144359 0 2
-0.401759 -0.133926 0 2
-0.360989 -0.124056 0 2
-0.313455 -0.111155 0 2
-0.202053 -0.076914 0 2
-0.140416 -0.0560783 0 2
-0.0764295 -0.0332139 0 2
0.0535323 0.0169024 0 2
0.116969 0.0431835 0 2
0.147758 0.0563987 0 2
0.162855 0.0629948 0 2
0.177728 0.0695713 0 2
0.286631 0.120412 0 2
0.37203 0.16489 0 2
0.427659 0.198725 0 2
0.443002 0.210479 0 2
0.447425 0.214894 0 2
0.449662 0.21828 0 2
0.44971 0.220604 0 2
0.447579 0.221836 0 2
0.443286 0.221952 0 2
0.436862 0.220935 0 2
0.417792 0.215455 0 2
0.390811 0.205367 0 2
0.31563 0.171745 0 2
0.269019 0.148642 0 2
0.243861 0.135659 0 2
0.230875 0.128832 0 2
0.217639 0.121791 0 2
0.104826 0.0587143 0 2
0.0456537 0.0236171 0 2
-0.0138104 -0.0129913 0 2
-0.128988 -0.0878706 0 2
-0.182484 -0.124635 0 2
-0.207753 -0.142513 0 2
-0.231878 -0.159928 0 2
-0.314785 -0.223112 0 2
-0.346799 -0.249596 0 2
-0.371739 -0.271827 0 2
-0.389198 -0.289257 0 2
-0.395037 -0.296023 0 2
-0.398923 -0.301425 0 2
-0.400848 -0.305419 0 2
-0.400815 -0.30797 0 2
-0.398835 -0.309049 0 2
-0.397122 -0.309031 0 2
-0.396086 -0.308881 0 2
-0.395523 -0.308771 0 2
-0.394931 -0.308637 0 2
-0.381481 -0.303287 0 2
-0.360824 -0.291903 0 2
-0.333452 -0.274589 0 2
-0.299989 -0.251572 0 2
-0.217821 -0.189945 0 2
-0.170855 -0.152372 0 2
-0.146317 -0.132173 0 2
-0.121241 -0.111155 0 2
-0.0181157 -0.0208953 0 2
0.0333437 0.0264307 0 2
0.0833908 0.0739993 0 2
0.175472 0.166077 0 2
0.215787 0.208707 0 2
0.251286 0.24786 0 2
0.305471 0.312461 0 2
0.323281 0.336471 0 2
0.334531 0.354161 0 2
0.337657 0.360491 0 2
0.339112 0.365083 0 2
0.338905 0.3679 0 2
0.338182 0.368635 0 2
0.337667 0.368832 0 2
0.33705 0.368916 0 2
0.333571 0.368113 0 2
0.3285 0.36548 0 2
0.321876 0.361019 0 2
0.313746 0.354737 0 2
0.267344 0.311904 0 2
0.236814 0.280467 0 2
0.202291 0.243016 0 2
0.124342 0.15283 0 2
0.0825647 0.101752 0 2
0.0613483 0.0751251 0 2
0.0507051 0.0615947 0 2
0.0400563 0.0479412 0 2
-0.0437573 -0.0637101 0 2
-0.0834295 -0.119371 0 2
-0.120599 -0.173447 0 2
-0.184785 -0.27254 0 2
-0.210688 -0.315525 0 2
-0.231878 -0.352906 0 2
-0.258988 -0.407781 0 2
-0.262468 -0.416896 0 2
-0.264617 -0.424047 0 2
-0.26544 -0.429187 0 2
-0.26495 -0.432283 0 2
-0.263167 -0.433307 0 2
-0.260115 -0.432244 0 2
-0.255827 -0.42909 0 2
-0.250339 -0.423849 0 2
-0.235947 -0.40718 0 2
-0.227145 -0.395815 0 2
-0.222367 -0.389393 0 2
-0.217348 -0.382487 0 2
-0.169535 -0.310818 0 2
-0.14147 -0.26512 0 2
-0.111469 -0.213924 0 2
-0.0483032 -0.0989752 0 2
-0.0164676 -0.0374143 0 2
-0.000770718 -0.00612476 0 2
0.014675 0.0253016 0 2
0.0724934 0.149297 0 2
0.0980987 0.208129 0 2
0.12089 0.26327 0 2
0.156631 0.358126 0 2
0.169083 0.395902 0 2
0.173886 0.412011 0 2
0.175927 0.419331 0 2
0.177728 0.426149 0 2
0.18253 0.448223 0 2
0.1835 0.456036 0 2
0.183532 0.461635 0 2
0.182644 0.464987 0 2
0.181862 0.465812 0 2
0.180859 0.466067 0 2
0.178204 0.464863 0 2
0.17656 0.463404 0 2
0.174711 0.461374 0 2
0.153112 0.424935 0 2
0.138366 0.393796 0 2
0.130183 0.375215 0 2
0.121532 0.354737 0 2
0.0834066 0.255886 0 2
0.0630545 0.197958 0 2
0.0424703 0.135802 0 2
0.00240213 0.00365525 0 2
-0.0162531 -0.0637713 0 2
-0.0250733 -0.097248 0 2
-0.0293386 -0.113855 0 2
-0.0335008 -0.130348 0 2
-0.0625976 -0.255759 0 2
-0.0830997 -0.362718 0 2
-0.0941761 -0.442732 0 2
-0.0961858 -0.470527 0 2
-0.0963445 -0.481094 0 2
-0.0959615 -0.489363 0 2
-0.0950578 -0.49529 0 2
-0.0936568 -0.498843 0 2
-0.0917848 -0.499999 0 2
-0.090681 -0.499675 0 2
-0.0900888 -0.499288 0 2
-0.0894703 -0.49875 0 2
-0.086744 -0.495099 0 2
-0.0836387 -0.489059 0 2
-0.0801886 -0.480657 0 2
-0.0764295 -0.469931 0 2
-0.0590506 -0.404934 0 2
-0.0494933 -0.36029 0 2
-0.0446319 -0.335281 0 2
-0.0421969 -0.322155 0 2
-0.0397653 -0.308637 0 2
-0.0209513 -0.188394 0 2
-0.0123865 -0.122132 0 2
-0.00468004 -0.0534683 0 2
0.00749362 0.0856938 0 2
0.0117361 0.153476 0 2
0.0133694 0.186331 0 2
0.014675 0.21828 0 2
0.0166966 0.333966 0 2
0.0141014 0.423726 0 2
0.0114146 0.456598 0 2
0.00804782 0.480551 0 2
0.0061757 0.489028 0 2
0.00421506 0.495113 0 2
0.00219524 0.498776 0 2
0.00117224 0.499693 0 2
0.000659168 0.499923 0 2
0.000402391 0.49998 0 2
0.000145555 0.499999 0 2
-0.0019041 0.498776 0 2
-0.00392398 0.495113 0 2
-0.00588456 0.489028 0 2
-0.00775674 0.480551 0 2
-0.0111235 0.456598 0 2
-0.0138104 0.423726 0 2
-0.0164055 0.333966 0 2
-0.0160217 0.278839 0 2
-0.0153635 0.249167 0 2
-0.0143839 0.21828 0 2
-0.00720251 0.0856938 0 2
-0.00170046 0.0162604 0 2
0.00497115 -0.0534683 0 2
0.0212424 -0.188394 0 2
0.0304511 -0.250967 0 2
0.0352207 -0.280487 0 2
0.0376325 -0.294742 0 2
0.0400563 -0.308637 0 2
0.0593418 -0.404934 0 2
0.0684234 -0.441713 0 2
0.0767205 -0.469931 0 2
0.0839298 -0.489059 0 2
0.0870352 -0.495099 0 2
0.0897614 -0.49875 0 2
0.0920759 -0.499999 0 2
0.0930691 -0.499721 0 2
0.0939479 -0.498843 0 2
0.095349 -0.49529 0 2
0.0958645 -0.492622 0 2
0.0962526 -0.489363 0 2
0.0944673 -0.442732 0 2
0.0833908 -0.362718 0 2
0.0628887 -0.255759 0 2
0.0493246 -0.194767 0 2
0.0417898 -0.162908 0 2
0.0378467 -0.146705 0 2
0.033792 -0.130348 0 2
-0.00211108 0.00365525 0 2
-0.021818 0.070614 0 2
-0.0421792 0.135802 0 2
-0.0831155 0.255886 0 2
-0.102766 0.308477 0 2
-0.121241 0.354737 0 2
-0.152821 0.424935 0 2
-0.165062 0.447592 0 2
-0.170123 0.45561 0 2
-0.174419 0.461374 0 2
-0.177913 0.464863 0 2
-0.180568 0.466067 0 2
-0.182353 0.464987 0 2
-0.182911 0.463594 0 2
-0.183241 0.461635 0 2
-0.183209 0.456036 0 2
-0.182239 0.448223 0 2
-0.180318 0.438242 0 2
-0.178998 0.432456 0 2
-0.178248 0.429367 0 2
-0.177437 0.426149 0 2
-0.15634 0.358126 0 2
-0.140207 0.31361 0 2
-0.120599 0.26327 0 2
-0.0722023 0.149297 0 2
-0.0442253 0.0879492 0 2
-0.0295037 0.056711 0 2
-0.0143839 0.0253016 0 2
0.0485943 -0.0989752 0 2
0.0804816 -0.15819 0 2
0.11176 -0.213924 0 2
0.169826 -0.310818 0 2
0.195319 -0.350177 0 2
0.206911 -0.367252 0 2
0.217639 -0.382487 0 2
0.236238 -0.40718 0 2
0.25063 -0.423849 0 2
0.256118 -0.42909 0 2
0.260406 -0.432244 0 2
0.263458 -0.433307 0 2
0.26451 -0.433055 0 2
0.264916 -0.432734 0 2
0.265241 -0.432283 0 2
0.265731 -0.429187 0 2
0.264908 -0.424047 0 2
0.259279 -0.407781 0 2
0.248336 -0.383885 0 2
0.240895 -0.369242 0 2
0.232169 -0.352906 0 2
0.185076 -0.27254 0 2
0.154876 -0.224852 0 2
0.12089 -0.173447 0 2
0.0440485 -0.0637101 0 2
0.00262034 -0.00757191 0 2
-0.0185043 0.020331 0 2
-0.0291243 0.0341811 0 2
-0.0397653 0.0479412 0 2
-0.12405 0.15283 0 2
-0.164239 0.200211 0 2
-0.201999 0.243016 0 2
-0.267053 0.311904 0 2
-0.2929 0.336793 0 2
-0.303873 0.346653 0 2
-0.313455 0.354737 0 2
-0.321585 0.361019 0 2
-0.328209 0.36548 0 2
-0.33328 0.368113 0 2
-0.336759 0.368916 0 2
-0.338614 0.3679 0 2
-0.338821 0.365083 0 2
-0.337366 0.360491 0 2
-0.33424 0.354161 0 2
-0.30518 0.312461 0 2
-0.281057 0.2827 0 2
-0.266739 0.265869 0 2
-0.250994 0.24786 0 2
-0.175181 0.166077 0 2
-0.130775 0.120864 0 2
-0.0830997 0.0739993 0 2
0.0184068 -0.0208953 0 2
0.0702765 -0.0670527 0 2
0.0960454 -0.0894141 0 2
0.121532 -0.111155 0 2
0.218112 -0.189945 0 2
0.300281 -0.251572 0 2
0.361115 -0.291903 0 2
0.381773 -0.303287 0 2
0.389424 -0.306718 0 2
0.392557 -0.307866 0 2
0.395222 -0.308637 0 2
0.401106 -0.30797 0 2
0.401139 -0.305419 0 2
0.399214 -0.301425 0 2
0.389489 -0.289257 0 2
0.381714 -0.281173 0 2
0.37203 -0.271827 0 2
0.315076 -0.223112 0 2
0.27654 -0.192995 0 2
0.255035 -0.176786 0 2
0.232169 -0.159928 0 2
0.12928 -0.0878706 0 2
0.0726937 -0.0504018 0 2
0.0141014 -0.0129913 0 2
-0.104535 0.0587143 0 2
-0.162247 0.0916389 0 2
-0.190195 0.107096 0 2
-0.203879 0.114543 0 2
-0.217348 0.121791 0 2
-0.315339 0.171745 0 2
-0.39052 0.205367 0 2
-0.417501 0.215455 0 2
-0.436571 0.220935 0 2
-0.442995 0.221952 0 2
-0.447287 0.221836 0 2
-0.449419 0.220604 0 2
-0.449669 0.219577 0 2
-0.449588 0.218962 0 2
-0.449497 0.21863 0 2
-0.449371 0.21828 0 2
-0.447134 0.214894 0 2
-0.442711 0.210479 0 2
-0.427368 0.198725 0 2
-0.403576 0.183385 0 2
-0.371739 0.16489 0 2
-0.28634 0.120412 0 2
-0.234352 0.0955044 0 2
-0.206445 0.0826303 0 2
-0.19207 0.0761194 0 2
-0.177437 0.0695713 0 2
-0.0532412 0.0169024 0 2
0.0116462 -0.00873235 0 2
0.0767205 -0.0332139 0 2
0.202344 -0.076914 0 2
0.26041 -0.0953685 0 2
0.313746 -0.111155 0 2
0.40205 -0.133926 0 2
0.435219 -0.140694 0 2
0.460101 -0.144359 0 2
0.469261 -0.145048 0 2
0.476165 -0.144992 0 2
0.480772 -0.144212 0 2
0.482205 -0.143557 0 2
0.483054 -0.142729 0 2
0.482995 -0.14057 0 2
0.48059 -0.137764 0 2
0.475846 -0.134345 0 2
0.472601 -0.132416 0 2
0.470762 -0.131399 0 2
0.468779 -0.130348 0 2
0.418054 -0.109375 0 2
0.334531 -0.0825562 0 2
0.224467 -0.0529199 0 2
0.162038 -0.0379935 0 2
0.129486 -0.0306609 0 2
0.0962526 -0.0234714 0 2
-0.0402382 0.00309885 0 2
-0.108284 0.0146108 0 2
-0.174419 0.024657 0 2
-0.295824 0.0397991 0 2
-0.348701 0.044749 0 2
-0.372708 0.0465625 0 2
-0.394931 0.0479412 0 2
-0.463923 0.0493206 0 2
-0.485305 0.0477538 0 2
-0.492499 0.0464795 0 2
-0.497309 0.0449114 0 2
-0.499708 0.0430768 0 2
-0.499999 0.0420683 0 2
-0.499683 0.0410042 0 2
-0.497233 0.0387236 0 2
-0.492368 0.036266 0 2
-0.475491 0.0309461 0 2
-0.46356 0.0281484 0 2
-0.449371 0.0253016 0 2
-0.371571 0.0140555 0 2
-0.321394 0.0089342 0 2
-0.26495 0.00443441 0 2
-0.137756 -0.00201282 0 2
0.000145555 -0.00427842 0 2
