#17
7x8
7 1 3 3 1 4 3 3 
1 2 0 0 0 0 0 0 
3 3 3 3 0 0 0 0 
6 3 1 4 3 1 4 0 
6 3 3 4 1 4 1 0 
2 3 3 0 0 0 0 0 
1 144 0 0 0 0 0 0
7x8
7 1 3 3 1 4 3 3 
1 2 0 0 0 0 0 0 
7 3 3 3 4 1 3 4 
6 3 1 4 3 1 4 0 
6 3 3 4 1 4 1 0 
2 3 3 0 0 0 0 0 
1 144 0 0 0 0 0 0
7x8
7 1 3 3 1 4 3 3 
1 2 0 0 0 0 0 0 
4 4 1 3 4 0 0 0 
6 3 1 4 3 1 4 0 
6 3 3 4 1 4 1 0 
2 3 3 0 0 0 0 0 
1 144 0 0 0 0 0 0
7x8
7 1 3 3 1 4 3 3 
3 3 3 3 0 0 0 0 
7 3 3 3 4 1 3 4 
6 3 1 4 3 1 4 0 
6 3 3 4 1 4 1 0 
2 3 3 0 0 0 0 0 
1 144 0 0 0 0 0 0
7x9
7 1 3 3 1 4 3 3 0 
8 2 3 3 3 4 1 3 4 
3 3 3 3 0 0 0 0 0 
6 3 1 4 3 1 4 0 0 
6 3 3 4 1 4 1 0 0 
2 3 3 0 0 0 0 0 0 
1 144 0 0 0 0 0 0 0
7x8
7 1 3 3 1 4 3 3 
4 2 3 3 3 0 0 0 
7 3 3 3 4 1 3 4 
6 3 1 4 3 1 4 0 
6 3 3 4 1 4 1 0 
2 3 3 0 0 0 0 0 
1 144 0 0 0 0 0 0
7x9
7 1 3 3 1 4 3 3 0 
8 2 3 3 3 4 1 3 4 
4 4 1 3 4 0 0 0 0 
6 3 1 4 3 1 4 0 0 
6 3 3 4 1 4 1 0 0 
2 3 3 0 0 0 0 0 0 
1 144 0 0 0 0 0 0 0
7x8
1 2 0 0 0 0 0 0 
3 3 3 3 0 0 0 0 
7 3 3 3 4 1 3 4 
6 3 1 4 3 1 4 0 
6 3 3 4 1 4 1 0 
2 3 3 0 0 0 0 0 
1 144 0 0 0 0 0 0
7x7
6 1 3 3 3 4 3 
1 2 0 0 0 0 0 
3 3 3 3 0 0 0 
6 3 1 4 3 1 4 
6 3 3 4 1 4 1 
2 3 3 0 0 0 0 
1 144 0 0 0 0 0
7x8
6 3 3 1 4 1 3 0 
1 2 0 0 0 0 0 0 
7 3 3 3 4 1 3 4 
6 3 1 4 3 1 4 0 
6 3 3 4 1 4 1 0 
2 3 3 0 0 0 0 0 
1 144 0 0 0 0 0 0
7x7
6 1 3 3 3 4 3 
1 2 0 0 0 0 0 
4 4 1 3 4 0 0 
6 3 1 4 3 1 4 
6 3 3 4 1 4 1 
2 3 3 0 0 0 0 
1 144 0 0 0 0 0
7x9
8 1 2 3 3 1 4 3 3 
3 3 3 3 0 0 0 0 0 
7 3 3 3 4 1 3 4 0 
6 3 1 4 3 1 4 0 0 
6 3 3 4 1 4 1 0 0 
2 3 3 0 0 0 0 0 0 
1 144 0 0 0 0 0 0 0
7x9
6 1 3 3 3 4 3 0 0 
8 2 3 3 3 4 1 3 4 
3 3 3 3 0 0 0 0 0 
6 3 1 4 3 1 4 0 0 
6 3 3 4 1 4 1 0 0 
2 3 3 0 0 0 0 0 0 
1 144 0 0 0 0 0 0 0
7x8
6 3 3 1 4 1 3 0 
4 2 3 3 3 0 0 0 
7 3 3 3 4 1 3 4 
6 3 1 4 3 1 4 0 
6 3 3 4 1 4 1 0 
2 3 3 0 0 0 0 0 
1 144 0 0 0 0 0 0
7x9
6 1 3 3 3 4 3 0 0 
8 2 3 3 3 4 1 3 4 
4 4 1 3 4 0 0 0 0 
6 3 1 4 3 1 4 0 0 
6 3 3 4 1 4 1 0 0 
2 3 3 0 0 0 0 0 0 
1 144 0 0 0 0 0 0 0
7x9
7 1 3 3 1 4 3 3 0 
1 2 0 0 0 0 0 0 0 
3 3 3 3 0 0 0 0 0 
7 3 3 3 4 1 3 4 0 
6 3 1 4 3 1 4 0 0 
8 1 3 3 1 4 1 4 1 
3 96 0 0 0 0 0 0 0
7x8
7 1 3 3 1 4 3 3 
1 2 0 0 0 0 0 0 
3 3 3 3 0 0 0 0 
7 3 3 3 4 1 3 4 
6 3 1 4 3 1 4 0 
4 4 1 4 1 0 0 0 
3 96 0 0 0 0 0 0
