#16
6x6
1 4 0 0 0 0 
1 3 0 0 0 0 
5 2 1 2 1 2 
2 3 3 0 0 0 
4 1 2 1 2 0 
1 48 0 0 0 0
6x5
1 4 0 0 0 
1 3 0 0 0 
1 1 0 0 0 
2 3 3 0 0 
4 1 2 1 2 
1 48 0 0 0
6x7
1 4 0 0 0 0 0 
1 3 0 0 0 0 0 
6 1 2 1 2 1 2 
2 3 3 0 0 0 0 
4 1 2 1 2 0 0 
1 48 0 0 0 0 0
6x6
1 4 0 0 0 0 
5 2 1 2 1 2 
1 1 0 0 0 0 
2 3 3 0 0 0 
4 1 2 1 2 0 
1 48 0 0 0 0
6x6
1 4 0 0 0 0 
2 1 3 0 0 0 
5 2 1 2 1 2 
2 3 3 0 0 0 
4 1 2 1 2 0 
1 48 0 0 0 0
6x7
1 4 0 0 0 0 0 
6 2 1 2 1 2 3 
1 1 0 0 0 0 0 
2 3 3 0 0 0 0 
4 1 2 1 2 0 0 
1 48 0 0 0 0 0
6x7
1 4 0 0 0 0 0 
2 1 3 0 0 0 0 
6 1 2 1 2 1 2 
2 3 3 0 0 0 0 
4 1 2 1 2 0 0 
1 48 0 0 0 0 0
6x6
1 3 0 0 0 0 
5 2 1 2 1 2 
1 1 0 0 0 0 
2 3 3 0 0 0 
4 1 2 1 2 0 
1 48 0 0 0 0
6x6
2 1 4 0 0 0 
1 3 0 0 0 0 
5 2 1 2 1 2 
2 3 3 0 0 0 
4 1 2 1 2 0 
1 48 0 0 0 0
6x7
6 2 1 2 1 2 4 
1 3 0 0 0 0 0 
1 1 0 0 0 0 0 
2 3 3 0 0 0 0 
4 1 2 1 2 0 0 
1 48 0 0 0 0 0
6x7
2 1 4 0 0 0 0 
1 3 0 0 0 0 0 
6 1 2 1 2 1 2 
2 3 3 0 0 0 0 
4 1 2 1 2 0 0 
1 48 0 0 0 0 0
6x6
2 3 4 0 0 0 
5 2 1 2 1 2 
1 1 0 0 0 0 
2 3 3 0 0 0 
4 1 2 1 2 0 
1 48 0 0 0 0
6x6
2 1 4 0 0 0 
2 1 3 0 0 0 
5 2 1 2 1 2 
2 3 3 0 0 0 
4 1 2 1 2 0 
1 48 0 0 0 0
6x7
6 2 1 2 1 2 4 
6 2 1 2 1 2 3 
1 1 0 0 0 0 0 
2 3 3 0 0 0 0 
4 1 2 1 2 0 0 
1 48 0 0 0 0 0
6x7
2 1 4 0 0 0 0 
2 1 3 0 0 0 0 
6 1 2 1 2 1 2 
2 3 3 0 0 0 0 
4 1 2 1 2 0 0 
1 48 0 0 0 0 0
6x6
1 4 0 0 0 0 
1 3 0 0 0 0 
5 2 1 2 1 2 
1 1 0 0 0 0 
2 3 3 0 0 0 
3 32 0 0 0 0
