#8
6x8
7 3 1 3 3 1 3 3 
7 1 3 1 3 1 3 3 
6 1 3 1 3 3 3 0 
4 1 3 3 1 0 0 0 
2 3 3 0 0 0 0 0 
1 72 0 0 0 0 0 0
6x8
7 3 1 3 3 1 3 3 
7 1 2 3 1 3 3 3 
6 1 3 1 3 3 3 0 
4 1 3 3 1 0 0 0 
2 3 3 0 0 0 0 0 
1 72 0 0 0 0 0 0
6x9
7 3 1 3 3 1 3 3 0 
8 1 2 3 1 3 3 1 3 
6 1 3 1 3 3 3 0 0 
4 1 3 3 1 0 0 0 0 
2 3 3 0 0 0 0 0 0 
1 72 0 0 0 0 0 0 0
6x8
7 1 3 1 3 1 3 3 
7 1 2 3 1 3 3 3 
6 1 3 1 3 3 3 0 
4 1 3 3 1 0 0 0 
2 3 3 0 0 0 0 0 
1 72 0 0 0 0 0 0
6x8
6 1 2 3 3 3 1 0 
7 1 3 1 3 1 3 3 
6 1 3 1 3 3 3 0 
4 1 3 3 1 0 0 0 
2 3 3 0 0 0 0 0 
1 72 0 0 0 0 0 0
6x9
8 3 1 3 3 1 3 1 3 
7 1 2 3 1 3 3 3 0 
6 1 3 1 3 3 3 0 0 
4 1 3 3 1 0 0 0 0 
2 3 3 0 0 0 0 0 0 
1 72 0 0 0 0 0 0 0
6x9
6 1 2 3 3 3 1 0 0 
8 1 2 3 1 3 3 1 3 
6 1 3 1 3 3 3 0 0 
4 1 3 3 1 0 0 0 0 
2 3 3 0 0 0 0 0 0 
1 72 0 0 0 0 0 0 0
5x8
7 3 1 3 3 1 3 3 
7 1 3 1 3 1 3 3 
7 1 2 3 1 3 3 3 
6 1 3 1 3 3 3 0 
9 16 0 0 0 0 0 0
#6 1 1 0
0 2 group.196 2 1 0
1 1 group.129 1 1 0
3 1 group.194 1 1 0
4 2 group.197 2 1 0
5 1 group.192 1 1 0
7 9 group.43 2 6 0
#8 2 1 0
0 1 group.196 3 1 0
1 1 group.129 1 2 0
2 1 group.196 4 1 0
3 1 group.194 2 1 0
4 1 group.197 3 1 0
5 1 group.192 2 1 0
6 1 group.197 4 1 0
7 9 group.43 2 6 0
#6 3 1 0
0 2 group.196 1 1 0
1 1 group.129 3 1 0
3 1 group.194 1 1 0
4 2 group.197 1 1 0
5 1 group.192 3 1 0
7 9 group.43 2 6 0
