#9
6x8
7 2 1 3 2 3 1 3 
3 2 2 2 0 0 0 0 
2 2 2 0 0 0 0 0 
6 2 1 3 2 3 1 0 
6 1 2 1 3 2 3 0 
1 48 0 0 0 0 0 0
6x8
7 2 1 3 2 3 1 3 
3 2 2 1 0 0 0 0 
2 2 2 0 0 0 0 0 
6 2 1 3 2 3 1 0 
6 1 2 1 3 2 3 0 
1 48 0 0 0 0 0 0
6x8
7 2 1 3 2 3 1 3 
2 1 2 0 0 0 0 0 
2 2 2 0 0 0 0 0 
6 2 1 3 2 3 1 0 
6 1 2 1 3 2 3 0 
1 48 0 0 0 0 0 0
6x7
3 2 2 2 0 0 0 
3 2 2 1 0 0 0 
2 2 2 0 0 0 0 
6 2 1 3 2 3 1 
6 1 2 1 3 2 3 
1 48 0 0 0 0 0
6x7
6 2 3 2 3 1 3 
3 2 2 2 0 0 0 
2 2 2 0 0 0 0 
6 2 1 3 2 3 1 
6 1 2 1 3 2 3 
1 48 0 0 0 0 0
6x9
8 1 2 2 3 2 3 1 3 
3 2 2 1 0 0 0 0 0 
2 2 2 0 0 0 0 0 0 
6 2 1 3 2 3 1 0 0 
6 1 2 1 3 2 3 0 0 
1 48 0 0 0 0 0 0 0
6x7
6 2 3 2 3 1 3 
2 1 2 0 0 0 0 
2 2 2 0 0 0 0 
6 2 1 3 2 3 1 
6 1 2 1 3 2 3 
1 48 0 0 0 0 0
6x8
7 2 1 3 2 3 1 3 
3 2 2 2 0 0 0 0 
3 2 2 1 0 0 0 0 
6 2 1 3 2 3 1 0 
6 1 2 1 3 2 3 0 
3 32 0 0 0 0 0 0
5x8
7 2 1 3 2 3 1 3 
3 2 2 2 0 0 0 0 
3 2 2 1 0 0 0 0 
2 2 2 0 0 0 0 0 
4 24 0 0 0 0 0 0
