#4
3x5
3 2 2 2 0 
4 2 2 2 2 
1 6 0 0 0
3x5
1 1 0 0 0 
4 2 2 2 2 
1 6 0 0 0
3x5
4 1 2 2 2 
4 2 2 2 2 
1 6 0 0 0
3x4
3 2 2 2 
1 1 0 0 
1 4 0 0
#4 1 1 0
0 1 min.37 1 1 0
1 1 group.67 1 1 0
2 1 min.36 1 1 0
3 1 group.27 1 1 0
#4 1 1 1
0 1 min.37 1 1 0
1 1 group.67 1 1 0
2 1 min.36 1 1 3
3 1 group.27 1 1 8
#4 1 1 2
0 1 min.37 1 1 3
1 1 group.67 1 1 0
2 1 min.36 1 1 0
3 1 group.27 1 1 1
#4 1 1 3
0 1 min.37 1 1 3
1 1 group.67 1 1 0
2 1 min.36 1 1 3
3 1 group.27 1 1 9
#4 1 2 0
0 1 min.37 1 2 0
1 1 group.67 1 1 0
2 1 min.36 1 2 0
3 1 group.27 1 2 0
#4 1 3 0
0 1 min.37 1 3 0
1 1 group.67 1 2 0
2 1 min.36 1 3 0
3 1 group.27 1 1 0
#4 1 3 1
0 1 min.37 1 3 0
1 1 group.67 1 2 0
2 1 min.36 1 3 3
3 1 group.27 1 1 8
#4 1 3 2
0 1 min.37 1 3 1
1 1 group.67 1 2 0
2 1 min.36 1 3 0
3 1 group.27 1 1 1
#4 1 3 3
0 1 min.37 1 3 1
1 1 group.67 1 2 0
2 1 min.36 1 3 3
3 1 group.27 1 1 9
#4 1 4 0
0 1 min.37 1 4 0
1 1 group.67 1 2 0
2 1 min.36 1 4 0
3 1 group.27 1 2 0
