#16
5x6
2 3 4 0 0 0 
1 3 0 0 0 0 
5 2 1 2 1 2 
4 1 2 1 2 0 
1 24 0 0 0 0
5x5
2 3 4 0 0 
1 3 0 0 0 
1 1 0 0 0 
4 1 2 1 2 
1 24 0 0 0
5x7
2 3 4 0 0 0 0 
1 3 0 0 0 0 0 
6 1 2 1 2 1 2 
4 1 2 1 2 0 0 
1 24 0 0 0 0 0
5x6
2 3 4 0 0 0 
5 2 1 2 1 2 
1 1 0 0 0 0 
4 1 2 1 2 0 
1 24 0 0 0 0
5x6
2 3 4 0 0 0 
2 1 3 0 0 0 
5 2 1 2 1 2 
4 1 2 1 2 0 
1 24 0 0 0 0
5x7
2 3 4 0 0 0 0 
6 2 1 2 1 2 3 
1 1 0 0 0 0 0 
4 1 2 1 2 0 0 
1 24 0 0 0 0 0
5x7
2 3 4 0 0 0 0 
2 1 3 0 0 0 0 
6 1 2 1 2 1 2 
4 1 2 1 2 0 0 
1 24 0 0 0 0 0
5x6
1 3 0 0 0 0 
5 2 1 2 1 2 
1 1 0 0 0 0 
4 1 2 1 2 0 
1 24 0 0 0 0
5x6
3 1 3 4 0 0 
1 3 0 0 0 0 
5 2 1 2 1 2 
4 1 2 1 2 0 
1 24 0 0 0 0
5x8
7 2 1 2 1 2 3 4 
1 3 0 0 0 0 0 0 
1 1 0 0 0 0 0 0 
4 1 2 1 2 0 0 0 
1 24 0 0 0 0 0 0
5x7
3 1 3 4 0 0 0 
1 3 0 0 0 0 0 
6 1 2 1 2 1 2 
4 1 2 1 2 0 0 
1 24 0 0 0 0 0
5x6
1 4 0 0 0 0 
5 2 1 2 1 2 
1 1 0 0 0 0 
4 1 2 1 2 0 
1 24 0 0 0 0
5x6
3 1 3 4 0 0 
2 1 3 0 0 0 
5 2 1 2 1 2 
4 1 2 1 2 0 
1 24 0 0 0 0
5x8
7 2 1 2 1 2 3 4 
6 2 1 2 1 2 3 0 
1 1 0 0 0 0 0 0 
4 1 2 1 2 0 0 0 
1 24 0 0 0 0 0 0
5x7
3 1 3 4 0 0 0 
2 1 3 0 0 0 0 
6 1 2 1 2 1 2 
4 1 2 1 2 0 0 
1 24 0 0 0 0 0
5x6
2 3 4 0 0 0 
1 3 0 0 0 0 
5 2 1 2 1 2 
1 1 0 0 0 0 
3 16 0 0 0 0
