#3
7x17
4 2 2 2 2 0 0 0 0 0 0 0 0 0 0 0 0 
9 2 2 1 2 1 2 1 2 2 0 0 0 0 0 0 0 
9 2 1 2 1 2 1 2 2 2 0 0 0 0 0 0 0 
11 1 2 1 2 1 2 1 2 2 1 2 0 0 0 0 0 
8 2 1 2 1 2 2 2 2 0 0 0 0 0 0 0 0 
16 1 2 1 2 2 2 2 2 1 2 1 2 2 2 2 2 
1 96 0 0 0 0 0 0 0 0 0 0 0 0 0 0 0
7x17
3 2 2 2 0 0 0 0 0 0 0 0 0 0 0 0 0 
9 2 2 1 2 1 2 1 2 2 0 0 0 0 0 0 0 
9 2 1 2 1 2 1 2 2 2 0 0 0 0 0 0 0 
11 1 2 1 2 1 2 1 2 2 1 2 0 0 0 0 0 
8 2 1 2 1 2 2 2 2 0 0 0 0 0 0 0 0 
16 1 2 1 2 2 2 2 2 1 2 1 2 2 2 2 2 
1 64 0 0 0 0 0 0 0 0 0 0 0 0 0 0 0
6x17
3 2 2 2 0 0 0 0 0 0 0 0 0 0 0 0 0 
4 2 2 2 2 0 0 0 0 0 0 0 0 0 0 0 0 
9 2 2 1 2 1 2 1 2 2 0 0 0 0 0 0 0 
9 2 1 2 1 2 1 2 2 2 0 0 0 0 0 0 0 
16 1 2 1 2 2 2 2 2 1 2 1 2 2 2 2 2 
4 48 0 0 0 0 0 0 0 0 0 0 0 0 0 0 0
#3 1 1 0
0 1 group.176 1 1 0
1 1 group.171 3 1 0
2 4 group.140 2 2 0
#3 1 1 1
0 1 group.176 1 1 1
1 1 group.171 3 1 20
2 4 group.140 2 2 0
#3 2 1 0
0 1 group.176 2 1 0
1 1 group.171 4 1 0
2 4 group.140 1 1 0
#3 2 1 1
0 1 group.176 2 1 0
1 1 group.171 4 1 7
2 4 group.140 1 1 3
#3 3 1 0
0 1 group.176 3 1 0
1 1 group.171 1 1 0
2 4 group.140 1 2 0
