#7
6x7
1 3 0 0 0 0 0 
4 2 3 1 3 0 0 
6 1 2 1 3 2 3 
2 2 2 0 0 0 0 
4 1 3 1 3 0 0 
1 32 0 0 0 0 0
6x7
1 3 0 0 0 0 0 
5 2 3 1 2 3 0 
6 1 2 1 3 2 3 
2 2 2 0 0 0 0 
4 1 3 1 3 0 0 
1 32 0 0 0 0 0
6x7
1 3 0 0 0 0 0 
3 3 2 3 0 0 0 
6 1 2 1 3 2 3 
2 2 2 0 0 0 0 
4 1 3 1 3 0 0 
1 32 0 0 0 0 0
6x7
4 2 3 1 3 0 0 
5 2 3 1 2 3 0 
6 1 2 1 3 2 3 
2 2 2 0 0 0 0 
4 1 3 1 3 0 0 
1 32 0 0 0 0 0
6x7
4 2 3 1 2 0 0 
4 2 3 1 3 0 0 
6 1 2 1 3 2 3 
2 2 2 0 0 0 0 
4 1 3 1 3 0 0 
1 32 0 0 0 0 0
6x7
5 2 2 3 1 2 0 
5 2 3 1 2 3 0 
6 1 2 1 3 2 3 
2 2 2 0 0 0 0 
4 1 3 1 3 0 0 
1 32 0 0 0 0 0
6x7
4 2 3 1 2 0 0 
3 3 2 3 0 0 0 
6 1 2 1 3 2 3 
2 2 2 0 0 0 0 
4 1 3 1 3 0 0 
1 32 0 0 0 0 0
