#7
6x5
1 3 0 0 0 
3 3 1 3 0 
4 2 3 2 3 
4 1 2 1 2 
4 1 3 1 3 
1 32 0 0 0
6x5
1 3 0 0 0 
1 2 0 0 0 
4 2 3 2 3 
4 1 2 1 2 
4 1 3 1 3 
1 32 0 0 0
6x7
1 3 0 0 0 0 0 
6 1 2 1 3 1 3 
4 2 3 2 3 0 0 
4 1 2 1 2 0 0 
4 1 3 1 3 0 0 
1 32 0 0 0 0 0
6x5
3 3 1 3 0 
1 2 0 0 0 
4 2 3 2 3 
4 1 2 1 2 
4 1 3 1 3 
1 32 0 0 0
6x5
2 3 2 0 0 
3 3 1 3 0 
4 2 3 2 3 
4 1 2 1 2 
4 1 3 1 3 
1 32 0 0 0
6x5
2 1 3 0 0 
1 2 0 0 0 
4 2 3 2 3 
4 1 2 1 2 
4 1 3 1 3 
1 32 0 0 0
6x7
2 3 2 0 0 0 0 
6 1 2 1 3 1 3 
4 2 3 2 3 0 0 
4 1 2 1 2 0 0 
4 1 3 1 3 0 0 
1 32 0 0 0 0 0
