#3
2x3
2 1 2 
1 2 0
2x2
1 1 
1 2
2x2
1 2 
1 2
#2 1 1 0
0 2 min.16 1 1 0
2 1 min.18 1 1 0
#2 1 1 1
0 2 min.16 1 1 1
2 1 min.18 1 1 0
#2 1 1 12
0 2 min.16 1 1 1
2 1 min.18 1 1 0
#2 1 1 13
0 2 min.16 1 1 1
2 1 min.18 1 1 0
#3 1 1 16
0 1 min.16 1 1 1
1 1 min.16 1 1 0
2 1 min.18 1 1 1
#2 1 1 18
0 2 min.16 1 1 1
2 1 min.18 1 1 1
#3 1 1 20
0 1 min.16 1 1 1
1 1 min.16 1 1 1
2 1 min.18 1 1 1
#3 1 1 21
0 1 min.16 1 1 0
1 1 min.16 1 1 1
2 1 min.18 1 1 1
#3 1 1 22
0 1 min.16 1 1 1
1 1 min.16 1 1 1
2 1 min.18 1 1 1
#3 1 1 28
0 1 min.16 1 1 1
1 1 min.16 1 1 1
2 1 min.18 1 1 1
#2 1 1 30
0 2 min.16 1 1 1
2 1 min.18 1 1 1
#3 1 1 4
0 1 min.16 1 1 0
1 1 min.16 1 1 1
2 1 min.18 1 1 0
#3 1 1 5
0 1 min.16 1 1 1
1 1 min.16 1 1 1
2 1 min.18 1 1 0
#3 1 2 0
0 1 min.16 1 2 0
1 1 min.16 1 1 0
2 1 min.18 1 2 0
#3 1 2 1
0 1 min.16 1 2 1
1 1 min.16 1 1 1
2 1 min.18 1 2 0
#3 1 2 10
0 1 min.16 1 2 1
1 1 min.16 1 1 1
2 1 min.18 1 2 0
#3 1 2 12
0 1 min.16 1 2 1
1 1 min.16 1 1 0
2 1 min.18 1 2 1
#3 1 2 13
0 1 min.16 1 2 1
1 1 min.16 1 1 1
2 1 min.18 1 2 1
#3 1 2 14
0 1 min.16 1 2 1
1 1 min.16 1 1 1
2 1 min.18 1 2 1
#3 1 2 2
0 1 min.16 1 2 0
1 1 min.16 1 1 1
2 1 min.18 1 2 0
#3 1 2 4
0 1 min.16 1 2 1
1 1 min.16 1 1 0
2 1 min.18 1 2 1
#3 1 2 5
0 1 min.16 1 2 0
1 1 min.16 1 1 1
2 1 min.18 1 2 1
#3 1 2 6
0 1 min.16 1 2 1
1 1 min.16 1 1 1
2 1 min.18 1 2 1
#3 1 2 8
0 1 min.16 1 2 1
1 1 min.16 1 1 0
2 1 min.18 1 2 0
#3 1 2 9
0 1 min.16 1 2 1
1 1 min.16 1 1 1
2 1 min.18 1 2 0
#2 1 3 0
0 2 min.16 1 2 0
2 1 min.18 1 1 0
#2 1 3 1
0 2 min.16 1 2 1
2 1 min.18 1 1 0
#3 1 3 4
0 1 min.16 1 2 1
1 1 min.16 1 2 0
2 1 min.18 1 1 1
#2 1 3 6
0 2 min.16 1 2 1
2 1 min.18 1 1 1
#2 1 4 0
0 2 min.16 1 2 0
2 1 min.18 1 2 0
#2 1 4 1
0 2 min.16 1 2 1
2 1 min.18 1 2 0
#3 1 4 2
0 1 min.16 1 2 1
1 1 min.16 1 2 0
2 1 min.18 1 2 1
#2 1 4 3
0 2 min.16 1 2 1
2 1 min.18 1 2 1
#2 1 4 4
0 2 min.16 1 2 1
2 1 min.18 1 2 0
#2 1 5 0
0 2 min.16 1 2 0
2 1 min.18 1 2 0
#3 1 5 1
0 1 min.16 1 2 0
1 1 min.16 1 2 1
2 1 min.18 1 2 0
#2 1 5 3
0 2 min.16 1 2 1
2 1 min.18 1 2 0
#3 1 5 4
0 1 min.16 1 2 1
1 1 min.16 1 2 0
2 1 min.18 1 2 1
#3 1 5 5
0 1 min.16 1 2 1
1 1 min.16 1 2 1
2 1 min.18 1 2 1
#2 1 5 8
0 2 min.16 1 2 1
2 1 min.18 1 2 0
#2 1 5 9
0 2 min.16 1 2 1
2 1 min.18 1 2 0
#2 1 6 0
0 2 min.16 1 2 0
2 1 min.18 1 3 0
#3 1 6 1
0 1 min.16 1 2 0
1 1 min.16 1 2 1
2 1 min.18 1 3 0
#2 1 6 3
0 2 min.16 1 2 1
2 1 min.18 1 3 0
