#3
3x5
3 1 2 1 0 
4 1 2 1 2 
1 4 0 0 0
3x5
3 2 1 2 0 
4 1 2 1 2 
1 4 0 0 0
3x5
2 2 1 0 0 
4 1 2 1 2 
1 4 0 0 0
#3 1 1 0
0 1 min.9 1 1 0
1 1 min.9 1 2 0
2 1 min.11 1 1 0
#3 1 1 1
0 1 min.9 1 1 0
1 1 min.9 1 2 3
2 1 min.11 1 1 2
#3 1 1 2
0 1 min.9 1 1 5
1 1 min.9 1 2 0
2 1 min.11 1 1 0
#3 1 1 3
0 1 min.9 1 1 5
1 1 min.9 1 2 3
2 1 min.11 1 1 2
#3 1 1 4
0 1 min.9 1 1 10
1 1 min.9 1 2 0
2 1 min.11 1 1 2
#3 1 1 5
0 1 min.9 1 1 10
1 1 min.9 1 2 3
2 1 min.11 1 1 0
#3 1 1 6
0 1 min.9 1 1 15
1 1 min.9 1 2 0
2 1 min.11 1 1 2
#3 1 1 7
0 1 min.9 1 1 15
1 1 min.9 1 2 3
2 1 min.11 1 1 0
#3 1 2 0
0 1 min.9 1 4 0
1 1 min.9 1 5 0
2 1 min.11 1 2 0
#3 1 2 1
0 1 min.9 1 4 0
1 1 min.9 1 5 3
2 1 min.11 1 2 0
#3 1 2 2
0 1 min.9 1 4 1
1 1 min.9 1 5 0
2 1 min.11 1 2 1
#3 1 2 3
0 1 min.9 1 4 1
1 1 min.9 1 5 3
2 1 min.11 1 2 1
