#7
8x11
3 2 2 2 0 0 0 0 0 0 0 
10 1 1 1 1 1 2 1 2 2 2 
8 2 1 1 1 2 2 1 2 0 0 
10 1 1 1 1 1 1 1 2 1 2 
6 1 1 2 1 2 1 0 0 0 0 
10 1 1 2 1 1 1 2 2 1 2 
4 1 1 1 1 0 0 0 0 0 0 
1 192 0 0 0 0 0 0 0 0 0
8x11
9 1 2 1 1 1 2 2 1 2 0 
10 1 1 1 1 1 2 1 2 2 2 
8 2 1 1 1 2 2 1 2 0 0 
10 1 1 1 1 1 1 1 2 1 2 
6 1 1 2 1 2 1 0 0 0 0 
10 1 1 2 1 1 1 2 2 1 2 
4 1 1 1 1 0 0 0 0 0 0 
1 192 0 0 0 0 0 0 0 0 0
8x13
12 1 1 1 2 1 1 2 1 2 1 2 2 
10 1 1 1 1 1 2 1 2 2 2 0 0 
8 2 1 1 1 2 2 1 2 0 0 0 0 
10 1 1 1 1 1 1 1 2 1 2 0 0 
6 1 1 2 1 2 1 0 0 0 0 0 0 
10 1 1 2 1 1 1 2 2 1 2 0 0 
4 1 1 1 1 0 0 0 0 0 0 0 0 
1 192 0 0 0 0 0 0 0 0 0 0 0
8x11
3 2 2 2 0 0 0 0 0 0 0 
9 1 2 1 1 1 2 2 1 2 0 
8 2 1 1 1 2 2 1 2 0 0 
10 1 1 1 1 1 1 1 2 1 2 
6 1 1 2 1 2 1 0 0 0 0 
10 1 1 2 1 1 1 2 2 1 2 
4 1 1 1 1 0 0 0 0 0 0 
3 128 0 0 0 0 0 0 0 0 0
7x11
3 2 2 2 0 0 0 0 0 0 0 
9 1 2 1 1 1 2 2 1 2 0 
10 1 1 1 1 1 2 1 2 2 2 
4 2 1 2 1 0 0 0 0 0 0 
8 1 1 2 1 2 2 1 2 0 0 
4 1 1 1 1 0 0 0 0 0 0 
4 96 0 0 0 0 0 0 0 0 0
7x11
3 2 2 2 0 0 0 0 0 0 0 
9 1 2 1 1 1 2 2 1 2 0 
10 1 1 1 1 1 2 1 2 2 2 
6 1 1 1 1 1 1 0 0 0 0 
8 2 1 1 2 2 2 2 2 0 0 
4 1 1 1 1 0 0 0 0 0 0 
4 96 0 0 0 0 0 0 0 0 0
7x13
3 2 2 2 0 0 0 0 0 0 0 0 0 
9 1 2 1 1 1 2 2 1 2 0 0 0 
10 1 1 1 1 1 2 1 2 2 2 0 0 
12 1 1 1 1 1 1 1 2 1 1 1 2 
6 1 2 2 1 2 2 0 0 0 0 0 0 
4 1 1 1 1 0 0 0 0 0 0 0 0 
4 96 0 0 0 0 0 0 0 0 0 0 0
