#8
5x9
3 3 3 3 0 0 0 0 0 
1 1 0 0 0 0 0 0 0 
2 3 3 0 0 0 0 0 0 
8 2 3 2 3 3 3 3 3 
1 24 0 0 0 0 0 0 0
5x9
3 3 3 3 0 0 0 0 0 
1 2 0 0 0 0 0 0 0 
2 3 3 0 0 0 0 0 0 
8 2 3 2 3 3 3 3 3 
1 24 0 0 0 0 0 0 0
5x9
3 3 3 3 0 0 0 0 0 
2 1 2 0 0 0 0 0 0 
2 3 3 0 0 0 0 0 0 
8 2 3 2 3 3 3 3 3 
1 24 0 0 0 0 0 0 0
5x9
1 1 0 0 0 0 0 0 0 
1 2 0 0 0 0 0 0 0 
2 3 3 0 0 0 0 0 0 
8 2 3 2 3 3 3 3 3 
1 24 0 0 0 0 0 0 0
5x9
4 3 2 3 3 0 0 0 0 
1 1 0 0 0 0 0 0 0 
2 3 3 0 0 0 0 0 0 
8 2 3 2 3 3 3 3 3 
1 24 0 0 0 0 0 0 0
5x9
4 1 3 3 3 0 0 0 0 
1 2 0 0 0 0 0 0 0 
2 3 3 0 0 0 0 0 0 
8 2 3 2 3 3 3 3 3 
1 24 0 0 0 0 0 0 0
5x9
4 3 2 3 3 0 0 0 0 
2 1 2 0 0 0 0 0 0 
2 3 3 0 0 0 0 0 0 
8 2 3 2 3 3 3 3 3 
1 24 0 0 0 0 0 0 0
5x9
3 3 3 3 0 0 0 0 0 
1 1 0 0 0 0 0 0 0 
1 2 0 0 0 0 0 0 0 
8 2 3 2 3 3 3 3 3 
1 16 0 0 0 0 0 0 0
