#17
6x7
5 3 4 3 4 4 0 
5 1 4 1 3 4 0 
3 4 4 1 0 0 0 
6 1 3 4 1 3 4 
2 4 4 0 0 0 0 
1 72 0 0 0 0 0
6x7
5 3 4 3 4 4 0 
5 1 4 1 3 4 0 
4 2 4 4 1 0 0 
6 1 3 4 1 3 4 
2 4 4 0 0 0 0 
1 72 0 0 0 0 0
6x7
5 3 4 3 4 4 0 
5 1 4 1 3 4 0 
1 2 0 0 0 0 0 
6 1 3 4 1 3 4 
2 4 4 0 0 0 0 
1 72 0 0 0 0 0
6x7
5 3 4 3 4 4 0 
3 4 4 1 0 0 0 
4 2 4 4 1 0 0 
6 1 3 4 1 3 4 
2 4 4 0 0 0 0 
1 72 0 0 0 0 0
6x7
5 3 4 3 4 4 0 
5 2 4 3 4 1 0 
3 4 4 1 0 0 0 
6 1 3 4 1 3 4 
2 4 4 0 0 0 0 
1 72 0 0 0 0 0
6x7
5 3 4 3 4 4 0 
4 4 3 4 1 0 0 
4 2 4 4 1 0 0 
6 1 3 4 1 3 4 
2 4 4 0 0 0 0 
1 72 0 0 0 0 0
6x7
5 3 4 3 4 4 0 
5 2 4 3 4 1 0 
1 2 0 0 0 0 0 
6 1 3 4 1 3 4 
2 4 4 0 0 0 0 
1 72 0 0 0 0 0
6x7
5 1 4 1 3 4 0 
3 4 4 1 0 0 0 
4 2 4 4 1 0 0 
6 1 3 4 1 3 4 
2 4 4 0 0 0 0 
1 72 0 0 0 0 0
6x7
5 1 2 3 4 3 0 
5 1 4 1 3 4 0 
3 4 4 1 0 0 0 
6 1 3 4 1 3 4 
2 4 4 0 0 0 0 
1 72 0 0 0 0 0
6x7
4 1 3 4 3 0 0 
5 1 4 1 3 4 0 
4 2 4 4 1 0 0 
6 1 3 4 1 3 4 
2 4 4 0 0 0 0 
1 72 0 0 0 0 0
6x7
5 1 2 3 4 3 0 
5 1 4 1 3 4 0 
1 2 0 0 0 0 0 
6 1 3 4 1 3 4 
2 4 4 0 0 0 0 
1 72 0 0 0 0 0
6x7
6 3 4 3 4 3 4 
3 4 4 1 0 0 0 
4 2 4 4 1 0 0 
6 1 3 4 1 3 4 
2 4 4 0 0 0 0 
1 72 0 0 0 0 0
6x7
5 1 2 3 4 3 0 
5 2 4 3 4 1 0 
3 4 4 1 0 0 0 
6 1 3 4 1 3 4 
2 4 4 0 0 0 0 
1 72 0 0 0 0 0
6x7
4 1 3 4 3 0 0 
4 4 3 4 1 0 0 
4 2 4 4 1 0 0 
6 1 3 4 1 3 4 
2 4 4 0 0 0 0 
1 72 0 0 0 0 0
6x7
5 1 2 3 4 3 0 
5 2 4 3 4 1 0 
1 2 0 0 0 0 0 
6 1 3 4 1 3 4 
2 4 4 0 0 0 0 
1 72 0 0 0 0 0
6x7
5 3 4 3 4 4 0 
5 1 4 1 3 4 0 
3 4 4 1 0 0 0 
4 2 4 4 1 0 0 
6 1 3 4 1 3 4 
3 48 0 0 0 0 0
6x6
5 3 4 3 4 4 
5 1 4 1 3 4 
3 4 4 1 0 0 
4 2 4 4 1 0 
2 4 4 0 0 0 
3 48 0 0 0 0
