#17
6x8
7 2 3 3 2 4 4 4 
5 3 3 4 4 3 0 0 
1 1 0 0 0 0 0 0 
2 4 4 0 0 0 0 0 
2 3 3 0 0 0 0 0 
1 72 0 0 0 0 0 0
6x8
7 2 3 3 2 4 4 4 
5 3 3 4 4 3 0 0 
3 2 3 3 0 0 0 0 
2 4 4 0 0 0 0 0 
2 3 3 0 0 0 0 0 
1 72 0 0 0 0 0 0
6x8
7 2 3 3 2 4 4 4 
5 3 3 4 4 3 0 0 
4 1 2 3 3 0 0 0 
2 4 4 0 0 0 0 0 
2 3 3 0 0 0 0 0 
1 72 0 0 0 0 0 0
6x8
7 2 3 3 2 4 4 4 
1 1 0 0 0 0 0 0 
3 2 3 3 0 0 0 0 
2 4 4 0 0 0 0 0 
2 3 3 0 0 0 0 0 
1 72 0 0 0 0 0 0
6x8
7 2 3 3 2 4 4 4 
6 3 3 2 4 4 3 0 
1 1 0 0 0 0 0 0 
2 4 4 0 0 0 0 0 
2 3 3 0 0 0 0 0 
1 72 0 0 0 0 0 0
6x8
7 2 3 3 2 4 4 4 
6 1 3 3 4 4 3 0 
3 2 3 3 0 0 0 0 
2 4 4 0 0 0 0 0 
2 3 3 0 0 0 0 0 
1 72 0 0 0 0 0 0
6x8
7 2 3 3 2 4 4 4 
6 3 3 2 4 4 3 0 
4 1 2 3 3 0 0 0 
2 4 4 0 0 0 0 0 
2 3 3 0 0 0 0 0 
1 72 0 0 0 0 0 0
6x6
5 3 3 4 4 3 
1 1 0 0 0 0 
3 2 3 3 0 0 
2 4 4 0 0 0 
2 3 3 0 0 0 
1 72 0 0 0 0
6x6
4 2 4 4 4 0 
5 3 3 4 4 3 
1 1 0 0 0 0 
2 4 4 0 0 0 
2 3 3 0 0 0 
1 72 0 0 0 0
6x9
8 1 2 3 3 2 4 4 4 
5 3 3 4 4 3 0 0 0 
3 2 3 3 0 0 0 0 0 
2 4 4 0 0 0 0 0 0 
2 3 3 0 0 0 0 0 0 
1 72 0 0 0 0 0 0 0
6x6
4 2 4 4 4 0 
5 3 3 4 4 3 
4 1 2 3 3 0 
2 4 4 0 0 0 
2 3 3 0 0 0 
1 72 0 0 0 0
6x4
2 3 4 0 
1 1 0 0 
3 2 3 3 
2 4 4 0 
2 3 3 0 
1 72 0 0
6x7
4 2 4 4 4 0 0 
6 3 3 2 4 4 3 
1 1 0 0 0 0 0 
2 4 4 0 0 0 0 
2 3 3 0 0 0 0 
1 72 0 0 0 0 0
6x9
8 1 2 3 3 2 4 4 4 
6 1 3 3 4 4 3 0 0 
3 2 3 3 0 0 0 0 0 
2 4 4 0 0 0 0 0 0 
2 3 3 0 0 0 0 0 0 
1 72 0 0 0 0 0 0 0
6x7
4 2 4 4 4 0 0 
6 3 3 2 4 4 3 
4 1 2 3 3 0 0 
2 4 4 0 0 0 0 
2 3 3 0 0 0 0 
1 72 0 0 0 0 0
6x8
7 2 3 3 2 4 4 4 
5 3 3 4 4 3 0 0 
1 1 0 0 0 0 0 0 
3 2 3 3 0 0 0 0 
2 4 4 0 0 0 0 0 
3 48 0 0 0 0 0 0
6x8
7 2 3 3 2 4 4 4 
5 3 3 4 4 3 0 0 
1 1 0 0 0 0 0 0 
3 2 3 3 0 0 0 0 
2 3 3 0 0 0 0 0 
3 48 0 0 0 0 0 0
