#5
3x4
3 1 2 1 
3 1 3 1 
1 9 0 0
3x4
1 1 0 0 
3 1 2 1 
3 6 0 0
3x4
1 1 0 0 
3 1 3 1 
3 6 0 0
3x5
1 1 0 0 0 
4 1 2 1 3 
3 6 0 0 0
3x5
1 1 0 0 0 
4 1 2 3 1 
3 6 0 0 0
#3 1 1 0
0 1 min.43 1 1 0
1 6 min.38 2 2 0
3 6 min.34 3 1 0
#4 1 1 1
0 1 min.43 1 1 1
1 3 min.38 2 2 1
2 3 min.38 2 2 0
3 6 min.34 3 1 0
#3 1 1 4
0 1 min.43 1 1 4
1 6 min.38 2 2 1
3 6 min.34 3 1 0
#3 1 2 0
0 1 min.43 1 2 0
1 6 min.38 2 4 0
3 6 min.34 1 1 0
#3 1 2 1
0 1 min.43 1 2 1
1 6 min.38 2 4 1
3 6 min.34 1 1 0
#4 2 1 0
0 1 min.43 1 1 0
1 3 min.38 2 2 0
2 3 min.38 1 2 0
3 6 min.34 1 1 0
#4 2 1 1
0 1 min.43 1 1 1
1 3 min.38 2 2 0
2 3 min.38 1 2 1
3 6 min.34 1 1 0
#3 3 1 0
0 1 min.43 1 1 0
1 6 min.38 1 2 0
3 6 min.34 2 1 0
#3 3 2 0
0 1 min.43 1 2 0
1 6 min.38 1 4 0
3 6 min.34 1 1 0
