#4
4x11
7 1 2 1 1 2 1 1 0 0 0 
6 2 1 2 1 1 2 0 0 0 0 
10 1 2 1 2 1 2 1 2 1 2 
10 12 0 0 0 0 0 0 0 0 0
4x11
5 1 2 1 1 2 0 0 0 0 0 
6 2 1 2 1 1 2 0 0 0 0 
10 1 2 1 2 1 2 1 2 1 2 
6 20 0 0 0 0 0 0 0 0 0
5x11
6 2 1 2 1 1 2 0 0 0 0 
9 1 2 1 2 1 1 2 1 1 0 
9 1 1 2 1 2 1 1 2 1 0 
10 1 1 2 1 1 2 1 2 1 2 
5 24 0 0 0 0 0 0 0 0 0
3x12
5 2 1 1 2 1 0 0 0 0 0 0 
11 1 1 2 1 2 1 2 1 2 1 1 
1 60 0 0 0 0 0 0 0 0 0 0
#4 1 1 0
0 10 group.76 1 4 0
1 6 group.205 1 1 0
2 5 group.133 1 3 0
3 1 min.56 1 1 0
#4 2 1 0
0 10 group.76 1 4 0
1 6 group.205 1 1 0
2 5 group.133 1 3 0
3 1 min.56 2 1 0
