#4
6x11
7 1 1 1 2 2 2 1 0 0 0 
4 1 1 2 2 0 0 0 0 0 0 
10 1 1 1 2 2 2 1 2 2 2 
6 1 1 2 2 1 1 0 0 0 0 
6 1 2 2 1 1 1 0 0 0 0 
1 72 0 0 0 0 0 0 0 0 0
6x11
7 1 1 2 1 1 1 2 0 0 0 
4 1 1 2 2 0 0 0 0 0 0 
10 1 1 1 2 2 2 1 2 2 2 
6 1 1 2 2 1 1 0 0 0 0 
6 1 2 2 1 1 1 0 0 0 0 
1 72 0 0 0 0 0 0 0 0 0
6x11
8 1 1 2 1 2 2 1 1 0 0 
4 1 1 2 2 0 0 0 0 0 0 
10 1 1 1 2 2 2 1 2 2 2 
6 1 1 2 2 1 1 0 0 0 0 
6 1 2 2 1 1 1 0 0 0 0 
1 72 0 0 0 0 0 0 0 0 0
5x11
7 1 1 1 2 2 2 1 0 0 0 
7 1 1 2 1 1 1 2 0 0 0 
4 1 1 2 2 0 0 0 0 0 0 
10 1 1 1 2 2 2 1 2 2 2 
9 16 0 0 0 0 0 0 0 0 0
