10x25	% 
 1  1  4  4  4  4  4  4  4  4  6  6 16 16 16 16 16 16 16 16 18 24 24 24 24
 1  2  3  3  3  3  6  6  6  6  4  4  3  3  3  3  6  6  6  6  2 12 12 12 12
 4 -4 -2 -2 -2 -2  2  2  2  2  0  0  1  1  1  1 -1 -1 -1 -1  0  0  0  0  0
 4  4 -2 -2 -2 -2 -2 -2 -2 -2 -4 -4  1  1  1  1  1  1  1  1  4  2  2  2  2
 4 -4  4  4  4  4 -4 -4 -4 -4  0  0  4  4  4  4 -4 -4 -4 -4  0  0  0  0  0
 0  4  4  4  4  4  4  4  4  4  4  4  2  2  2  2  4  4  4  4  2  4  4  4  4
 4  0  4  4  4  4  4  4  4  4  4  4  4  4  4  4  2  2  2  2  2  4  4  4  4
 0  4  4  4  4  4  4  4  4  4  4  4  2  2  2  2  4  4  4  4  2  4  4  4  4
 4  0  4  4  4  4  4  4  4  4  4  4  4  4  4  4  2  2  2  2  2  4  4  4  4
 4 -4 -2 -2 -2 -2  2  2  2  2  0  0  1  1  1  1 -1 -1 -1 -1  0  0  0  0  0
