#31
6x6
5 1 2 4 1 5 
1 4 0 0 0 0 
3 4 1 4 0 0 
2 1 2 0 0 0 
4 1 4 1 4 0 
1 32 0 0 0 0
6x6
5 1 2 4 1 5 
1 4 0 0 0 0 
3 4 1 4 0 0 
1 3 0 0 0 0 
4 1 4 1 4 0 
1 32 0 0 0 0
6x6
5 1 2 4 1 5 
1 4 0 0 0 0 
3 4 1 4 0 0 
3 1 2 3 0 0 
4 1 4 1 4 0 
1 32 0 0 0 0
6x6
5 1 2 4 1 5 
1 4 0 0 0 0 
2 1 2 0 0 0 
1 3 0 0 0 0 
4 1 4 1 4 0 
1 32 0 0 0 0
6x6
5 1 2 4 1 5 
1 4 0 0 0 0 
4 3 4 1 4 0 
2 1 2 0 0 0 
4 1 4 1 4 0 
1 32 0 0 0 0
6x6
5 1 2 4 1 5 
1 4 0 0 0 0 
5 1 2 4 1 4 
1 3 0 0 0 0 
4 1 4 1 4 0 
1 32 0 0 0 0
6x6
5 1 2 4 1 5 
1 4 0 0 0 0 
4 3 4 1 4 0 
3 1 2 3 0 0 
4 1 4 1 4 0 
1 32 0 0 0 0
6x6
5 1 2 4 1 5 
3 4 1 4 0 0 
2 1 2 0 0 0 
1 3 0 0 0 0 
4 1 4 1 4 0 
1 32 0 0 0 0
6x6
5 1 2 4 1 5 
2 3 4 0 0 0 
3 4 1 4 0 0 
2 1 2 0 0 0 
4 1 4 1 4 0 
1 32 0 0 0 0
6x6
5 1 2 4 1 5 
3 2 4 1 0 0 
3 4 1 4 0 0 
1 3 0 0 0 0 
4 1 4 1 4 0 
1 32 0 0 0 0
6x6
5 1 2 4 1 5 
2 3 4 0 0 0 
3 4 1 4 0 0 
3 1 2 3 0 0 
4 1 4 1 4 0 
1 32 0 0 0 0
6x6
5 1 2 4 1 5 
2 1 4 0 0 0 
2 1 2 0 0 0 
1 3 0 0 0 0 
4 1 4 1 4 0 
1 32 0 0 0 0
6x6
5 1 2 4 1 5 
2 3 4 0 0 0 
4 3 4 1 4 0 
2 1 2 0 0 0 
4 1 4 1 4 0 
1 32 0 0 0 0
6x6
5 1 2 4 1 5 
3 2 4 1 0 0 
5 1 2 4 1 4 
1 3 0 0 0 0 
4 1 4 1 4 0 
1 32 0 0 0 0
6x6
5 1 2 4 1 5 
2 3 4 0 0 0 
4 3 4 1 4 0 
3 1 2 3 0 0 
4 1 4 1 4 0 
1 32 0 0 0 0
6x5
1 4 0 0 0 
3 4 1 4 0 
2 1 2 0 0 
1 3 0 0 0 
4 1 4 1 4 
1 32 0 0 0
6x7
6 1 2 3 4 1 5 
1 4 0 0 0 0 0 
3 4 1 4 0 0 0 
2 1 2 0 0 0 0 
4 1 4 1 4 0 0 
1 32 0 0 0 0 0
6x5
3 4 1 5 0 
1 4 0 0 0 
3 4 1 4 0 
1 3 0 0 0 
4 1 4 1 4 
1 32 0 0 0
6x7
6 1 2 3 4 1 5 
1 4 0 0 0 0 0 
3 4 1 4 0 0 0 
3 1 2 3 0 0 0 
4 1 4 1 4 0 0 
1 32 0 0 0 0 0
6x5
4 2 4 1 5 
1 4 0 0 0 
2 1 2 0 0 
1 3 0 0 0 
4 1 4 1 4 
1 32 0 0 0
6x7
6 1 2 3 4 1 5 
1 4 0 0 0 0 0 
4 3 4 1 4 0 0 
2 1 2 0 0 0 0 
4 1 4 1 4 0 0 
1 32 0 0 0 0 0
6x6
3 4 1 5 0 0 
1 4 0 0 0 0 
5 1 2 4 1 4 
1 3 0 0 0 0 
4 1 4 1 4 0 
1 32 0 0 0 0
6x7
6 1 2 3 4 1 5 
1 4 0 0 0 0 0 
4 3 4 1 4 0 0 
3 1 2 3 0 0 0 
4 1 4 1 4 0 0 
1 32 0 0 0 0 0
6x5
2 2 5 0 0 
3 4 1 4 0 
2 1 2 0 0 
1 3 0 0 0 
4 1 4 1 4 
1 32 0 0 0
6x7
6 1 2 3 4 1 5 
2 3 4 0 0 0 0 
3 4 1 4 0 0 0 
2 1 2 0 0 0 0 
4 1 4 1 4 0 0 
1 32 0 0 0 0 0
6x5
3 4 1 5 0 
3 2 4 1 0 
3 4 1 4 0 
1 3 0 0 0 
4 1 4 1 4 
1 32 0 0 0
6x7
6 1 2 3 4 1 5 
2 3 4 0 0 0 0 
3 4 1 4 0 0 0 
3 1 2 3 0 0 0 
4 1 4 1 4 0 0 
1 32 0 0 0 0 0
6x5
4 2 4 1 5 
2 1 4 0 0 
2 1 2 0 0 
1 3 0 0 0 
4 1 4 1 4 
1 32 0 0 0
6x7
6 1 2 3 4 1 5 
2 3 4 0 0 0 0 
4 3 4 1 4 0 0 
2 1 2 0 0 0 0 
4 1 4 1 4 0 0 
1 32 0 0 0 0 0
6x6
3 4 1 5 0 0 
3 2 4 1 0 0 
5 1 2 4 1 4 
1 3 0 0 0 0 
4 1 4 1 4 0 
1 32 0 0 0 0
6x7
6 1 2 3 4 1 5 
2 3 4 0 0 0 0 
4 3 4 1 4 0 0 
3 1 2 3 0 0 0 
4 1 4 1 4 0 0 
1 32 0 0 0 0 0
