#5
8x13
11 1 1 1 1 2 1 2 2 2 1 2 0 
4 1 1 1 1 0 0 0 0 0 0 0 0 
8 1 1 1 1 2 1 1 2 0 0 0 0 
8 1 1 2 1 1 2 1 1 0 0 0 0 
10 1 1 1 2 1 2 2 1 1 2 0 0 
10 1 1 1 2 2 2 1 2 1 1 0 0 
12 1 1 2 1 1 2 2 1 2 1 2 2 
1 192 0 0 0 0 0 0 0 0 0 0 0
8x13
3 1 1 1 0 0 0 0 0 0 0 0 0 
4 1 1 1 1 0 0 0 0 0 0 0 0 
8 1 1 1 1 2 1 1 2 0 0 0 0 
8 1 1 2 1 1 2 1 1 0 0 0 0 
10 1 1 1 2 1 2 2 1 1 2 0 0 
10 1 1 1 2 2 2 1 2 1 1 0 0 
12 1 1 2 1 1 2 2 1 2 1 2 2 
1 192 0 0 0 0 0 0 0 0 0 0 0
8x13
8 1 2 1 2 2 2 1 2 0 0 0 0 
4 1 1 1 1 0 0 0 0 0 0 0 0 
8 1 1 1 1 2 1 1 2 0 0 0 0 
8 1 1 2 1 1 2 1 1 0 0 0 0 
10 1 1 1 2 1 2 2 1 1 2 0 0 
10 1 1 1 2 2 2 1 2 1 1 0 0 
12 1 1 2 1 1 2 2 1 2 1 2 2 
1 192 0 0 0 0 0 0 0 0 0 0 0
8x13
11 1 1 1 1 2 1 2 2 2 1 2 0 
3 1 1 1 0 0 0 0 0 0 0 0 0 
8 1 1 1 1 2 1 1 2 0 0 0 0 
8 1 1 2 1 1 2 1 1 0 0 0 0 
10 1 1 1 2 1 2 2 1 1 2 0 0 
10 1 1 1 2 2 2 1 2 1 1 0 0 
12 1 1 2 1 1 2 2 1 2 1 2 2 
1 128 0 0 0 0 0 0 0 0 0 0 0
7x13
11 1 1 1 1 2 1 2 2 2 1 2 0 
3 1 1 1 0 0 0 0 0 0 0 0 0 
4 1 1 1 1 0 0 0 0 0 0 0 0 
8 1 1 1 1 2 2 1 1 0 0 0 0 
10 1 1 1 2 1 2 2 1 1 2 0 0 
12 1 1 2 1 1 2 2 1 2 1 2 2 
4 96 0 0 0 0 0 0 0 0 0 0 0
