-0.979606 -0.979606 0.979606 0.979606
0.510409 0.479785
0 2.52485e-08
0.2 0.2
0.102082 0.095957
1
571
82 69 3
0 0 0 2
0.0331637 0.00381517 0 2
0.0648814 0.0151283 0 2
0.0937551 0.0335461 0 2
0.106713 0.0452283 0 2
0.11848 0.058428 0 2
0.137889 0.0889059 0 2
0.145281 0.105917 0 2
0.150988 0.123913 0 2
0.156995 0.162219 0 2
0.157157 0.182189 0 2
0.155359 0.202468 0 2
0.145783 0.243225 0 2
0.128235 0.283021 0 2
0.102948 0.320404 0 2
0.0875449 0.337751 0 2
0.0704108 0.353979 0 2
0.0313601 0.382463 0 2
-0.0132491 0.404718 0 2
-0.0622709 0.419797 0 2
-0.0880351 0.424406 0 2
-0.101156 0.425946 0 2
-0.114405 0.426966 0 2
-0.168239 0.425736 0 2
-0.22229 0.415876 0 2
-0.275059 0.39742 0 2
-0.300498 0.385053 0 2
-0.325069 0.37067 0 2
-0.370922 0.336184 0 2
-0.411335 0.294759 0 2
-0.445189 0.247407 0 2
-0.459358 0.221877 0 2
-0.465709 0.208718 0 2
-0.471557 0.195325 0 2
-0.489739 0.139853 0 2
-0.499284 0.0824321 0 2
-0.499999 0.0245634 0 2
-0.497059 -0.00406662 0 2
-0.491962 -0.0322449 0 2
-0.475514 -0.0865228 0 2
-0.451252 -0.136886 0 2
-0.420004 -0.182078 0 2
-0.402077 -0.202388 0 2
-0.3926 -0.211919 0 2
-0.382807 -0.221014 0 2
-0.340873 -0.252809 0 2
-0.295547 -0.27681 0 2
-0.248267 -0.292617 0 2
-0.224356 -0.297393 0 2
-0.200513 -0.300089 0 2
-0.153765 -0.299354 0 2
-0.10945 -0.290802 0 2
-0.0689014 -0.27507 0 2
-0.0504184 -0.264773 0 2
-0.0416848 -0.259071 0 2
-0.0333109 -0.253021 0 2
-0.00369361 -0.225718 0 2
0.0191453 -0.194385 0 2
0.0346361 -0.160368 0 2
0.0395172 -0.142797 0 2
0.0412324 -0.13395 0 2
0.0424634 -0.125093 0 2
0.0425742 -0.0900156 0 2
0.0397921 -0.0730028 0 2
0.0351809 -0.0565754 0 2
0.0207525 -0.026148 0 2
0.0111135 -0.0124653 0 2
0.00573373 -0.00607181 0 2
0.00291014 -0.00299466 0 2
0 0 0 2
-0.026148 0.0207525 0 2
-0.0409028 0.028807 0 2
-0.0565754 0.0351809 0 2
-0.0900156 0.0425742 0 2
-0.107439 0.0434762 0 2
-0.116248 0.0432107 0 2
-0.125093 0.0424634 0 2
-0.160368 0.0346361 0 2
-0.177624 0.027835 0 2
-0.194385 0.0191453 0 2
-0.225718 -0.00369361 0 2
-0.239953 -0.0177 0 2
-0.246643 -0.0253113 0 2
-0.253021 -0.0333109 0 2
-0.27507 -0.0689014 0 2
-0.290802 -0.10945 0 2
-0.299354 -0.153765 0 2
-0.300729 -0.176922 0 2
-0.300089 -0.200513 0 2
-0.292617 -0.248267 0 2
-0.27681 -0.295547 0 2
-0.252809 -0.340873 0 2
-0.23785 -0.362351 0 2
-0.229662 -0.372717 0 2
-0.221014 -0.382807 0 2
-0.182078 -0.420004 0 2
-0.136886 -0.451252 0 2
-0.0865228 -0.475514 0 2
-0.0597892 -0.484758 0 2
-0.0322449 -0.491962 0 2
0.0245634 -0.499999 0 2
0.0824321 -0.499284 0 2
0.139853 -0.489739 0 2
0.167924 -0.481706 0 2
0.18172 -0.476892 0 2
0.195325 -0.471557 0 2
0.247407 -0.445189 0 2
0.294759 -0.411335 0 2
0.336184 -0.370922 0 2
0.35435 -0.348598 0 2
0.37067 -0.325069 0 2
0.39742 -0.275059 0 2
0.415876 -0.22229 0 2
0.425736 -0.168239 0 2
0.427422 -0.141201 0 2
0.427459 -0.127761 0 2
0.426966 -0.114405 0 2
0.419797 -0.0622709 0 2
0.404718 -0.0132491 0 2
0.382463 0.0313601 0 2
0.368932 0.0516449 0 2
0.353979 0.0704108 0 2
0.320404 0.102948 0 2
0.283021 0.128235 0 2
0.243225 0.145783 0 2
0.222874 0.151572 0 2
0.212666 0.153715 0 2
0.202468 0.155359 0 2
0.162219 0.156995 0 2
0.123913 0.150988 0 2
0.0889059 0.137889 0 2
0.0730298 0.128916 0 2
0.0655614 0.123873 0 2
0.058428 0.11848 0 2
0.0335461 0.0937551 0 2
0.0234835 0.079758 0 2
0.0151283 0.0648814 0 2
0.00381517 0.0331637 0 2
0.00095588 0.0166728 0 2
0.000239134 0.00834781 0 2
5.97835e-05 0.00417531 0 2
0 0 0 2
0.00381517 -0.0331636 0 2
0.00855303 -0.0492923 0 2
0.0151283 -0.0648814 0 2
0.0335461 -0.0937551 0 2
0.0452283 -0.106713 0 2
0.0516453 -0.112754 0 2
0.058428 -0.11848 0 2
0.0889059 -0.137889 0 2
0.105917 -0.145281 0 2
0.123913 -0.150988 0 2
0.162219 -0.156995 0 2
0.182189 -0.157157 0 2
0.192301 -0.156505 0 2
0.202468 -0.155359 0 2
0.243225 -0.145783 0 2
0.283021 -0.128235 0 2
0.320404 -0.102947 0 2
0.337751 -0.0875448 0 2
0.353979 -0.0704108 0 2
0.382463 -0.0313601 0 2
0.404718 0.0132492 0 2
0.419797 0.0622709 0 2
0.424406 0.0880352 0 2
0.425946 0.101156 0 2
0.426966 0.114405 0 2
0.425736 0.168239 0 2
0.415876 0.22229 0 2
0.39742 0.275059 0 2
0.385053 0.300498 0 2
0.37067 0.325069 0 2
0.336184 0.370922 0 2
0.294759 0.411335 0 2
0.247407 0.445189 0 2
0.221877 0.459358 0 2
0.208718 0.465709 0 2
0.195325 0.471557 0 2
0.139853 0.489739 0 2
0.0824321 0.499284 0 2
0.0245634 0.499999 0 2
-0.00406662 0.497059 0 2
-0.0322449 0.491962 0 2
-0.0865228 0.475514 0 2
-0.136886 0.451252 0 2
-0.182078 0.420004 0 2
-0.202388 0.402077 0 2
-0.211919 0.3926 0 2
-0.221014 0.382807 0 2
-0.252809 0.340873 0 2
-0.27681 0.295548 0 2
-0.292617 0.248267 0 2
-0.297393 0.224356 0 2
-0.300089 0.200513 0 2
-0.299354 0.153765 0 2
-0.290802 0.10945 0 2
-0.27507 0.0689015 0 2
-0.264773 0.0504184 0 2
-0.259071 0.0416849 0 2
-0.253021 0.0333109 0 2
-0.225718 0.00369364 0 2
-0.194385 -0.0191452 0 2
-0.160368 -0.0346361 0 2
-0.142797 -0.0395172 0 2
-0.13395 -0.0412324 0 2
-0.125093 -0.0424633 0 2
-0.0900156 -0.0425742 0 2
-0.0730028 -0.0397921 0 2
-0.0565754 -0.0351808 0 2
-0.026148 -0.0207525 0 2
-0.0124653 -0.0111135 0 2
-0.00607181 -0.00573367 0 2
-0.00299466 -0.00291011 0 2
0 0 0 2
0.0207525 0.026148 0 2
0.028807 0.0409029 0 2
0.0351809 0.0565754 0 2
0.0425742 0.0900156 0 2
0.0434762 0.107439 0 2
0.0432107 0.116248 0 2
0.0424634 0.125093 0 2
0.0346361 0.160368 0 2
0.027835 0.177624 0 2
0.0191453 0.194385 0 2
-0.00369361 0.225718 0 2
-0.0177 0.239953 0 2
-0.0253113 0.246643 0 2
-0.0333109 0.253021 0 2
-0.0689014 0.27507 0 2
-0.10945 0.290802 0 2
-0.153765 0.299354 0 2
-0.176922 0.300729 0 2
-0.200513 0.300089 0 2
-0.248267 0.292617 0 2
-0.295547 0.27681 0 2
-0.340873 0.252809 0 2
-0.362351 0.23785 0 2
-0.372717 0.229662 0 2
-0.382807 0.221014 0 2
-0.420004 0.182078 0 2
-0.451252 0.136886 0 2
-0.475514 0.0865228 0 2
-0.484758 0.0597892 0 2
-0.491962 0.0322449 0 2
-0.499999 -0.0245633 0 2
-0.499284 -0.0824321 0 2
-0.489739 -0.139853 0 2
-0.481706 -0.167924 0 2
-0.476892 -0.18172 0 2
-0.471557 -0.195325 0 2
-0.445189 -0.247407 0 2
-0.411335 -0.294759 0 2
-0.370922 -0.336184 0 2
-0.348598 -0.35435 0 2
-0.325069 -0.37067 0 2
-0.275059 -0.39742 0 2
-0.22229 -0.415876 0 2
-0.168239 -0.425736 0 2
-0.141201 -0.427421 0 2
-0.127761 -0.427459 0 2
-0.114405 -0.426966 0 2
-0.0622709 -0.419796 0 2
-0.0132491 -0.404718 0 2
0.0313601 -0.382463 0 2
0.0516449 -0.368932 0 2
0.0704108 -0.353979 0 2
0.102948 -0.320404 0 2
0.128235 -0.283021 0 2
0.145783 -0.243225 0 2
0.151572 -0.222874 0 2
0.153715 -0.212666 0 2
0.155359 -0.202467 0 2
0.156995 -0.162219 0 2
0.150988 -0.123913 0 2
0.137889 -0.0889058 0 2
0.128916 -0.0730298 0 2
0.123873 -0.0655613 0 2
0.11848 -0.058428 0 2
0.0937551 -0.0335461 0 2
0.079758 -0.0234835 0 2
0.0648814 -0.0151282 0 2
0.0331637 -0.00381514 0 2
0.0166728 -0.00095585 0 2
0.00834781 -0.000239074 0 2
0.00417531 -5.97537e-05 0 2
0 0 0 2
-0.0331636 -0.00381514 0 2
-0.0492923 -0.008553 0 2
-0.0648814 -0.0151282 0 2
-0.0937551 -0.0335461 0 2
-0.106713 -0.0452282 0 2
-0.112754 -0.0516453 0 2
-0.11848 -0.058428 0 2
-0.137889 -0.0889058 0 2
-0.145281 -0.105917 0 2
-0.150988 -0.123913 0 2
-0.156995 -0.162219 0 2
-0.157157 -0.182188 0 2
-0.156505 -0.192301 0 2
-0.155359 -0.202467 0 2
-0.145783 -0.243225 0 2
-0.128235 -0.283021 0 2
-0.102947 -0.320404 0 2
-0.0875448 -0.337751 0 2
-0.0704108 -0.353979 0 2
-0.0313601 -0.382463 0 2
0.0132492 -0.404718 0 2
0.0622709 -0.419796 0 2
0.0880352 -0.424406 0 2
0.101156 -0.425946 0 2
0.114405 -0.426966 0 2
0.168239 -0.425736 0 2
0.22229 -0.415876 0 2
0.275059 -0.39742 0 2
0.300498 -0.385053 0 2
0.325069 -0.37067 0 2
0.370922 -0.336184 0 2
0.411335 -0.294759 0 2
0.445189 -0.247407 0 2
0.459358 -0.221877 0 2
0.465709 -0.208718 0 2
0.471557 -0.195325 0 2
0.489739 -0.139853 0 2
0.499284 -0.0824321 0 2
0.499999 -0.0245633 0 2
0.497059 0.00406665 0 2
0.491962 0.0322449 0 2
0.475514 0.0865228 0 2
0.451252 0.136886 0 2
0.420004 0.182078 0 2
0.402077 0.202388 0 2
0.3926 0.211919 0 2
0.382807 0.221014 0 2
0.340873 0.252809 0 2
0.295548 0.27681 0 2
0.248267 0.292617 0 2
0.224356 0.297393 0 2
0.200513 0.300089 0 2
0.153765 0.299354 0 2
0.10945 0.290802 0 2
0.0689015 0.27507 0 2
0.0504184 0.264773 0 2
0.0416849 0.259071 0 2
0.0333109 0.253021 0 2
0.00369364 0.225718 0 2
-0.0191452 0.194385 0 2
-0.0346361 0.160368 0 2
-0.0395172 0.142797 0 2
-0.0412324 0.13395 0 2
-0.0424633 0.125093 0 2
-0.0425742 0.0900156 0 2
-0.0397921 0.0730028 0 2
-0.0351808 0.0565754 0 2
-0.0207525 0.026148 0 2
-0.0111135 0.0124653 0 2
-0.00573367 0.00607187 0 2
-0.00291011 0.00299466 0 2
0 0 0 2
0.026148 -0.0207525 0 2
0.0409029 -0.028807 0 2
0.0565754 -0.0351808 0 2
0.0900156 -0.0425742 0 2
0.107439 -0.0434762 0 2
0.116248 -0.0432107 0 2
0.125093 -0.0424633 0 2
0.160368 -0.0346361 0 2
0.177624 -0.027835 0 2
0.194385 -0.0191452 0 2
0.225718 0.00369364 0 2
0.239953 0.0177001 0 2
0.246643 0.0253114 0 2
0.253021 0.0333109 0 2
0.27507 0.0689015 0 2
0.290802 0.10945 0 2
0.299354 0.153765 0 2
0.300729 0.176922 0 2
0.300089 0.200513 0 2
0.292617 0.248267 0 2
0.27681 0.295548 0 2
0.252809 0.340873 0 2
0.23785 0.362351 0 2
0.229662 0.372717 0 2
0.221014 0.382807 0 2
0.182078 0.420004 0 2
0.136886 0.451252 0 2
0.0865228 0.475514 0 2
0.0597892 0.484758 0 2
0.0322449 0.491962 0 2
-0.0245633 0.499999 0 2
-0.0824321 0.499284 0 2
-0.139853 0.489739 0 2
-0.167924 0.481706 0 2
-0.18172 0.476892 0 2
-0.195325 0.471557 0 2
-0.247407 0.445189 0 2
-0.294759 0.411335 0 2
-0.336184 0.370922 0 2
-0.35435 0.348598 0 2
-0.37067 0.325069 0 2
-0.39742 0.275059 0 2
-0.415876 0.22229 0 2
-0.425736 0.168239 0 2
-0.427421 0.141201 0 2
-0.427459 0.127761 0 2
-0.426966 0.114405 0 2
-0.419796 0.0622709 0 2
-0.404718 0.0132492 0 2
-0.382463 -0.0313601 0 2
-0.368932 -0.0516449 0 2
-0.353979 -0.0704108 0 2
-0.320404 -0.102947 0 2
-0.283021 -0.128235 0 2
-0.243225 -0.145783 0 2
-0.222874 -0.151572 0 2
-0.212666 -0.153715 0 2
-0.202467 -0.155359 0 2
-0.162219 -0.156995 0 2
-0.123913 -0.150988 0 2
-0.0889058 -0.137889 0 2
-0.0730298 -0.128916 0 2
-0.0655613 -0.123873 0 2
-0.058428 -0.11848 0 2
-0.0335461 -0.0937551 0 2
-0.0234835 -0.079758 0 2
-0.0151282 -0.0648814 0 2
-0.00381514 -0.0331636 0 2
-0.00095585 -0.0166727 0 2
-0.000239074 -0.00834775 0 2
-5.97537e-05 -0.00417531 0 2
0 0 0 2
-0.00381514 0.0331637 0 2
-0.008553 0.0492923 0 2
-0.0151282 0.0648814 0 2
-0.0335461 0.0937551 0 2
-0.0452282 0.106713 0 2
-0.0516453 0.112754 0 2
-0.058428 0.11848 0 2
-0.0889058 0.137889 0 2
-0.105917 0.145281 0 2
-0.123913 0.150988 0 2
-0.162219 0.156995 0 2
-0.182188 0.157157 0 2
-0.192301 0.156505 0 2
-0.202467 0.155359 0 2
-0.243225 0.145783 0 2
-0.283021 0.128235 0 2
-0.320404 0.102948 0 2
-0.337751 0.0875449 0 2
-0.353979 0.0704108 0 2
-0.382463 0.0313601 0 2
-0.404718 -0.0132491 0 2
-0.419796 -0.0622709 0 2
-0.424406 -0.0880351 0 2
-0.425946 -0.101156 0 2
-0.426966 -0.114405 0 2
-0.425736 -0.168239 0 2
-0.415876 -0.22229 0 2
-0.39742 -0.275059 0 2
-0.385053 -0.300498 0 2
-0.37067 -0.325069 0 2
-0.336184 -0.370922 0 2
-0.294759 -0.411335 0 2
-0.247407 -0.445189 0 2
-0.221877 -0.459358 0 2
-0.208718 -0.465709 0 2
-0.195325 -0.471557 0 2
-0.139853 -0.489739 0 2
-0.0824321 -0.499284 0 2
-0.0245633 -0.499999 0 2
0.00406665 -0.497059 0 2
0.0322449 -0.491962 0 2
0.0865228 -0.475514 0 2
0.136886 -0.451252 0 2
0.182078 -0.420004 0 2
0.202388 -0.402077 0 2
0.211919 -0.3926 0 2
0.221014 -0.382807 0 2
0.252809 -0.340873 0 2
0.27681 -0.295547 0 2
0.292617 -0.248267 0 2
0.297393 -0.224356 0 2
0.300089 -0.200513 0 2
0.299354 -0.153765 0 2
0.290802 -0.10945 0 2
0.27507 -0.0689014 0 2
0.264773 -0.0504184 0 2
0.259071 -0.0416848 0 2
0.253021 -0.0333109 0 2
0.225718 -0.00369361 0 2
0.194385 0.0191453 0 2
0.160368 0.0346361 0 2
0.142797 0.0395172 0 2
0.13395 0.0412324 0 2
0.125093 0.0424634 0 2
0.0900156 0.0425742 0 2
0.0730028 0.0397921 0 2
0.0565754 0.0351809 0 2
0.026148 0.0207525 0 2
0.0124653 0.0111135 0 2
0.00607187 0.00573373 0 2
0.00299466 0.00291014 0 2
0 0 0 2
-0.0207525 -0.026148 0 2
-0.028807 -0.0409028 0 2
-0.0351808 -0.0565754 0 2
-0.0425742 -0.0900156 0 2
-0.0434762 -0.107439 0 2
-0.0432107 -0.116248 0 2
-0.0424633 -0.125093 0 2
-0.0346361 -0.160368 0 2
-0.027835 -0.177624 0 2
-0.0191452 -0.194385 0 2
0.00369364 -0.225718 0 2
0.0177001 -0.239953 0 2
0.0253114 -0.246643 0 2
0.0333109 -0.253021 0 2
0.0689015 -0.27507 0 2
0.10945 -0.290802 0 2
0.153765 -0.299354 0 2
0.176922 -0.300729 0 2
0.200513 -0.300089 0 2
0.248267 -0.292617 0 2
0.295548 -0.27681 0 2
0.340873 -0.252809 0 2
0.362351 -0.23785 0 2
0.372717 -0.229662 0 2
0.382807 -0.221014 0 2
0.420004 -0.182078 0 2
0.451252 -0.136886 0 2
0.475514 -0.0865228 0 2
0.484758 -0.0597892 0 2
0.491962 -0.0322449 0 2
0.499999 0.0245634 0 2
0.499284 0.0824321 0 2
0.489739 0.139853 0 2
0.481706 0.167924 0 2
0.476892 0.18172 0 2
0.471557 0.195325 0 2
0.445189 0.247407 0 2
0.411335 0.294759 0 2
0.370922 0.336184 0 2
0.348598 0.35435 0 2
0.325069 0.37067 0 2
0.275059 0.39742 0 2
0.22229 0.415876 0 2
0.168239 0.425736 0 2
0.141201 0.427422 0 2
0.127761 0.427459 0 2
0.114405 0.426966 0 2
0.0622709 0.419797 0 2
0.0132492 0.404718 0 2
-0.0313601 0.382463 0 2
-0.0516449 0.368932 0 2
-0.0704108 0.353979 0 2
-0.102947 0.320404 0 2
-0.128235 0.283021 0 2
-0.145783 0.243225 0 2
-0.151572 0.222874 0 2
-0.153715 0.212666 0 2
-0.155359 0.202468 0 2
-0.156995 0.162219 0 2
-0.150988 0.123913 0 2
-0.137889 0.0889059 0 2
-0.128916 0.0730298 0 2
-0.123873 0.0655614 0 2
-0.11848 0.058428 0 2
-0.0937551 0.0335461 0 2
-0.079758 0.0234835 0 2
-0.0648814 0.0151283 0 2
-0.0331636 0.00381517 0 2
0 0 0 2
