#9
6x9
5 1 1 1 1 3 0 0 0 
3 1 1 1 0 0 0 0 0 
4 1 1 3 3 0 0 0 0 
8 1 1 1 1 1 3 3 1 
2 3 3 0 0 0 0 0 0 
1 48 0 0 0 0 0 0 0
6x9
5 1 1 1 1 3 0 0 0 
1 2 0 0 0 0 0 0 0 
4 1 1 3 3 0 0 0 0 
8 1 1 1 1 1 3 3 1 
2 3 3 0 0 0 0 0 0 
1 48 0 0 0 0 0 0 0
6x9
5 1 1 1 1 3 0 0 0 
4 1 1 1 2 0 0 0 0 
4 1 1 3 3 0 0 0 0 
8 1 1 1 1 1 3 3 1 
2 3 3 0 0 0 0 0 0 
1 48 0 0 0 0 0 0 0
6x9
3 1 1 1 0 0 0 0 0 
1 2 0 0 0 0 0 0 0 
4 1 1 3 3 0 0 0 0 
8 1 1 1 1 1 3 3 1 
2 3 3 0 0 0 0 0 0 
1 48 0 0 0 0 0 0 0
6x9
6 1 1 1 1 2 3 0 0 
3 1 1 1 0 0 0 0 0 
4 1 1 3 3 0 0 0 0 
8 1 1 1 1 1 3 3 1 
2 3 3 0 0 0 0 0 0 
1 48 0 0 0 0 0 0 0
6x9
2 1 3 0 0 0 0 0 0 
1 2 0 0 0 0 0 0 0 
4 1 1 3 3 0 0 0 0 
8 1 1 1 1 1 3 3 1 
2 3 3 0 0 0 0 0 0 
1 48 0 0 0 0 0 0 0
6x9
6 1 1 1 1 2 3 0 0 
4 1 1 1 2 0 0 0 0 
4 1 1 3 3 0 0 0 0 
8 1 1 1 1 1 3 3 1 
2 3 3 0 0 0 0 0 0 
1 48 0 0 0 0 0 0 0
6x9
5 1 1 1 1 3 0 0 0 
3 1 1 1 0 0 0 0 0 
1 2 0 0 0 0 0 0 0 
8 1 1 1 1 1 3 3 1 
2 3 3 0 0 0 0 0 0 
3 32 0 0 0 0 0 0 0
5x6
5 1 1 1 1 3 
3 1 1 1 0 0 
1 2 0 0 0 0 
4 1 1 3 3 0 
4 24 0 0 0 0
