#18
8x9
1 4 0 0 0 0 0 0 0 
5 3 1 3 1 3 0 0 0 
7 2 3 2 3 2 3 3 0 
6 3 2 3 2 3 3 0 0 
8 1 3 1 3 3 3 3 3 
4 3 2 3 2 0 0 0 0 
6 3 2 3 3 2 3 0 0 
1 288 0 0 0 0 0 0 0
8x9
1 4 0 0 0 0 0 0 0 
5 3 1 3 1 3 0 0 0 
1 1 0 0 0 0 0 0 0 
6 3 2 3 2 3 3 0 0 
8 1 3 1 3 3 3 3 3 
4 3 2 3 2 0 0 0 0 
6 3 2 3 3 2 3 0 0 
1 288 0 0 0 0 0 0 0
8x9
1 4 0 0 0 0 0 0 0 
5 3 1 3 1 3 0 0 0 
8 1 2 3 2 3 2 3 3 
6 3 2 3 2 3 3 0 0 
8 1 3 1 3 3 3 3 3 
4 3 2 3 2 0 0 0 0 
6 3 2 3 3 2 3 0 0 
1 288 0 0 0 0 0 0 0
8x9
1 4 0 0 0 0 0 0 0 
7 2 3 2 3 2 3 3 0 
1 1 0 0 0 0 0 0 0 
6 3 2 3 2 3 3 0 0 
8 1 3 1 3 3 3 3 3 
4 3 2 3 2 0 0 0 0 
6 3 2 3 3 2 3 0 0 
1 288 0 0 0 0 0 0 0
8x9
1 4 0 0 0 0 0 0 0 
6 1 3 1 3 1 3 0 0 
7 2 3 2 3 2 3 3 0 
6 3 2 3 2 3 3 0 0 
8 1 3 1 3 3 3 3 3 
4 3 2 3 2 0 0 0 0 
6 3 2 3 3 2 3 0 0 
1 288 0 0 0 0 0 0 0
8x9
1 4 0 0 0 0 0 0 0 
6 3 1 3 1 2 3 0 0 
1 1 0 0 0 0 0 0 0 
6 3 2 3 2 3 3 0 0 
8 1 3 1 3 3 3 3 3 
4 3 2 3 2 0 0 0 0 
6 3 2 3 3 2 3 0 0 
1 288 0 0 0 0 0 0 0
8x9
1 4 0 0 0 0 0 0 0 
6 1 3 1 3 1 3 0 0 
8 1 2 3 2 3 2 3 3 
6 3 2 3 2 3 3 0 0 
8 1 3 1 3 3 3 3 3 
4 3 2 3 2 0 0 0 0 
6 3 2 3 3 2 3 0 0 
1 288 0 0 0 0 0 0 0
8x9
5 3 1 3 1 3 0 0 0 
7 2 3 2 3 2 3 3 0 
1 1 0 0 0 0 0 0 0 
6 3 2 3 2 3 3 0 0 
8 1 3 1 3 3 3 3 3 
4 3 2 3 2 0 0 0 0 
6 3 2 3 3 2 3 0 0 
1 288 0 0 0 0 0 0 0
8x9
2 1 4 0 0 0 0 0 0 
5 3 1 3 1 3 0 0 0 
7 2 3 2 3 2 3 3 0 
6 3 2 3 2 3 3 0 0 
8 1 3 1 3 3 3 3 3 
4 3 2 3 2 0 0 0 0 
6 3 2 3 3 2 3 0 0 
1 288 0 0 0 0 0 0 0
8x9
8 2 3 2 3 2 3 3 4 
5 3 1 3 1 3 0 0 0 
1 1 0 0 0 0 0 0 0 
6 3 2 3 2 3 3 0 0 
8 1 3 1 3 3 3 3 3 
4 3 2 3 2 0 0 0 0 
6 3 2 3 3 2 3 0 0 
1 288 0 0 0 0 0 0 0
8x9
2 1 4 0 0 0 0 0 0 
5 3 1 3 1 3 0 0 0 
8 1 2 3 2 3 2 3 3 
6 3 2 3 2 3 3 0 0 
8 1 3 1 3 3 3 3 3 
4 3 2 3 2 0 0 0 0 
6 3 2 3 3 2 3 0 0 
1 288 0 0 0 0 0 0 0
8x9
6 3 1 3 1 3 4 0 0 
7 2 3 2 3 2 3 3 0 
1 1 0 0 0 0 0 0 0 
6 3 2 3 2 3 3 0 0 
8 1 3 1 3 3 3 3 3 
4 3 2 3 2 0 0 0 0 
6 3 2 3 3 2 3 0 0 
1 288 0 0 0 0 0 0 0
8x9
2 1 4 0 0 0 0 0 0 
6 1 3 1 3 1 3 0 0 
7 2 3 2 3 2 3 3 0 
6 3 2 3 2 3 3 0 0 
8 1 3 1 3 3 3 3 3 
4 3 2 3 2 0 0 0 0 
6 3 2 3 3 2 3 0 0 
1 288 0 0 0 0 0 0 0
8x9
8 2 3 2 3 2 3 3 4 
6 3 1 3 1 2 3 0 0 
1 1 0 0 0 0 0 0 0 
6 3 2 3 2 3 3 0 0 
8 1 3 1 3 3 3 3 3 
4 3 2 3 2 0 0 0 0 
6 3 2 3 3 2 3 0 0 
1 288 0 0 0 0 0 0 0
8x9
2 1 4 0 0 0 0 0 0 
6 1 3 1 3 1 3 0 0 
8 1 2 3 2 3 2 3 3 
6 3 2 3 2 3 3 0 0 
8 1 3 1 3 3 3 3 3 
4 3 2 3 2 0 0 0 0 
6 3 2 3 3 2 3 0 0 
1 288 0 0 0 0 0 0 0
8x9
1 4 0 0 0 0 0 0 0 
5 3 1 3 1 3 0 0 0 
7 2 3 2 3 2 3 3 0 
1 1 0 0 0 0 0 0 0 
8 1 3 1 3 3 3 3 3 
4 3 2 3 2 0 0 0 0 
6 3 2 3 3 2 3 0 0 
3 192 0 0 0 0 0 0 0
8x8
1 4 0 0 0 0 0 0 
5 3 1 3 1 3 0 0 
7 2 3 2 3 2 3 3 
1 1 0 0 0 0 0 0 
6 3 2 3 2 3 3 0 
4 3 2 3 2 0 0 0 
6 3 2 3 3 2 3 0 
3 192 0 0 0 0 0 0
7x9
1 4 0 0 0 0 0 0 0 
5 3 1 3 1 3 0 0 0 
7 2 3 2 3 2 3 3 0 
1 1 0 0 0 0 0 0 0 
6 3 2 3 2 3 3 0 0 
8 1 3 1 3 3 3 3 3 
4 144 0 0 0 0 0 0 0
