#9
5x9
3 3 3 3 0 0 0 0 0 
2 1 2 0 0 0 0 0 0 
4 1 3 1 3 0 0 0 0 
8 1 3 3 1 3 3 3 3 
1 36 0 0 0 0 0 0 0
5x9
3 3 3 3 0 0 0 0 0 
1 1 0 0 0 0 0 0 0 
4 1 3 1 3 0 0 0 0 
8 1 3 3 1 3 3 3 3 
1 36 0 0 0 0 0 0 0
5x9
3 3 3 3 0 0 0 0 0 
1 2 0 0 0 0 0 0 0 
4 1 3 1 3 0 0 0 0 
8 1 3 3 1 3 3 3 3 
1 36 0 0 0 0 0 0 0
5x9
2 1 2 0 0 0 0 0 0 
1 1 0 0 0 0 0 0 0 
4 1 3 1 3 0 0 0 0 
8 1 3 3 1 3 3 3 3 
1 36 0 0 0 0 0 0 0
5x9
4 1 3 3 3 0 0 0 0 
2 1 2 0 0 0 0 0 0 
4 1 3 1 3 0 0 0 0 
8 1 3 3 1 3 3 3 3 
1 36 0 0 0 0 0 0 0
5x9
5 1 2 3 3 3 0 0 0 
1 1 0 0 0 0 0 0 0 
4 1 3 1 3 0 0 0 0 
8 1 3 3 1 3 3 3 3 
1 36 0 0 0 0 0 0 0
5x9
4 1 3 3 3 0 0 0 0 
1 2 0 0 0 0 0 0 0 
4 1 3 1 3 0 0 0 0 
8 1 3 3 1 3 3 3 3 
1 36 0 0 0 0 0 0 0
5x9
3 3 3 3 0 0 0 0 0 
2 1 2 0 0 0 0 0 0 
1 1 0 0 0 0 0 0 0 
8 1 3 3 1 3 3 3 3 
1 24 0 0 0 0 0 0 0
5x5
3 3 3 3 0 
2 1 2 0 0 
1 1 0 0 0 
4 1 3 1 3 
3 24 0 0 0
