#5
5x13
11 1 1 1 1 1 1 2 1 2 1 2 0 
6 1 1 1 1 1 1 0 0 0 0 0 0 
12 1 1 1 1 1 1 1 1 2 1 2 1 
4 2 1 2 1 0 0 0 0 0 0 0 0 
1 36 0 0 0 0 0 0 0 0 0 0 0
5x13
9 1 1 1 1 1 1 1 1 1 0 0 0 
6 1 1 1 1 1 1 0 0 0 0 0 0 
12 1 1 1 1 1 1 1 1 2 1 2 1 
4 2 1 2 1 0 0 0 0 0 0 0 0 
1 36 0 0 0 0 0 0 0 0 0 0 0
5x15
14 1 1 1 1 1 1 1 1 1 2 1 2 1 2 
6 1 1 1 1 1 1 0 0 0 0 0 0 0 0 
12 1 1 1 1 1 1 1 1 2 1 2 1 0 0 
4 2 1 2 1 0 0 0 0 0 0 0 0 0 0 
1 36 0 0 0 0 0 0 0 0 0 0 0 0 0
5x12
11 1 1 1 1 1 1 2 1 2 1 2 
9 1 1 1 1 1 1 1 1 1 0 0 
6 1 1 1 1 1 1 0 0 0 0 0 
8 1 1 1 1 1 1 1 1 0 0 0 
3 24 0 0 0 0 0 0 0 0 0 0
5x12
11 1 1 1 1 1 1 2 1 2 1 2 
9 1 1 1 1 1 1 1 1 1 0 0 
6 1 1 1 1 1 1 0 0 0 0 0 
4 2 1 2 1 0 0 0 0 0 0 0 
3 24 0 0 0 0 0 0 0 0 0 0
