#10
7x10
9 1 2 2 1 3 2 3 2 3 
3 2 2 2 0 0 0 0 0 0 
6 1 2 3 1 2 3 0 0 0 
8 2 2 2 3 1 3 2 1 0 
6 2 3 1 3 2 1 0 0 0 
6 1 2 3 1 3 2 0 0 0 
1 144 0 0 0 0 0 0 0 0
7x10
9 1 2 2 1 3 2 3 2 3 
7 2 1 3 1 3 2 1 0 0 
6 1 2 3 1 2 3 0 0 0 
8 2 2 2 3 1 3 2 1 0 
6 2 3 1 3 2 1 0 0 0 
6 1 2 3 1 3 2 0 0 0 
1 144 0 0 0 0 0 0 0 0
7x10
9 1 2 2 1 3 2 3 2 3 
8 1 2 2 3 1 3 2 1 0 
6 1 2 3 1 2 3 0 0 0 
8 2 2 2 3 1 3 2 1 0 
6 2 3 1 3 2 1 0 0 0 
6 1 2 3 1 3 2 0 0 0 
1 144 0 0 0 0 0 0 0 0
7x9
3 2 2 2 0 0 0 0 0 
7 2 1 3 1 3 2 1 0 
6 1 2 3 1 2 3 0 0 
8 2 2 2 3 1 3 2 1 
6 2 3 1 3 2 1 0 0 
6 1 2 3 1 3 2 0 0 
1 144 0 0 0 0 0 0 0
7x11
10 1 2 2 1 3 1 2 3 2 3 
3 2 2 2 0 0 0 0 0 0 0 
6 1 2 3 1 2 3 0 0 0 0 
8 2 2 2 3 1 3 2 1 0 0 
6 2 3 1 3 2 1 0 0 0 0 
6 1 2 3 1 3 2 0 0 0 0 
1 144 0 0 0 0 0 0 0 0 0
7x9
6 2 3 2 3 2 3 0 0 
7 2 1 3 1 3 2 1 0 
6 1 2 3 1 2 3 0 0 
8 2 2 2 3 1 3 2 1 
6 2 3 1 3 2 1 0 0 
6 1 2 3 1 3 2 0 0 
1 144 0 0 0 0 0 0 0
7x11
10 1 2 2 1 3 1 2 3 2 3 
8 1 2 2 3 1 3 2 1 0 0 
6 1 2 3 1 2 3 0 0 0 0 
8 2 2 2 3 1 3 2 1 0 0 
6 2 3 1 3 2 1 0 0 0 0 
6 1 2 3 1 3 2 0 0 0 0 
1 144 0 0 0 0 0 0 0 0 0
7x10
9 1 2 2 1 3 2 3 2 3 
3 2 2 2 0 0 0 0 0 0 
7 2 1 3 1 3 2 1 0 0 
6 1 2 3 1 2 3 0 0 0 
6 2 3 1 3 2 1 0 0 0 
6 1 2 3 1 3 2 0 0 0 
3 96 0 0 0 0 0 0 0 0
7x10
9 1 2 2 1 3 2 3 2 3 
3 2 2 2 0 0 0 0 0 0 
7 2 1 3 1 3 2 1 0 0 
8 2 2 2 3 1 3 2 1 0 
6 2 3 1 3 2 1 0 0 0 
6 1 2 3 1 3 2 0 0 0 
3 96 0 0 0 0 0 0 0 0
6x10
9 1 2 2 1 3 2 3 2 3 
3 2 2 2 0 0 0 0 0 0 
7 2 1 3 1 3 2 1 0 0 
6 1 2 3 1 2 3 0 0 0 
8 2 2 2 3 1 3 2 1 0 
4 72 0 0 0 0 0 0 0 0
