1
-0.0833219 0.0833333 -0.0833325 0.0833325 -1 1
cos(t)
0 0 1.2 1 1 1 0.785398 -0.785398
0 0 400 400
0 3 1 0 27 0 1
-0.5 0.5 0.5 1
1 500
143
0.0703212 0.0447144 -1 0
0.0570725 0.0607221 -0.979167 0.0104167
0.0402754 0.0729543 -0.958333 0.0208333
0.0209741 0.0806507 -0.9375 0.03125
0.0107554 0.0826363 -0.927083 0.0364583
0.000368808 0.0833325 -0.916667 0.0416667
-0.0202595 0.0808332 -0.895833 0.0520833
-0.0301792 0.0776766 -0.885417 0.0572917
-0.0396281 0.073308 -0.875 0.0625
-0.0565328 0.0612249 -0.854167 0.0729167
-0.0637249 0.053699 -0.84375 0.078125
-0.0699226 0.0453351 -0.833333 0.0833333
-0.078965 0.0266266 -0.8125 0.09375
-0.0816685 0.0165739 -0.802083 0.0989583
-0.0830977 0.00626259 -0.791667 0.104167
-0.0820638 -0.0144908 -0.770833 0.114583
-0.0796168 -0.024609 -0.760417 0.119792
-0.0759275 -0.0343432 -0.75 0.125
-0.0650705 -0.0520603 -0.729167 0.135417
-0.0580722 -0.0597668 -0.71875 0.140625
-0.0501677 -0.0665406 -0.708333 0.145833
-0.0321457 -0.0768837 -0.6875 0.15625
-0.0223094 -0.0802916 -0.677083 0.161458
-0.012125 -0.0824465 -0.666667 0.166667
0.00864953 -0.0828832 -0.645833 0.177083
0.0189155 -0.0811582 -0.635417 0.182292
0.0288863 -0.0781667 -0.625 0.1875
0.047327 -0.0685901 -0.604167 0.197917
0.0555092 -0.0621544 -0.59375 0.203125
0.0628252 -0.0547489 -0.583333 0.208333
0.0744172 -0.0375037 -0.5625 0.21875
0.0785123 -0.0279331 -0.552083 0.223958
0.0813823 -0.0179267 -0.541667 0.229167
0.0832875 0.00276493 -0.520833 0.239583
0.0822929 0.0131272 -0.510417 0.244792
0.0800142 0.0232846 -0.5 0.25
0.071766 0.0423566 -0.479167 0.260417
0.0659253 0.0509735 -0.46875 0.265625
0.0590558 0.058795 -0.458333 0.270833
0.0426738 0.0715779 -0.4375 0.28125
0.0334169 0.0763397 -0.427083 0.286458
0.0236385 0.0799104 -0.416667 0.291667
0.00313351 0.0832744 -0.395833 0.302083
-0.00727315 0.0830153 -0.385417 0.307292
-0.0175663 0.0814608 -0.375 0.3125
-0.037174 0.0745825 -0.354167 0.322917
-0.0461825 0.0693659 -0.34375 0.328125
-0.0544703 0.0630669 -0.333333 0.333333
-0.06838 0.0476301 -0.3125 0.34375
-0.0737847 0.0387332 -0.302083 0.348958
-0.0780381 0.0292319 -0.291667 0.354167
-0.0828441 0.00901626 -0.270833 0.364583
-0.0833219 -0.00138266 -0.260417 0.369792
-0.0824994 -0.01176 -0.25 0.375
-0.0770252 -0.0318051 -0.229167 0.385417
-0.0724589 -0.04116 -0.21875 0.390625
-0.066762 -0.0498727 -0.208333 0.395833
-0.0523478 -0.0648394 -0.1875 0.40625
-0.0438555 -0.07086 -0.177083 0.411458
-0.0346789 -0.0757748 -0.166667 0.416667
-0.0148538 -0.0819988 -0.145833 0.427083
-0.00451476 -0.0832109 -0.135417 0.432292
0.00589477 -0.0831246 -0.125 0.4375
0.0262769 -0.0790821 -0.104167 0.447917
0.0359314 -0.075189 -0.09375 0.453125
0.0450252 -0.0701226 -0.0833333 0.458333
0.0609741 -0.0568032 -0.0625 0.46875
0.0675803 -0.0487581 -0.0520833 0.473958
0.0731319 -0.0399521 -0.0416667 0.479167
0.0807427 -0.020617 -0.0208333 0.489583
0.0826831 -0.0103896 -0.0104167 0.494792
0.0833333 0 0 0.5
0.0807427 0.020617 0.0208333 0.510417
0.0775423 0.0305227 0.03125 0.515625
0.0731319 0.0399521 0.0416667 0.520833
0.0609741 0.0568032 0.0625 0.53125
0.0534164 0.063962 0.0729167 0.536458
0.0450252 0.0701226 0.0833333 0.541667
0.0262769 0.0790821 0.104167 0.552083
0.0162123 0.0817411 0.114583 0.557292
0.00589477 0.0831246 0.125 0.5625
-0.0148538 0.0819988 0.145833 0.572917
-0.0249611 0.0795071 0.15625 0.578125
-0.0346789 0.0757748 0.166667 0.583333
-0.0523478 0.0648394 0.1875 0.59375
-0.0600232 0.0578071 0.197917 0.598958
-0.066762 0.0498727 0.208333 0.604167
-0.0770252 0.0318051 0.229167 0.614583
-0.0803895 0.0219538 0.239583 0.619792
-0.0824994 0.01176 0.25 0.625
-0.0828441 -0.00901626 0.270833 0.635417
-0.0810737 -0.0192745 0.28125 0.640625
-0.0780381 -0.0292319 0.291667 0.645833
-0.06838 -0.0476301 0.3125 0.65625
-0.0619082 -0.0557837 0.322917 0.661458
-0.0544703 -0.0630669 0.333333 0.666667
-0.037174 -0.0745825 0.354167 0.677083
-0.0275854 -0.0786352 0.364583 0.682292
-0.0175663 -0.0814608 0.375 0.6875
0.00313351 -0.0832744 0.395833 0.697917
0.0134913 -0.082234 0.40625 0.703125
0.0236385 -0.0799104 0.416667 0.708333
0.0426738 -0.0715779 0.4375 0.71875
0.0512648 -0.0656991 0.447917 0.723958
0.0590558 -0.058795 0.458333 0.729167
0.071766 -0.0423566 0.479167 0.739583
0.0764869 -0.0330787 0.489583 0.744792
0.0800142 -0.0232846 0.5 0.75
0.0832875 -0.00276493 0.520833 0.760417
0.0829823 0.00764048 0.53125 0.765625
0.0813823 0.0179267 0.541667 0.770833
0.0744172 0.0375037 0.5625 0.78125
0.0691608 0.046489 0.572917 0.786458
0.0628252 0.0547489 0.583333 0.791667
0.047327 0.0685901 0.604167 0.802083
0.0384063 0.0739554 0.614583 0.807292
0.0288863 0.0781667 0.625 0.8125
0.00864953 0.0828832 0.645833 0.822917
-0.0017514 0.0833149 0.65625 0.828125
-0.012125 0.0824465 0.666667 0.833333
-0.0321457 0.0768837 0.6875 0.84375
-0.0414803 0.0722761 0.697917 0.848958
-0.0501677 0.0665406 0.708333 0.854167
-0.0650705 0.0520603 0.729167 0.864583
-0.0710534 0.0435415 0.739583 0.869792
-0.0759275 0.0343432 0.75 0.875
-0.0820638 0.0144908 0.770833 0.885417
-0.0832301 0.00414645 0.78125 0.890625
-0.0830977 -0.00626259 0.791667 0.895833
-0.078965 -0.0266266 0.8125 0.90625
-0.0750292 -0.0362638 0.822917 0.911458
-0.0699226 -0.0453351 0.833333 0.916667
-0.0565328 -0.0612249 0.854167 0.927083
-0.0484585 -0.0677954 0.864583 0.932292
-0.0396281 -0.073308 0.875 0.9375
-0.0202595 -0.0808332 0.895833 0.947917
-0.0100235 -0.0827283 0.90625 0.953125
0.000368808 -0.0833325 0.916667 0.958333
0.0209741 -0.0806507 0.9375 0.96875
0.0308656 -0.0774065 0.947917 0.973958
0.0402754 -0.0729543 0.958333 0.979167
0.0570725 -0.0607221 0.979167 0.989583
0.0703212 -0.0447144 1 1
1
0 0
1
0 0
143
0
1
2
3
4
5
6
7
8
9
10
11
12
13
14
15
16
17
18
19
20
21
22
23
24
25
26
27
28
29
30
31
32
33
34
35
36
37
38
39
40
41
42
43
44
45
46
47
48
49
50
51
52
53
54
55
56
57
58
59
60
61
62
63
64
65
66
67
68
69
70
71
72
73
74
75
76
77
78
79
80
81
82
83
84
85
86
87
88
89
90
91
92
93
94
95
96
97
98
99
100
101
102
103
104
105
106
107
108
109
110
111
112
113
114
115
116
117
118
119
120
121
122
123
124
125
126
127
128
129
130
131
132
133
134
135
136
137
138
139
140
141
142
