#9
5x5
4 1 1 1 3 
3 2 2 2 0 
2 1 1 0 0 
2 2 2 0 0 
1 36 0 0 0
5x5
4 1 1 1 3 
3 1 1 1 0 
2 1 1 0 0 
2 2 2 0 0 
1 36 0 0 0
5x7
4 1 1 1 3 0 0 
6 1 1 1 2 2 2 
2 1 1 0 0 0 0 
2 2 2 0 0 0 0 
1 36 0 0 0 0 0
5x4
3 2 2 2 
3 1 1 1 
2 1 1 0 
2 2 2 0 
1 36 0 0
5x4
1 3 0 0 
3 2 2 2 
2 1 1 0 
2 2 2 0 
1 36 0 0
5x8
7 1 1 1 2 2 2 3 
3 1 1 1 0 0 0 0 
2 1 1 0 0 0 0 0 
2 2 2 0 0 0 0 0 
1 36 0 0 0 0 0 0
5x7
1 3 0 0 0 0 0 
6 1 1 1 2 2 2 
2 1 1 0 0 0 0 
2 2 2 0 0 0 0 
1 36 0 0 0 0 0
5x5
4 1 1 1 3 
3 2 2 2 0 
3 1 1 1 0 
2 2 2 0 0 
1 24 0 0 0
5x5
4 1 1 1 3 
3 2 2 2 0 
3 1 1 1 0 
2 1 1 0 0 
3 24 0 0 0
#9 1 1 0
0 1 group.123 1 1 0
1 1 group.121 1 1 0
2 1 group.118 2 1 0
3 1 group.123 2 1 0
4 1 group.119 1 1 0
5 1 group.118 1 1 0
6 1 group.122 1 1 0
7 1 group.66 1 1 0
8 3 group.83 1 2 0
