-6.2832 -325.949 6.2832 488.924
0.0795773 0.00115355
0 -0.0940004
1 80
0.0795773 0.0922843
5
21
82 69 3
-0.375162 0.499999 0 2
-0.375243 0.299998 0 2
-0.375325 0.199998 0 2
-0.375488 0.0999971 0 2
-0.37565 0.0499963 0 2
-0.375976 -5.39422e-06 0 2
-0.376301 -0.0250071 0 2
-0.376952 -0.0500105 0 2
-0.377603 -0.0625138 0 2
-0.378906 -0.0750205 0 2
-0.380208 -0.0812772 0 2
-0.382812 -0.0875406 0 2
-0.385416 -0.090679 0 2
-0.390624 -0.0938309 0 2
-0.395833 -0.0954205 0 2
-0.406249 -0.0970377 0 2
-0.416666 -0.0978749 0 2
-0.437499 -0.0987732 0 2
-0.458332 -0.0992919 0 2
-0.479166 -0.0996716 0 2
-0.499999 -0.1 0 2
33
82 69 3
-0.125163 0.499999 0 2
-0.125244 0.299998 0 2
-0.125325 0.199998 0 2
-0.125488 0.0999971 0 2
-0.125651 0.0499963 0 2
-0.125976 -5.39422e-06 0 2
-0.126302 -0.0250071 0 2
-0.126953 -0.0500105 0 2
-0.127604 -0.0625138 0 2
-0.128906 -0.0750205 0 2
-0.130208 -0.0812772 0 2
-0.132812 -0.0875406 0 2
-0.135416 -0.090679 0 2
-0.140625 -0.0938309 0 2
-0.145833 -0.0954205 0 2
-0.15625 -0.0970377 0 2
-0.166666 -0.0978749 0 2
-0.1875 -0.0987732 0 2
-0.208333 -0.0992919 0 2
-0.229166 -0.0996716 0 2
-0.25 -0.1 0 2
-0.270833 -0.100329 0 2
-0.291666 -0.100709 0 2
-0.312499 -0.101228 0 2
-0.333333 -0.102126 0 2
-0.354166 -0.10458 0 2
-0.364583 -0.109322 0 2
-0.369791 -0.118724 0 2
-0.372395 -0.137487 0 2
-0.373697 -0.174994 0 2
-0.374348 -0.249997 0 2
-0.374674 -0.399999 0 2
-0.374755 -0.499999 0 2
33
82 69 3
0.124837 0.499999 0 2
0.124756 0.299998 0 2
0.124674 0.199998 0 2
0.124511 0.0999971 0 2
0.124349 0.0499963 0 2
0.124023 -5.39422e-06 0 2
0.123698 -0.0250071 0 2
0.123047 -0.0500105 0 2
0.122396 -0.0625138 0 2
0.121094 -0.0750205 0 2
0.119791 -0.0812772 0 2
0.117187 -0.0875406 0 2
0.114583 -0.090679 0 2
0.109375 -0.0938309 0 2
0.104167 -0.0954205 0 2
0.0937498 -0.0970377 0 2
0.0833331 -0.0978749 0 2
0.0624999 -0.0987732 0 2
0.0416666 -0.0992919 0 2
0.0208333 -0.0996716 0 2
0 -0.1 0 2
-0.0208333 -0.100329 0 2
-0.0416666 -0.100709 0 2
-0.0624999 -0.101228 0 2
-0.0833332 -0.102126 0 2
-0.104166 -0.10458 0 2
-0.114583 -0.109322 0 2
-0.119791 -0.118724 0 2
-0.122396 -0.137487 0 2
-0.123698 -0.174994 0 2
-0.124349 -0.249997 0 2
-0.124674 -0.399999 0 2
-0.124756 -0.499999 0 2
33
82 69 3
0.374837 0.499999 0 2
0.374755 0.299998 0 2
0.374674 0.199998 0 2
0.374511 0.0999971 0 2
0.374348 0.0499963 0 2
0.374023 -5.39422e-06 0 2
0.373697 -0.0250071 0 2
0.373046 -0.0500105 0 2
0.372395 -0.0625138 0 2
0.371093 -0.0750205 0 2
0.369791 -0.0812772 0 2
0.367187 -0.0875406 0 2
0.364583 -0.090679 0 2
0.359374 -0.0938309 0 2
0.354166 -0.0954205 0 2
0.343749 -0.0970377 0 2
0.333333 -0.0978749 0 2
0.312499 -0.0987732 0 2
0.291666 -0.0992919 0 2
0.270833 -0.0996716 0 2
0.25 -0.1 0 2
0.229166 -0.100329 0 2
0.208333 -0.100709 0 2
0.1875 -0.101228 0 2
0.166666 -0.102126 0 2
0.145833 -0.10458 0 2
0.135416 -0.109322 0 2
0.130208 -0.118724 0 2
0.127604 -0.137487 0 2
0.126302 -0.174994 0 2
0.125651 -0.249997 0 2
0.125325 -0.399999 0 2
0.125244 -0.499999 0 2
13
82 69 3
0.375243 -0.499999 0 2
0.375325 -0.399999 0 2
0.37565 -0.249997 0 2
0.376301 -0.174994 0 2
0.377603 -0.137487 0 2
0.380208 -0.118724 0 2
0.385416 -0.109322 0 2
0.395833 -0.10458 0 2
0.416666 -0.102126 0 2
0.437499 -0.101228 0 2
0.458332 -0.100709 0 2
0.479166 -0.100329 0 2
0.499999 -0.1 0 2
