9.99998 -2.55679 16 2.55726
0.166665 0.183807
-2.16665 -4.28901e-05
0.6 0.5
0.0999992 0.0919036
1
719
82 69 3
-0.499997 0.23632 0 2
-0.479164 0.292835 0 2
-0.458331 0.349341 0 2
-0.447914 0.375932 0 2
-0.437497 0.399486 0 2
-0.432289 0.409318 0 2
-0.427081 0.417216 0 2
-0.421872 0.422509 0 2
-0.419268 0.423914 0 2
-0.417966 0.42425 0 2
-0.416664 0.424318 0 2
-0.41406 0.423568 0 2
-0.411456 0.421491 0 2
-0.408852 0.41789 0 2
-0.406248 0.412545 0 2
-0.401039 0.39561 0 2
-0.395831 0.36846 0 2
-0.385414 0.274886 0 2
-0.380206 0.208227 0 2
-0.377602 0.172582 0 2
-0.374998 0.138598 0 2
-0.372394 0.110678 0 2
-0.371092 0.10098 0 2
-0.36979 0.0955139 0 2
-0.368487 0.0955338 0 2
-0.367185 0.102431 0 2
-0.365883 0.117663 0 2
-0.365232 0.128844 0 2
-0.364581 0.142609 0 2
-0.361977 0.225129 0 2
-0.359373 0.345806 0 2
-0.356769 0.46433 0 2
-0.356118 0.483115 0 2
-0.355792 0.489482 0 2
-0.355467 0.493449 0 2
-0.355141 0.494731 0 2
-0.354816 0.493052 0 2
-0.35449 0.488158 0 2
-0.354327 0.484435 0 2
-0.354165 0.479827 0 2
-0.352863 0.40974 0 2
-0.352212 0.353584 0 2
-0.351561 0.287427 0 2
-0.350258 0.156063 0 2
-0.349607 0.114827 0 2
-0.349445 0.109518 0 2
-0.349282 0.106664 0 2
-0.349119 0.106467 0 2
-0.348956 0.109108 0 2
-0.348305 0.150393 0 2
-0.347654 0.239767 0 2
-0.347003 0.35904 0 2
-0.346678 0.417269 0 2
-0.346515 0.442894 0 2
-0.346352 0.464823 0 2
-0.346027 0.493468 0 2
-0.345864 0.498268 0 2
-0.345701 0.495663 0 2
-0.345538 0.485125 0 2
-0.345376 0.46643 0 2
-0.345213 0.439733 0 2
-0.345132 0.423555 0 2
-0.34505 0.405643 0 2
-0.344725 0.320323 0 2
-0.344399 0.226076 0 2
-0.344074 0.146412 0 2
-0.343911 0.120589 0 2
-0.34383 0.112626 0 2
-0.343789 0.110038 0 2
-0.343768 0.109109 0 2
-0.343758 0.108738 0 2
-0.343748 0.10843 0 2
-0.343585 0.112406 0 2
-0.343423 0.133853 0 2
-0.34326 0.172521 0 2
-0.343097 0.226185 0 2
-0.342772 0.35849 0 2
-0.342609 0.421949 0 2
-0.342527 0.448965 0 2
-0.342446 0.471232 0 2
-0.342365 0.487617 0 2
-0.342283 0.497116 0 2
-0.342202 0.498921 0 2
-0.342121 0.492486 0 2
-0.341958 0.454402 0 2
-0.341876 0.423526 0 2
-0.341836 0.40552 0 2
-0.341795 0.386033 0 2
-0.341632 0.297865 0 2
-0.341469 0.207461 0 2
-0.341307 0.13702 0 2
-0.341225 0.116311 0 2
-0.341185 0.110635 0 2
-0.341164 0.109069 0 2
-0.341144 0.108381 0 2
-0.340981 0.135843 0 2
-0.3409 0.171084 0 2
-0.340818 0.21844 0 2
-0.340656 0.334731 0 2
-0.340574 0.393355 0 2
-0.340493 0.444186 0 2
-0.340412 0.481061 0 2
-0.34033 0.498645 0 2
-0.340249 0.493288 0 2
-0.340167 0.463843 0 2
-0.340005 0.344224 0 2
-0.339923 0.268367 0 2
-0.339883 0.231008 0 2
-0.339842 0.196085 0 2
-0.339761 0.139755 0 2
-0.339679 0.110699 0 2
-0.339598 0.116733 0 2
-0.339516 0.159772 0 2
-0.339435 0.234107 0 2
-0.339354 0.326043 0 2
-0.339272 0.415479 0 2
-0.339232 0.452124 0 2
-0.339211 0.467212 0 2
-0.339191 0.479729 0 2
-0.339109 0.49925 0 2
-0.339028 0.464207 0 2
-0.338947 0.379912 0 2
-0.338865 0.26875 0 2
-0.338784 0.166381 0 2
-0.338703 0.111426 0 2
-0.338621 0.130416 0 2
-0.338581 0.168864 0 2
-0.33856 0.194268 0 2
-0.33854 0.223017 0 2
-0.338458 0.355081 0 2
-0.338377 0.466704 0 2
-0.338296 0.497479 0 2
-0.338214 0.421337 0 2
-0.338133 0.272452 0 2
-0.338052 0.139568 0 2
-0.33797 0.117744 0 2
-0.337929 0.161851 0 2
-0.337889 0.236129 0 2
-0.337807 0.413737 0 2
-0.337726 0.499844 0 2
-0.337645 0.401144 0 2
-0.337604 0.300679 0 2
-0.337563 0.199174 0 2
-0.337482 0.110579 0 2
-0.3374 0.257305 0 2
-0.337319 0.469939 0 2
-0.337278 0.499124 0 2
-0.337258 0.482854 0 2
-0.337248 0.467068 0 2
-0.337238 0.446596 0 2
-0.337156 0.198491 0 2
-0.337075 0.129442 0 2
-0.336994 0.386871 0 2
-0.336953 0.489306 0 2
-0.336912 0.476359 0 2
-0.336831 0.185615 0 2
-0.336749 0.185089 0 2
-0.336668 0.492339 0 2
-0.336627 0.448786 0 2
-0.336607 0.363751 0 2
-0.336587 0.261281 0 2
-0.336505 0.177312 0 2
-0.336424 0.499239 0 2
-0.336343 0.134921 0 2
-0.336302 0.170197 0 2
-0.336261 0.419485 0 2
-0.33618 0.224856 0 2
-0.336098 0.388491 0 2
-0.336017 0.173448 0 2
-0.335976 0.196957 0 2
-0.335956 0.373377 0 2
-0.335946 0.44993 0 2
-0.335941 0.476942 0 2
-0.335936 0.494017 0 2
-0.335854 0.152571 0 2
-0.335773 0.223207 0 2
-0.335692 0.463261 0 2
-0.335651 0.110426 0 2
-0.33561 0.494623 0 2
-0.335529 0.477161 0 2
-0.335447 0.499922 0 2
-0.335366 0.361315 0 2
-0.335325 0.434321 0 2
-0.335305 0.349268 0 2
-0.335285 0.128857 0 2
-0.335203 0.430606 0 2
-0.335122 0.489056 0 2
-0.335041 0.487414 0 2
-0.335 0.302768 0 2
-0.334959 0.120293 0 2
-0.334878 0.120155 0 2
-0.334796 0.334866 0 2
-0.334715 0.389192 0 2
-0.334674 0.134899 0 2
-0.334654 0.456812 0 2
-0.334644 0.47012 0 2
-0.334634 0.295535 0 2
-0.334552 0.198823 0 2
-0.334471 0.344863 0 2
-0.334389 0.122348 0 2
-0.334349 0.15307 0 2
-0.334308 0.320145 0 2
-0.334227 0.462721 0 2
-0.334145 0.483458 0 2
-0.334064 0.119329 0 2
-0.334023 0.222608 0 2
-0.333983 0.174169 0 2
-0.333901 0.385612 0 2
-0.33382 0.175306 0 2
-0.333738 0.116127 0 2
-0.333657 0.159976 0 2
-0.333576 0.499999 0 2
-0.333494 0.151455 0 2
-0.333413 0.211145 0 2
-0.333372 0.231575 0 2
-0.333352 0.327496 0 2
-0.333342 0.260722 0 2
-0.333332 0.351689 0 2
-0.33325 0.17781 0 2
-0.333169 0.256374 0 2
-0.333087 0.281984 0 2
-0.333006 0.364756 0 2
-0.332925 0.129684 0 2
-0.332843 0.453118 0 2
-0.332762 0.115205 0 2
-0.33268 0.188249 0 2
-0.332355 0.272403 0 2
-0.332274 0.498052 0 2
-0.332192 0.160339 0 2
-0.332111 0.358474 0 2
-0.33207 0.110268 0 2
-0.332029 0.299396 0 2
-0.331867 0.252228 0 2
-0.331785 0.432658 0 2
-0.331704 0.113813 0 2
-0.331623 0.468775 0 2
-0.331541 0.294679 0 2
-0.33146 0.136224 0 2
-0.331419 0.293722 0 2
-0.331399 0.384946 0 2
-0.331378 0.457146 0 2
-0.331297 0.385301 0 2
-0.331216 0.116605 0 2
-0.331134 0.259118 0 2
-0.331094 0.405423 0 2
-0.331053 0.492726 0 2
-0.330972 0.378905 0 2
-0.33089 0.141272 0 2
-0.330809 0.157923 0 2
-0.330768 0.262409 0 2
-0.330727 0.380254 0 2
-0.330076 0.456593 0 2
-0.329995 0.3158 0 2
-0.329914 0.172089 0 2
-0.329832 0.109061 0 2
-0.329751 0.152654 0 2
-0.329669 0.270554 0 2
-0.329588 0.400539 0 2
-0.329507 0.484921 0 2
-0.329466 0.499303 0 2
-0.329446 0.498979 0 2
-0.329425 0.493787 0 2
-0.329344 0.430868 0 2
-0.329263 0.325133 0 2
-0.329181 0.2156 0 2
-0.32914 0.170647 0 2
-0.3291 0.136677 0 2
-0.329018 0.108642 0 2
-0.328937 0.13467 0 2
-0.328856 0.203335 0 2
-0.328815 0.247474 0 2
-0.328795 0.270744 0 2
-0.328774 0.294329 0 2
-0.328693 0.38501 0 2
-0.328612 0.455929 0 2
-0.32853 0.494367 0 2
-0.328489 0.499635 0 2
-0.328449 0.495646 0 2
-0.328286 0.403486 0 2
-0.328123 0.254559 0 2
-0.322915 0.164322 0 2
-0.322589 0.119772 0 2
-0.322427 0.109661 0 2
-0.322264 0.107456 0 2
-0.322101 0.112613 0 2
-0.321938 0.124367 0 2
-0.321613 0.163898 0 2
-0.320962 0.278466 0 2
-0.320311 0.39254 0 2
-0.31966 0.469512 0 2
-0.319334 0.489493 0 2
-0.319171 0.494812 0 2
-0.319009 0.497151 0 2
-0.318846 0.496661 0 2
-0.318683 0.493525 0 2
-0.318358 0.48015 0 2
-0.318032 0.458825 0 2
-0.317707 0.431438 0 2
-0.316405 0.295851 0 2
-0.315103 0.177938 0 2
-0.3138 0.114498 0 2
-0.313475 0.107708 0 2
-0.313149 0.104237 0 2
-0.312824 0.103844 0 2
-0.312498 0.106262 0 2
-0.309894 0.19328 0 2
-0.308592 0.256519 0 2
-0.30729 0.318103 0 2
-0.304686 0.41577 0 2
-0.303384 0.448227 0 2
-0.302733 0.460373 0 2
-0.302082 0.469956 0 2
-0.30078 0.482076 0 2
-0.299478 0.485987 0 2
-0.298827 0.485322 0 2
-0.298176 0.483147 0 2
-0.297525 0.479631 0 2
-0.296874 0.474933 0 2
-0.294269 0.447146 0 2
-0.292967 0.42953 0 2
-0.291665 0.410464 0 2
-0.286457 0.329802 0 2
-0.281249 0.25542 0 2
-0.270832 0.145744 0 2
-0.260415 0.0809262 0 2
-0.249999 0.0444055 0 2
-0.244791 0.0327777 0 2
-0.239582 0.024132 0 2
-0.234374 0.0177131 0 2
-0.23177 0.0151557 0 2
-0.229166 0.0129549 0 2
-0.218749 0.00683594 0 2
-0.208333 0.00352067 0 2
-0.187499 0.000828683 0 2
-0.166666 0.000132501 0 2
-0.145833 -1.89543e-05 0 2
-0.125 -4.33326e-05 0 2
-0.104167 -4.56274e-05 0 2
-0.0833336 -4.56572e-05 0 2
-0.0625004 -4.56572e-05 0 2
-0.0416673 -4.57168e-05 0 2
-0.0208341 -4.76241e-05 0 2
-9.53674e-07 -6.9052e-05 0 2
0.0208322 -0.000205755 0 2
0.0416654 -0.000843018 0 2
0.0520819 -0.00169331 0 2
0.0624985 -0.00332731 0 2
0.0729151 -0.00639725 0 2
0.0781234 -0.0088065 0 2
0.0833317 -0.0120727 0 2
0.08854 -0.0164895 0 2
0.0937483 -0.0224505 0 2
0.0989565 -0.0304825 0 2
0.104165 -0.0412887 0 2
0.114581 -0.0752594 0 2
0.124998 -0.135722 0 2
0.130206 -0.180953 0 2
0.135415 -0.239014 0 2
0.140623 -0.31045 0 2
0.143227 -0.350162 0 2
0.145831 -0.390815 0 2
0.151039 -0.462797 0 2
0.152342 -0.475119 0 2
0.152993 -0.479797 0 2
0.153644 -0.48329 0 2
0.154295 -0.48544 0 2
0.154946 -0.486075 0 2
0.156248 -0.482096 0 2
0.158852 -0.448072 0 2
0.160154 -0.415513 0 2
0.161456 -0.371775 0 2
0.16406 -0.256029 0 2
0.165362 -0.192814 0 2
0.166013 -0.163565 0 2
0.166339 -0.150219 0 2
0.166664 -0.138036 0 2
0.167315 -0.118192 0 2
0.167641 -0.11108 0 2
0.167966 -0.106219 0 2
0.168292 -0.103898 0 2
0.168455 -0.103779 0 2
0.168617 -0.104399 0 2
0.168943 -0.107987 0 2
0.169268 -0.114902 0 2
0.170571 -0.178881 0 2
0.171222 -0.232455 0 2
0.171547 -0.263725 0 2
0.171873 -0.297193 0 2
0.173175 -0.432614 0 2
0.173826 -0.480881 0 2
0.174151 -0.493931 0 2
0.174314 -0.49688 0 2
0.174395 -0.497369 0 2
0.174477 -0.497169 0 2
0.17464 -0.494617 0 2
0.174802 -0.489076 0 2
0.175128 -0.468635 0 2
0.175453 -0.435603 0 2
0.175779 -0.39081 0 2
0.17643 -0.276319 0 2
0.176755 -0.215904 0 2
0.176918 -0.187739 0 2
0.177 -0.174593 0 2
0.17704 -0.16831 0 2
0.177081 -0.162241 0 2
0.177406 -0.123396 0 2
0.177569 -0.112095 0 2
0.177732 -0.107451 0 2
0.177895 -0.110218 0 2
0.178057 -0.12092 0 2
0.17822 -0.139778 0 2
0.178302 -0.152233 0 2
0.178383 -0.166633 0 2
0.178708 -0.241369 0 2
0.178871 -0.286443 0 2
0.179034 -0.333856 0 2
0.17936 -0.424224 0 2
0.179522 -0.460541 0 2
0.179604 -0.47496 0 2
0.179644 -0.481051 0 2
0.179685 -0.486329 0 2
0.179766 -0.494265 0 2
0.179848 -0.498427 0 2
0.179929 -0.498533 0 2
0.180011 -0.494371 0 2
0.180173 -0.472836 0 2
0.180255 -0.455525 0 2
0.180336 -0.434091 0 2
0.180662 -0.316167 0 2
0.180824 -0.248144 0 2
0.180987 -0.184839 0 2
0.18115 -0.135795 0 2
0.181231 -0.11956 0 2
0.181313 -0.110227 0 2
0.181394 -0.1086 0 2
0.181475 -0.11522 0 2
0.181557 -0.130301 0 2
0.181638 -0.153667 0 2
0.181801 -0.222337 0 2
0.181882 -0.265 0 2
0.181964 -0.310674 0 2
0.182126 -0.401059 0 2
0.182208 -0.440135 0 2
0.182289 -0.471269 0 2
0.182371 -0.491791 0 2
0.182452 -0.4995 0 2
0.182533 -0.49292 0 2
0.182615 -0.471556 0 2
0.182777 -0.388575 0 2
0.182859 -0.332383 0 2
0.18294 -0.272193 0 2
0.183103 -0.163074 0 2
0.183184 -0.126533 0 2
0.183266 -0.109365 0 2
0.183429 -0.145085 0 2
0.183591 -0.265343 0 2
0.183754 -0.41339 0 2
0.183835 -0.46934 0 2
0.183917 -0.497833 0 2
0.183998 -0.491141 0 2
0.18408 -0.447478 0 2
0.184161 -0.372697 0 2
0.184242 -0.280632 0 2
0.184324 -0.191472 0 2
0.184405 -0.127904 0 2
0.184486 -0.109349 0 2
0.184527 -0.120502 0 2
0.184568 -0.14541 0 2
0.184649 -0.230465 0 2
0.184731 -0.341833 0 2
0.184812 -0.44369 0 2
0.184853 -0.478713 0 2
0.184873 -0.49034 0 2
0.184883 -0.494495 0 2
0.184893 -0.497489 0 2
0.184975 -0.477072 0 2
0.185056 -0.383361 0 2
0.185137 -0.251102 0 2
0.185178 -0.18893 0 2
0.185219 -0.140481 0 2
0.1853 -0.111596 0 2
0.185382 -0.189587 0 2
0.185463 -0.339108 0 2
0.185504 -0.413781 0 2
0.185524 -0.445269 0 2
0.185544 -0.470744 0 2
0.185626 -0.489981 0 2
0.185707 -0.369469 0 2
0.185789 -0.192141 0 2
0.185829 -0.129913 0 2
0.18587 -0.108992 0 2
0.185951 -0.210926 0 2
0.186033 -0.412923 0 2
0.186114 -0.497608 0 2
0.186195 -0.347251 0 2
0.186277 -0.136483 0 2
0.186358 -0.165584 0 2
0.18644 -0.414583 0 2
0.186521 -0.47695 0 2
0.186602 -0.216895 0 2
0.186684 -0.135448 0 2
0.186765 -0.42825 0 2
0.186806 -0.499999 0 2
0.186846 -0.418397 0 2
0.186928 -0.114714 0 2
0.187009 -0.355053 0 2
0.187091 -0.425306 0 2
0.187131 -0.211166 0 2
0.187172 -0.110641 0 2
0.187335 -0.181476 0 2
0.187416 -0.393907 0 2
0.187457 -0.479881 0 2
0.187477 -0.364552 0 2
0.187487 -0.286139 0 2
0.187497 -0.210019 0 2
0.187579 -0.44472 0 2
0.18766 -0.112042 0 2
0.187742 -0.4464 0 2
0.187823 -0.400655 0 2
0.187904 -0.157168 0 2
0.187986 -0.110681 0 2
0.188067 -0.122383 0 2
0.188108 -0.494842 0 2
0.188148 -0.110018 0 2
0.18823 -0.275791 0 2
0.188311 -0.463358 0 2
0.188393 -0.209374 0 2
0.188433 -0.115728 0 2
0.188474 -0.11027 0 2
0.188555 -0.145843 0 2
0.188637 -0.459596 0 2
0.188718 -0.451646 0 2
0.1888 -0.364761 0 2
0.188881 -0.135674 0 2
0.188962 -0.173747 0 2
0.189044 -0.212066 0 2
0.189125 -0.112076 0 2
0.189206 -0.120641 0 2
0.189288 -0.492998 0 2
0.189369 -0.363241 0 2
0.18941 -0.436237 0 2
0.189451 -0.184705 0 2
0.189532 -0.223227 0 2
0.189613 -0.496166 0 2
0.189695 -0.246546 0 2
0.189735 -0.499121 0 2
0.189776 -0.109151 0 2
0.189857 -0.145128 0 2
0.189939 -0.452508 0 2
0.19002 -0.198376 0 2
0.190102 -0.334165 0 2
0.191404 -0.439021 0 2
0.191729 -0.347053 0 2
0.191811 -0.183427 0 2
0.191892 -0.493007 0 2
0.191973 -0.135915 0 2
0.192055 -0.321786 0 2
0.192136 -0.468948 0 2
0.192217 -0.147668 0 2
0.192299 -0.229355 0 2
0.19234 -0.393827 0 2
0.19238 -0.493838 0 2
0.192462 -0.344262 0 2
0.192543 -0.114765 0 2
0.192624 -0.234618 0 2
0.192665 -0.368149 0 2
0.192685 -0.426428 0 2
0.192696 -0.450428 0 2
0.192701 -0.460855 0 2
0.192706 -0.470145 0 2
0.192787 -0.447835 0 2
0.192869 -0.224573 0 2
0.19295 -0.109018 0 2
0.192991 -0.143748 0 2
0.193031 -0.227164 0 2
0.193113 -0.426205 0 2
0.193194 -0.498251 0 2
0.193275 -0.389924 0 2
0.193316 -0.299617 0 2
0.193336 -0.254281 0 2
0.193357 -0.212122 0 2
0.193438 -0.111825 0 2
0.19352 -0.154014 0 2
0.193601 -0.29578 0 2
0.193642 -0.373316 0 2
0.193682 -0.438615 0 2
0.193764 -0.499713 0 2
0.193845 -0.454314 0 2
0.193926 -0.335584 0 2
0.193967 -0.268078 0 2
0.193987 -0.235886 0 2
0.193998 -0.220587 0 2
0.194008 -0.205956 0 2
0.194089 -0.122771 0 2
0.194171 -0.115326 0 2
0.194252 -0.179322 0 2
0.194293 -0.229526 0 2
0.194333 -0.285463 0 2
0.194415 -0.394694 0 2
0.194496 -0.4728 0 2
0.194578 -0.499806 0 2
0.194618 -0.492624 0 2
0.194639 -0.484205 0 2
0.194659 -0.472841 0 2
0.19474 -0.40355 0 2
0.194822 -0.31234 0 2
0.194903 -0.221841 0 2
0.194944 -0.183145 0 2
0.194984 -0.151404 0 2
0.195066 -0.113605 0 2
0.195147 -0.112976 0 2
0.195229 -0.146611 0 2
0.195269 -0.173779 0 2
0.19529 -0.189362 0 2
0.1953 -0.197571 0 2
0.195305 -0.20177 0 2
0.19531 -0.206027 0 2
0.195473 -0.354982 0 2
0.195554 -0.421136 0 2
0.195635 -0.469694 0 2
0.195717 -0.495668 0 2
0.195798 -0.497537 0 2
0.19588 -0.47686 0 2
0.19592 -0.45923 0 2
0.195941 -0.448866 0 2
0.195961 -0.437587 0 2
0.196124 -0.32599 0 2
0.196286 -0.210979 0 2
0.196449 -0.131941 0 2
0.196531 -0.112964 0 2
0.196571 -0.109035 0 2
0.196612 -0.108766 0 2
0.196775 -0.141077 0 2
0.196856 -0.17368 0 2
0.196938 -0.213756 0 2
0.1971 -0.304715 0 2
0.197263 -0.391954 0 2
0.197426 -0.458377 0 2
0.197589 -0.494043 0 2
0.19767 -0.499253 0 2
0.197751 -0.496283 0 2
0.197833 -0.485724 0 2
0.197873 -0.477852 0 2
0.197914 -0.468414 0 2
0.19824 -0.353657 0 2
0.198565 -0.221936 0 2
0.198891 -0.131783 0 2
0.199053 -0.111624 0 2
0.199135 -0.108137 0 2
0.199216 -0.108887 0 2
0.199379 -0.122138 0 2
0.199542 -0.14884 0 2
0.199704 -0.18579 0 2
0.199867 -0.229512 0 2
0.200193 -0.323806 0 2
0.200518 -0.408452 0 2
0.200844 -0.468161 0 2
0.201006 -0.486261 0 2
0.201169 -0.496208 0 2
0.201332 -0.498252 0 2
0.201495 -0.492938 0 2
0.20182 -0.463462 0 2
0.202471 -0.356906 0 2
0.202797 -0.295658 0 2
0.203122 -0.237868 0 2
0.203773 -0.14928 0 2
0.204099 -0.122809 0 2
0.204424 -0.108907 0 2
0.204587 -0.106478 0 2
0.20475 -0.106876 0 2
0.204913 -0.109916 0 2
0.205075 -0.115396 0 2
0.205727 -0.157145 0 2
0.207029 -0.288779 0 2
0.20768 -0.354805 0 2
0.208005 -0.384325 0 2
0.208168 -0.397945 0 2
0.208331 -0.410736 0 2
0.209633 -0.480285 0 2
0.209958 -0.488487 0 2
0.210284 -0.49326 0 2
0.210609 -0.494826 0 2
0.210935 -0.493441 0 2
0.211586 -0.482933 0 2
0.212237 -0.464015 0 2
0.212888 -0.438907 0 2
0.213539 -0.409634 0 2
0.216143 -0.281553 0 2
0.218747 -0.178038 0 2
0.221351 -0.117573 0 2
0.222653 -0.102424 0 2
0.223956 -0.0955961 0 2
0.225258 -0.0956324 0 2
0.22656 -0.101142 0 2
0.229164 -0.123742 0 2
0.23958 -0.25948 0 2
0.249997 -0.35997 0 2
0.255205 -0.39002 0 2
0.260414 -0.409266 0 2
0.263018 -0.415566 0 2
0.265622 -0.420002 0 2
0.268226 -0.422808 0 2
0.269528 -0.423666 0 2
0.27083 -0.424192 0 2
0.276038 -0.423413 0 2
0.278643 -0.421555 0 2
0.281247 -0.418892 0 2
0.286455 -0.411569 0 2
0.291663 -0.402163 0 2
0.312496 -0.352828 0 2
0.33333 -0.29646 0 2
0.354163 -0.239864 0 2
0.374996 -0.185138 0 2
0.395829 -0.132619 0 2
0.416662 -0.0819579 0 2
0.437495 -0.032528 0 2
0.458329 0.0163989 0 2
0.479162 0.0655813 0 2
0.499995 0.115764 0 2
