#5
6x9
3 2 2 2 0 0 0 0 0 
6 2 1 2 1 2 2 0 0 
4 2 1 2 1 0 0 0 0 
8 1 2 1 2 2 1 2 1 
8 1 2 1 2 1 2 1 2 
1 48 0 0 0 0 0 0 0
6x9
1 1 0 0 0 0 0 0 0 
6 2 1 2 1 2 2 0 0 
4 2 1 2 1 0 0 0 0 
8 1 2 1 2 2 1 2 1 
8 1 2 1 2 1 2 1 2 
1 48 0 0 0 0 0 0 0
6x9
4 1 2 2 2 0 0 0 0 
6 2 1 2 1 2 2 0 0 
4 2 1 2 1 0 0 0 0 
8 1 2 1 2 2 1 2 1 
8 1 2 1 2 1 2 1 2 
1 48 0 0 0 0 0 0 0
6x9
3 2 2 2 0 0 0 0 0 
1 1 0 0 0 0 0 0 0 
4 2 1 2 1 0 0 0 0 
8 1 2 1 2 2 1 2 1 
8 1 2 1 2 1 2 1 2 
3 32 0 0 0 0 0 0 0
5x9
3 2 2 2 0 0 0 0 0 
1 1 0 0 0 0 0 0 0 
6 2 1 2 1 2 2 0 0 
8 1 2 1 2 1 2 1 2 
4 24 0 0 0 0 0 0 0
