#4
3x5
4 1 2 2 2 
2 2 2 0 0 
1 6 0 0 0
3x3
1 1 0 
2 2 2 
1 6 0
3x4
3 2 2 2 
2 2 2 0 
1 6 0 0
3x5
4 1 2 2 2 
1 1 0 0 0 
3 4 0 0 0
#4 1 1 0
0 1 min.38 1 1 0
1 1 min.38 2 1 0
2 1 group.70 1 1 0
3 3 min.22 1 2 0
#4 1 1 1
0 1 min.38 1 1 3
1 1 min.38 2 1 3
2 1 group.70 1 1 0
3 3 min.22 1 2 6
#4 1 1 10
0 1 min.38 1 1 1
1 1 min.38 2 1 2
2 1 group.70 1 1 1
3 3 min.22 1 2 2
#4 1 1 11
0 1 min.38 1 1 2
1 1 min.38 2 1 1
2 1 group.70 1 1 1
3 3 min.22 1 2 2
#4 1 1 12
0 1 min.38 1 1 0
1 1 min.38 2 1 0
2 1 group.70 1 1 3
3 3 min.22 1 2 1
#4 1 1 13
0 1 min.38 1 1 3
1 1 min.38 2 1 3
2 1 group.70 1 1 3
3 3 min.22 1 2 7
#4 1 1 14
0 1 min.38 1 1 3
1 1 min.38 2 1 0
2 1 group.70 1 1 3
3 3 min.22 1 2 3
#4 1 1 15
0 1 min.38 1 1 0
1 1 min.38 2 1 3
2 1 group.70 1 1 3
3 3 min.22 1 2 3
#4 1 1 2
0 1 min.38 1 1 3
1 1 min.38 2 1 0
2 1 group.70 1 1 3
3 3 min.22 1 2 2
#4 1 1 3
0 1 min.38 1 1 0
1 1 min.38 2 1 3
2 1 group.70 1 1 3
3 3 min.22 1 2 2
#4 1 1 4
0 1 min.38 1 1 2
1 1 min.38 2 1 2
2 1 group.70 1 1 1
3 3 min.22 1 2 1
#4 1 1 5
0 1 min.38 1 1 1
1 1 min.38 2 1 1
2 1 group.70 1 1 1
3 3 min.22 1 2 7
#4 1 1 6
0 1 min.38 1 1 1
1 1 min.38 2 1 2
2 1 group.70 1 1 1
3 3 min.22 1 2 3
#4 1 1 7
0 1 min.38 1 1 2
1 1 min.38 2 1 1
2 1 group.70 1 1 1
3 3 min.22 1 2 3
#4 1 1 8
0 1 min.38 1 1 2
1 1 min.38 2 1 2
2 1 group.70 1 1 2
3 3 min.22 1 2 0
#4 1 1 9
0 1 min.38 1 1 1
1 1 min.38 2 1 1
2 1 group.70 1 1 2
3 3 min.22 1 2 6
#4 1 2 0
0 1 min.38 1 2 0
1 1 min.38 2 2 0
2 1 group.70 1 1 0
3 3 min.22 1 9 0
#4 1 2 1
0 1 min.38 1 2 1
1 1 min.38 2 2 1
2 1 group.70 1 1 1
3 3 min.22 1 9 1
#4 1 2 2
0 1 min.38 1 2 1
1 1 min.38 2 2 1
2 1 group.70 1 1 2
3 3 min.22 1 9 0
#4 1 2 3
0 1 min.38 1 2 0
1 1 min.38 2 2 0
2 1 group.70 1 1 3
3 3 min.22 1 9 1
