#8
5x8
7 1 3 1 3 3 3 3 
2 1 2 0 0 0 0 0 
4 1 3 1 3 0 0 0 
6 1 3 1 3 3 3 0 
1 24 0 0 0 0 0 0
5x8
7 1 3 1 3 3 3 3 
1 1 0 0 0 0 0 0 
4 1 3 1 3 0 0 0 
6 1 3 1 3 3 3 0 
1 24 0 0 0 0 0 0
5x8
7 1 3 1 3 3 3 3 
1 2 0 0 0 0 0 0 
4 1 3 1 3 0 0 0 
6 1 3 1 3 3 3 0 
1 24 0 0 0 0 0 0
5x7
2 1 2 0 0 0 0 
1 1 0 0 0 0 0 
4 1 3 1 3 0 0 
6 1 3 1 3 3 3 
1 24 0 0 0 0 0
5x7
6 3 1 3 3 3 3 
2 1 2 0 0 0 0 
4 1 3 1 3 0 0 
6 1 3 1 3 3 3 
1 24 0 0 0 0 0
5x8
7 2 3 1 3 3 3 3 
1 1 0 0 0 0 0 0 
4 1 3 1 3 0 0 0 
6 1 3 1 3 3 3 0 
1 24 0 0 0 0 0 0
5x7
6 3 1 3 3 3 3 
1 2 0 0 0 0 0 
4 1 3 1 3 0 0 
6 1 3 1 3 3 3 
1 24 0 0 0 0 0
5x8
7 1 3 1 3 3 3 3 
2 1 2 0 0 0 0 0 
1 1 0 0 0 0 0 0 
4 1 3 1 3 0 0 0 
3 16 0 0 0 0 0 0
#8 1 1 0
0 1 group.101 1 1 0
1 1 group.101 2 1 0
2 1 group.91 1 1 0
3 1 group.66 1 1 0
4 1 group.99 1 1 0
5 1 group.99 2 1 0
6 1 group.100 1 1 0
7 3 group.39 1 3 0
#8 1 1 1
0 1 group.101 1 1 1
1 1 group.101 2 1 1
2 1 group.91 1 1 0
3 1 group.66 1 1 1
4 1 group.99 1 1 1
5 1 group.99 2 1 1
6 1 group.100 1 1 0
7 3 group.39 1 3 2
#8 1 1 2
0 1 group.101 1 1 1
1 1 group.101 2 1 0
2 1 group.91 1 1 1
3 1 group.66 1 1 4
4 1 group.99 1 1 1
5 1 group.99 2 1 0
6 1 group.100 1 1 1
7 3 group.39 1 3 1
#8 1 1 3
0 1 group.101 1 1 0
1 1 group.101 2 1 1
2 1 group.91 1 1 1
3 1 group.66 1 1 5
4 1 group.99 1 1 0
5 1 group.99 2 1 1
6 1 group.100 1 1 1
7 3 group.39 1 3 1
