#3
5x7
1 2 0 0 0 0 0 
2 2 2 0 0 0 0 
6 1 2 2 2 1 2 
6 1 2 2 1 2 2 
1 16 0 0 0 0 0
5x7
5 2 2 1 2 2 0 
2 2 2 0 0 0 0 
6 1 2 2 2 1 2 
6 1 2 2 1 2 2 
1 16 0 0 0 0 0
5x7
6 2 2 2 1 2 2 
2 2 2 0 0 0 0 
6 1 2 2 2 1 2 
6 1 2 2 1 2 2 
1 16 0 0 0 0 0
#2 1 1 0
0 2 min.31 3 2 0
1 1 group.53 1 2 0
#2 1 1 1
0 2 min.31 3 2 0
1 1 group.53 1 2 3
#3 1 1 2
0 1 min.31 3 2 0
1 1 group.53 1 2 0
2 1 min.31 3 2 3
#3 1 1 3
0 1 min.31 3 2 0
1 1 group.53 1 2 3
2 1 min.31 3 2 3
#2 1 1 4
0 2 min.31 3 2 3
1 1 group.53 1 2 0
#2 1 1 5
0 2 min.31 3 2 3
1 1 group.53 1 2 3
#2 2 1 0
0 2 min.31 1 1 0
1 1 group.53 1 1 0
#3 2 1 1
0 1 min.31 1 1 14
1 1 group.53 1 1 7
2 1 min.31 1 1 3
#2 2 1 2
0 2 min.31 1 1 3
1 1 group.53 1 1 11
#2 3 1 0
0 2 min.31 1 2 0
1 1 group.53 1 2 0
#3 3 1 1
0 1 min.31 1 2 3
1 1 group.53 1 2 5
2 1 min.31 1 2 1
#2 3 1 2
0 2 min.31 1 2 0
1 1 group.53 1 2 8
#3 3 1 3
0 1 min.31 1 2 3
1 1 group.53 1 2 13
2 1 min.31 1 2 1
#2 3 1 5
0 2 min.31 1 2 1
1 1 group.53 1 2 3
#2 3 1 7
0 2 min.31 1 2 1
1 1 group.53 1 2 11
#2 4 1 0
0 2 min.31 1 3 0
1 1 group.53 1 1 0
#2 4 1 1
0 2 min.31 1 3 1
1 1 group.53 1 1 6
#2 4 1 3
0 2 min.31 1 3 0
1 1 group.53 1 1 11
#3 5 1 0
0 1 min.31 1 3 0
1 1 group.53 1 3 0
2 1 min.31 3 1 0
#3 5 1 1
0 1 min.31 1 3 0
1 1 group.53 1 3 0
2 1 min.31 3 1 3
