#5
5x10
7 1 2 1 2 2 1 2 0 0 
6 1 2 1 1 2 2 0 0 0 
6 1 2 2 1 1 2 0 0 0 
9 1 1 2 1 1 2 1 1 2 
1 24 0 0 0 0 0 0 0 0
5x10
1 1 0 0 0 0 0 0 0 0 
6 1 2 1 1 2 2 0 0 0 
6 1 2 2 1 1 2 0 0 0 
9 1 1 2 1 1 2 1 1 2 
1 24 0 0 0 0 0 0 0 0
5x10
6 2 1 2 2 1 2 0 0 0 
6 1 2 1 1 2 2 0 0 0 
6 1 2 2 1 1 2 0 0 0 
9 1 1 2 1 1 2 1 1 2 
1 24 0 0 0 0 0 0 0 0
5x10
8 1 1 2 1 2 2 1 2 0 
6 1 2 1 1 2 2 0 0 0 
6 1 2 2 1 1 2 0 0 0 
9 1 1 2 1 1 2 1 1 2 
1 24 0 0 0 0 0 0 0 0
4x10
7 1 2 1 2 2 1 2 0 0 
1 1 0 0 0 0 0 0 0 0 
9 1 1 2 1 1 2 1 1 2 
4 18 0 0 0 0 0 0 0 0
#5 1 1 0
0 1 group.156 1 1 0
1 1 group.156 2 1 0
2 1 group.157 1 1 0
3 1 group.158 1 1 0
4 4 group.112 1 2 0
