#7
8x9
3 2 3 2 0 0 0 0 0 
6 2 2 1 1 2 2 0 0 
6 2 2 1 2 1 2 0 0 
8 1 1 2 1 1 2 2 2 
7 1 1 2 2 1 2 2 0 
7 1 2 2 1 1 2 2 0 
8 1 2 1 2 1 2 1 2 
1 288 0 0 0 0 0 0 0
8x12
11 1 1 2 1 1 2 1 2 1 2 2 
3 2 3 2 0 0 0 0 0 0 0 0 
6 2 2 1 2 1 2 0 0 0 0 0 
8 1 1 2 1 1 2 2 2 0 0 0 
7 1 1 2 2 1 2 2 0 0 0 0 
7 1 2 2 1 1 2 2 0 0 0 0 
8 1 2 1 2 1 2 1 2 0 0 0 
3 192 0 0 0 0 0 0 0 0 0 0
8x12
11 1 1 2 1 1 2 1 2 1 2 2 
6 2 2 1 1 2 2 0 0 0 0 0 
6 2 2 1 2 1 2 0 0 0 0 0 
8 1 1 2 1 1 2 2 2 0 0 0 
7 1 1 2 2 1 2 2 0 0 0 0 
7 1 2 2 1 1 2 2 0 0 0 0 
8 1 2 1 2 1 2 1 2 0 0 0 
3 192 0 0 0 0 0 0 0 0 0 0
8x12
11 1 1 2 1 1 2 1 2 1 2 2 
9 1 2 1 1 2 2 1 3 2 0 0 
6 2 2 1 2 1 2 0 0 0 0 0 
8 1 1 2 1 1 2 2 2 0 0 0 
7 1 1 2 2 1 2 2 0 0 0 0 
7 1 2 2 1 1 2 2 0 0 0 0 
8 1 2 1 2 1 2 1 2 0 0 0 
3 192 0 0 0 0 0 0 0 0 0 0
8x12
11 1 1 2 1 1 2 1 2 1 2 2 
10 1 1 2 1 2 2 1 1 3 2 0 
6 2 2 1 2 1 2 0 0 0 0 0 
8 1 1 2 1 1 2 2 2 0 0 0 
7 1 1 2 2 1 2 2 0 0 0 0 
7 1 2 2 1 1 2 2 0 0 0 0 
8 1 2 1 2 1 2 1 2 0 0 0 
3 192 0 0 0 0 0 0 0 0 0 0
7x12
11 1 1 2 1 1 2 1 2 1 2 2 
3 2 3 2 0 0 0 0 0 0 0 0 
6 2 2 1 1 2 2 0 0 0 0 0 
4 1 2 1 2 0 0 0 0 0 0 0 
8 1 2 2 1 2 1 1 2 0 0 0 
8 1 2 1 2 1 2 1 2 0 0 0 
4 144 0 0 0 0 0 0 0 0 0 0
7x12
11 1 1 2 1 1 2 1 2 1 2 2 
3 2 3 2 0 0 0 0 0 0 0 0 
6 2 2 1 1 2 2 0 0 0 0 0 
6 2 1 1 2 1 1 0 0 0 0 0 
9 1 2 2 1 1 2 1 2 1 0 0 
8 1 2 1 2 1 2 1 2 0 0 0 
4 144 0 0 0 0 0 0 0 0 0 0
