#8
4x4
2 1 3 0 
3 2 2 2 
2 2 2 0 
1 12 0 0
4x3
2 1 3 
1 1 0 
2 2 2 
1 12 0
4x5
2 1 3 0 0 
4 1 2 2 2 
2 2 2 0 0 
1 12 0 0 0
4x4
3 2 2 2 
1 1 0 0 
2 2 2 0 
1 12 0 0
4x4
1 3 0 0 
3 2 2 2 
2 2 2 0 
1 12 0 0
4x6
5 1 2 2 2 3 
1 1 0 0 0 0 
2 2 2 0 0 0 
1 12 0 0 0 0
4x5
1 3 0 0 0 
4 1 2 2 2 
2 2 2 0 0 
1 12 0 0 0
4x4
2 1 3 0 
3 2 2 2 
1 1 0 0 
3 8 0 0
#6 1 1 0
0 2 group.110 1 1 0
2 1 group.60 2 1 0
3 2 group.110 2 1 0
4 1 group.109 1 1 0
5 1 group.60 1 1 0
7 3 group.33 1 6 0
#6 1 2 0
0 2 group.110 1 2 0
2 1 group.60 2 1 0
3 2 group.110 2 2 0
4 1 group.109 1 2 0
5 1 group.60 1 1 0
7 3 group.33 1 9 0
