#3
2x2
1 2 
1 2
2x2
1 1 
1 2
2x3
2 1 2 
1 2 0
#1 1 1 0
0 3 min.18 1 1 0
#2 1 1 1
0 2 min.18 1 1 0
1 1 min.18 1 1 1
#1 1 1 11
0 3 min.18 1 1 1
#2 1 1 12
0 1 min.18 1 1 1
1 2 min.18 1 1 1
#3 1 1 13
0 1 min.18 1 1 1
1 1 min.18 1 1 1
2 1 min.18 1 1 1
#2 1 1 15
0 1 min.18 1 1 1
1 2 min.18 1 1 1
#2 1 1 3
0 1 min.18 1 1 0
1 2 min.18 1 1 1
#2 1 1 4
0 1 min.18 1 1 0
1 2 min.18 1 1 1
#3 1 1 5
0 1 min.18 1 1 0
1 1 min.18 1 1 1
2 1 min.18 1 1 1
#2 1 1 7
0 1 min.18 1 1 0
1 2 min.18 1 1 1
#2 1 10 0
0 2 min.18 1 3 0
2 1 min.18 1 2 0
#2 1 10 1
0 2 min.18 1 3 0
2 1 min.18 1 2 0
#2 1 11 0
0 1 min.18 1 2 0
1 2 min.18 1 3 0
#2 1 11 1
0 1 min.18 1 2 1
1 2 min.18 1 3 0
#1 1 12 0
0 3 min.18 1 2 0
#2 1 12 1
0 2 min.18 1 2 0
2 1 min.18 1 2 1
#2 1 12 3
0 1 min.18 1 2 0
1 2 min.18 1 2 1
#1 1 12 6
0 3 min.18 1 2 1
#1 1 13 0
0 3 min.18 1 3 0
#2 1 2 0
0 2 min.18 1 2 0
2 1 min.18 1 1 0
#2 1 2 1
0 2 min.18 1 2 0
2 1 min.18 1 1 1
#3 1 2 2
0 1 min.18 1 2 1
1 1 min.18 1 2 0
2 1 min.18 1 1 1
#3 1 2 3
0 1 min.18 1 2 1
1 1 min.18 1 2 0
2 1 min.18 1 1 1
#2 1 2 6
0 2 min.18 1 2 1
2 1 min.18 1 1 0
#2 1 2 7
0 2 min.18 1 2 1
2 1 min.18 1 1 1
#1 1 3 0
0 3 min.18 1 2 0
#2 1 3 1
0 2 min.18 1 2 1
1 1 min.18 1 2 0
#2 1 4 0
0 1 min.18 1 1 0
1 2 min.18 1 2 0
#3 1 4 1
0 1 min.18 1 1 0
1 1 min.18 1 2 1
2 1 min.18 1 2 0
#2 1 4 3
0 1 min.18 1 1 0
1 2 min.18 1 2 1
#2 1 4 4
0 1 min.18 1 1 1
1 2 min.18 1 2 0
#3 1 4 5
0 1 min.18 1 1 1
1 1 min.18 1 2 1
2 1 min.18 1 2 0
#2 1 4 7
0 1 min.18 1 1 1
1 2 min.18 1 2 1
#2 1 5 0
0 2 min.18 1 2 0
2 1 min.18 1 2 0
#2 1 5 1
0 2 min.18 1 2 0
2 1 min.18 1 2 1
#2 1 5 2
0 2 min.18 1 2 1
2 1 min.18 1 2 0
#2 1 5 3
0 2 min.18 1 2 1
2 1 min.18 1 2 1
#1 1 6 0
0 3 min.18 1 2 0
#2 1 6 1
0 2 min.18 1 2 1
2 1 min.18 1 2 0
#1 1 7 0
0 3 min.18 1 2 0
#1 1 7 1
0 3 min.18 1 2 0
#2 1 7 2
0 2 min.18 1 2 1
1 1 min.18 1 2 0
#2 1 7 3
0 2 min.18 1 2 1
1 1 min.18 1 2 0
#2 1 8 0
0 2 min.18 1 2 0
2 1 min.18 1 2 0
#3 1 8 1
0 1 min.18 1 2 0
1 1 min.18 1 2 1
2 1 min.18 1 2 0
#2 1 8 2
0 2 min.18 1 2 0
2 1 min.18 1 2 1
#3 1 8 3
0 1 min.18 1 2 0
1 1 min.18 1 2 1
2 1 min.18 1 2 1
#2 1 8 5
0 2 min.18 1 2 1
2 1 min.18 1 2 0
#2 1 8 7
0 2 min.18 1 2 1
2 1 min.18 1 2 1
#2 1 9 0
0 2 min.18 1 3 0
2 1 min.18 1 1 0
#2 1 9 1
0 2 min.18 1 3 0
2 1 min.18 1 1 1
