#16
7x9
1 4 0 0 0 0 0 0 0 
3 4 1 4 0 0 0 0 0 
1 2 0 0 0 0 0 0 0 
4 1 4 1 4 0 0 0 0 
8 3 4 1 4 3 4 1 4 
8 4 3 4 1 4 3 4 1 
1 144 0 0 0 0 0 0 0
7x10
1 4 0 0 0 0 0 0 0 0 
3 4 1 4 0 0 0 0 0 0 
9 3 4 1 4 3 4 1 4 3 
4 1 4 1 4 0 0 0 0 0 
8 3 4 1 4 3 4 1 4 0 
8 4 3 4 1 4 3 4 1 0 
1 144 0 0 0 0 0 0 0 0
7x11
1 4 0 0 0 0 0 0 0 0 0 
3 4 1 4 0 0 0 0 0 0 0 
10 2 3 4 1 4 3 4 1 4 3 
4 1 4 1 4 0 0 0 0 0 0 
8 3 4 1 4 3 4 1 4 0 0 
8 4 3 4 1 4 3 4 1 0 0 
1 144 0 0 0 0 0 0 0 0 0
7x10
1 4 0 0 0 0 0 0 0 0 
1 2 0 0 0 0 0 0 0 0 
9 3 4 1 4 3 4 1 4 3 
4 1 4 1 4 0 0 0 0 0 
8 3 4 1 4 3 4 1 4 0 
8 4 3 4 1 4 3 4 1 0 
1 144 0 0 0 0 0 0 0 0
7x13
1 4 0 0 0 0 0 0 0 0 0 0 0 
12 3 4 1 4 3 4 1 4 3 4 1 4 
1 2 0 0 0 0 0 0 0 0 0 0 0 
4 1 4 1 4 0 0 0 0 0 0 0 0 
8 3 4 1 4 3 4 1 4 0 0 0 0 
8 4 3 4 1 4 3 4 1 0 0 0 0 
1 144 0 0 0 0 0 0 0 0 0 0 0
7x10
1 4 0 0 0 0 0 0 0 0 
4 2 4 1 4 0 0 0 0 0 
9 3 4 1 4 3 4 1 4 3 
4 1 4 1 4 0 0 0 0 0 
8 3 4 1 4 3 4 1 4 0 
8 4 3 4 1 4 3 4 1 0 
1 144 0 0 0 0 0 0 0 0
7x13
1 4 0 0 0 0 0 0 0 0 0 0 0 
12 3 4 1 4 3 4 1 4 3 4 1 4 
10 2 3 4 1 4 3 4 1 4 3 0 0 
4 1 4 1 4 0 0 0 0 0 0 0 0 
8 3 4 1 4 3 4 1 4 0 0 0 0 
8 4 3 4 1 4 3 4 1 0 0 0 0 
1 144 0 0 0 0 0 0 0 0 0 0 0
7x10
3 4 1 4 0 0 0 0 0 0 
1 2 0 0 0 0 0 0 0 0 
9 3 4 1 4 3 4 1 4 3 
4 1 4 1 4 0 0 0 0 0 
8 3 4 1 4 3 4 1 4 0 
8 4 3 4 1 4 3 4 1 0 
1 144 0 0 0 0 0 0 0 0
7x11
10 3 4 1 4 3 4 1 4 3 4 
3 4 1 4 0 0 0 0 0 0 0 
1 2 0 0 0 0 0 0 0 0 0 
4 1 4 1 4 0 0 0 0 0 0 
8 3 4 1 4 3 4 1 4 0 0 
8 4 3 4 1 4 3 4 1 0 0 
1 144 0 0 0 0 0 0 0 0 0
7x10
2 2 4 0 0 0 0 0 0 0 
3 4 1 4 0 0 0 0 0 0 
9 3 4 1 4 3 4 1 4 3 
4 1 4 1 4 0 0 0 0 0 
8 3 4 1 4 3 4 1 4 0 
8 4 3 4 1 4 3 4 1 0 
1 144 0 0 0 0 0 0 0 0
7x11
10 3 4 1 4 3 4 1 4 3 4 
3 4 1 4 0 0 0 0 0 0 0 
10 2 3 4 1 4 3 4 1 4 3 
4 1 4 1 4 0 0 0 0 0 0 
8 3 4 1 4 3 4 1 4 0 0 
8 4 3 4 1 4 3 4 1 0 0 
1 144 0 0 0 0 0 0 0 0 0
7x10
2 1 4 0 0 0 0 0 0 0 
1 2 0 0 0 0 0 0 0 0 
9 3 4 1 4 3 4 1 4 3 
4 1 4 1 4 0 0 0 0 0 
8 3 4 1 4 3 4 1 4 0 
8 4 3 4 1 4 3 4 1 0 
1 144 0 0 0 0 0 0 0 0
7x13
10 3 4 1 4 3 4 1 4 3 4 0 0 
12 3 4 1 4 3 4 1 4 3 4 1 4 
1 2 0 0 0 0 0 0 0 0 0 0 0 
4 1 4 1 4 0 0 0 0 0 0 0 0 
8 3 4 1 4 3 4 1 4 0 0 0 0 
8 4 3 4 1 4 3 4 1 0 0 0 0 
1 144 0 0 0 0 0 0 0 0 0 0 0
7x10
2 2 4 0 0 0 0 0 0 0 
4 2 4 1 4 0 0 0 0 0 
9 3 4 1 4 3 4 1 4 3 
4 1 4 1 4 0 0 0 0 0 
8 3 4 1 4 3 4 1 4 0 
8 4 3 4 1 4 3 4 1 0 
1 144 0 0 0 0 0 0 0 0
7x13
10 3 4 1 4 3 4 1 4 3 4 0 0 
12 3 4 1 4 3 4 1 4 3 4 1 4 
10 2 3 4 1 4 3 4 1 4 3 0 0 
4 1 4 1 4 0 0 0 0 0 0 0 0 
8 3 4 1 4 3 4 1 4 0 0 0 0 
8 4 3 4 1 4 3 4 1 0 0 0 0 
1 144 0 0 0 0 0 0 0 0 0 0 0
6x10
1 4 0 0 0 0 0 0 0 0 
3 4 1 4 0 0 0 0 0 0 
1 2 0 0 0 0 0 0 0 0 
9 3 4 1 4 3 4 1 4 3 
4 1 4 1 4 0 0 0 0 0 
9 32 0 0 0 0 0 0 0 0
