ONEWEB-0012             
1 44057U 19010A   25345.23669429  .00000069  00000+0  14736-3 0  9999
2 44057  87.9034 266.2161 0001887  86.6512 273.4835 13.16595940326836
ONEWEB-0010             
1 44058U 19010B   25345.26201745  .00000071  00000+0  15276-3 0  9999
2 44058  87.9042 266.2009 0001907  64.5290 295.6038 13.16596847326881
ONEWEB-0008             
1 44059U 19010C   25345.28735749  .00000103  00000+0  23549-3 0  9996
2 44059  87.9038 266.1934 0001548  74.2612 285.8690 13.16595646327006
ONEWEB-0007             
1 44060U 19010D   25345.24927395  .00000168  00000+0  41276-3 0  9992
2 44060  87.8990 296.7288 0002154  78.2990 281.8382 13.15547765326665
ONEWEB-0006             
1 44061U 19010E   25345.25322323  .00000144  00000+0  34726-3 0  9990
2 44061  87.8998 296.6746 0001968  74.8039 285.3309 13.15546791326712
ONEWEB-0011             
1 44062U 19010F   25345.29760588 -.00000008  00000+0 -56292-4 0  9998
2 44062  87.8996 296.6747 0001630  75.5729 284.5583 13.15549573326718
