#8
5x8
1 3 0 0 0 0 0 0 
7 1 2 1 3 2 3 2 
4 1 2 1 2 0 0 0 
4 2 3 2 3 0 0 0 
1 24 0 0 0 0 0 0
5x5
1 3 0 0 0 
3 2 1 2 0 
4 1 2 1 2 
4 2 3 2 3 
1 24 0 0 0
5x7
1 3 0 0 0 0 0 
6 2 1 3 2 3 2 
4 1 2 1 2 0 0 
4 2 3 2 3 0 0 
1 24 0 0 0 0 0
5x8
7 1 2 1 3 2 3 2 
3 2 1 2 0 0 0 0 
4 1 2 1 2 0 0 0 
4 2 3 2 3 0 0 0 
1 24 0 0 0 0 0 0
5x8
2 1 3 0 0 0 0 0 
7 1 2 1 3 2 3 2 
4 1 2 1 2 0 0 0 
4 2 3 2 3 0 0 0 
1 24 0 0 0 0 0 0
5x9
8 1 2 1 3 2 3 2 3 
3 2 1 2 0 0 0 0 0 
4 1 2 1 2 0 0 0 0 
4 2 3 2 3 0 0 0 0 
1 24 0 0 0 0 0 0 0
5x7
2 1 3 0 0 0 0 
6 2 1 3 2 3 2 
4 1 2 1 2 0 0 
4 2 3 2 3 0 0 
1 24 0 0 0 0 0
5x8
1 3 0 0 0 0 0 0 
7 1 2 1 3 2 3 2 
3 2 1 2 0 0 0 0 
4 1 2 1 2 0 0 0 
3 16 0 0 0 0 0 0
#8 1 1 0
0 1 group.89 1 1 0
1 1 group.97 4 1 0
2 1 group.95 1 1 0
3 1 group.97 2 1 0
4 1 group.95 3 1 0
5 1 group.83 1 2 0
6 1 group.100 1 1 0
7 3 group.43 1 3 0
#8 1 1 1
0 1 group.89 1 1 12
1 1 group.97 4 1 0
2 1 group.95 1 1 0
3 1 group.97 2 1 1
4 1 group.95 3 1 1
5 1 group.83 1 2 1
6 1 group.100 1 1 1
7 3 group.43 1 3 1
#8 1 1 2
0 1 group.89 1 1 15
1 1 group.97 4 1 1
2 1 group.95 1 1 1
3 1 group.97 2 1 0
4 1 group.95 3 1 0
5 1 group.83 1 2 1
6 1 group.100 1 1 1
7 3 group.43 1 3 1
#8 1 1 3
0 1 group.89 1 1 3
1 1 group.97 4 1 1
2 1 group.95 1 1 1
3 1 group.97 2 1 1
4 1 group.95 3 1 1
5 1 group.83 1 2 0
6 1 group.100 1 1 0
7 3 group.43 1 3 3
#8 2 1 0
0 1 group.89 1 2 0
1 1 group.97 3 1 0
2 1 group.95 2 1 0
3 1 group.97 1 1 0
4 1 group.95 4 1 0
5 1 group.83 1 1 0
6 1 group.100 1 1 0
7 3 group.43 2 3 0
#8 2 1 1
0 1 group.89 1 2 1
1 1 group.97 3 1 0
2 1 group.95 2 1 1
3 1 group.97 1 1 0
4 1 group.95 4 1 1
5 1 group.83 1 1 3
6 1 group.100 1 1 1
7 3 group.43 2 3 2
#8 2 1 2
0 1 group.89 1 2 1
1 1 group.97 3 1 1
2 1 group.95 2 1 0
3 1 group.97 1 1 1
4 1 group.95 4 1 0
5 1 group.83 1 1 15
6 1 group.100 1 1 1
7 3 group.43 2 3 1
#8 2 1 3
0 1 group.89 1 2 0
1 1 group.97 3 1 1
2 1 group.95 2 1 1
3 1 group.97 1 1 1
4 1 group.95 4 1 1
5 1 group.83 1 1 12
6 1 group.100 1 1 0
7 3 group.43 2 3 3
