#8
5x7
6 2 3 1 3 1 3 
1 1 0 0 0 0 0 
2 2 2 0 0 0 0 
4 1 3 1 3 0 0 
1 24 0 0 0 0 0
5x7
6 2 3 1 3 1 3 
1 2 0 0 0 0 0 
2 2 2 0 0 0 0 
4 1 3 1 3 0 0 
1 24 0 0 0 0 0
5x7
6 2 3 1 3 1 3 
2 1 2 0 0 0 0 
2 2 2 0 0 0 0 
4 1 3 1 3 0 0 
1 24 0 0 0 0 0
5x5
1 1 0 0 0 
1 2 0 0 0 
2 2 2 0 0 
4 1 3 1 3 
1 24 0 0 0
5x6
5 3 1 3 1 3 
1 1 0 0 0 0 
2 2 2 0 0 0 
4 1 3 1 3 0 
1 24 0 0 0 0
5x8
7 1 2 3 1 3 1 3 
1 2 0 0 0 0 0 0 
2 2 2 0 0 0 0 0 
4 1 3 1 3 0 0 0 
1 24 0 0 0 0 0 0
5x6
5 3 1 3 1 3 
2 1 2 0 0 0 
2 2 2 0 0 0 
4 1 3 1 3 0 
1 24 0 0 0 0
5x7
6 2 3 1 3 1 3 
1 1 0 0 0 0 0 
1 2 0 0 0 0 0 
2 2 2 0 0 0 0 
3 16 0 0 0 0 0
#8 1 1 0
0 1 group.85 2 1 0
1 1 group.96 1 1 0
2 1 group.95 3 1 0
3 1 group.101 2 1 0
4 1 group.85 2 2 0
5 1 group.94 1 1 0
6 1 group.95 4 1 0
7 3 group.42 1 4 0
#8 1 1 1
0 1 group.85 2 1 5
1 1 group.96 1 1 0
2 1 group.95 3 1 0
3 1 group.101 2 1 1
4 1 group.85 2 2 1
5 1 group.94 1 1 1
6 1 group.95 4 1 1
7 3 group.42 1 4 1
#8 1 1 2
0 1 group.85 2 1 10
1 1 group.96 1 1 1
2 1 group.95 3 1 1
3 1 group.101 2 1 0
4 1 group.85 2 2 0
5 1 group.94 1 1 1
6 1 group.95 4 1 1
7 3 group.42 1 4 2
#8 1 1 3
0 1 group.85 2 1 15
1 1 group.96 1 1 1
2 1 group.95 3 1 1
3 1 group.101 2 1 1
4 1 group.85 2 2 1
5 1 group.94 1 1 0
6 1 group.95 4 1 0
7 3 group.42 1 4 3
#8 2 1 0
0 1 group.85 1 1 0
1 1 group.96 2 1 0
2 1 group.95 1 1 0
3 1 group.101 1 1 0
4 1 group.85 1 2 0
5 1 group.94 1 1 0
6 1 group.95 2 1 0
7 3 group.42 1 4 0
#8 2 1 1
0 1 group.85 1 1 5
1 1 group.96 2 1 0
2 1 group.95 1 1 0
3 1 group.101 1 1 1
4 1 group.85 1 2 1
5 1 group.94 1 1 1
6 1 group.95 2 1 1
7 3 group.42 1 4 1
#8 2 1 2
0 1 group.85 1 1 10
1 1 group.96 2 1 1
2 1 group.95 1 1 1
3 1 group.101 1 1 0
4 1 group.85 1 2 0
5 1 group.94 1 1 1
6 1 group.95 2 1 1
7 3 group.42 1 4 2
#8 2 1 3
0 1 group.85 1 1 15
1 1 group.96 2 1 1
2 1 group.95 1 1 1
3 1 group.101 1 1 1
4 1 group.85 1 2 1
5 1 group.94 1 1 0
6 1 group.95 2 1 0
7 3 group.42 1 4 3
