#5
7x13
3 2 2 2 0 0 0 0 0 0 0 0 0 
12 1 1 1 1 1 1 1 2 1 1 1 2 
8 1 1 1 1 2 1 1 2 0 0 0 0 
2 1 1 0 0 0 0 0 0 0 0 0 0 
10 1 1 1 2 1 1 2 1 2 2 0 0 
4 1 1 1 1 0 0 0 0 0 0 0 0 
1 96 0 0 0 0 0 0 0 0 0 0 0
7x13
9 1 1 1 1 1 1 2 1 2 0 0 0 
12 1 1 1 1 1 1 1 2 1 1 1 2 
8 1 1 1 1 2 1 1 2 0 0 0 0 
2 1 1 0 0 0 0 0 0 0 0 0 0 
10 1 1 1 2 1 1 2 1 2 2 0 0 
4 1 1 1 1 0 0 0 0 0 0 0 0 
1 96 0 0 0 0 0 0 0 0 0 0 0
7x13
10 1 1 1 1 1 2 1 1 2 2 0 0 
12 1 1 1 1 1 1 1 2 1 1 1 2 
8 1 1 1 1 2 1 1 2 0 0 0 0 
2 1 1 0 0 0 0 0 0 0 0 0 0 
10 1 1 1 2 1 1 2 1 2 2 0 0 
4 1 1 1 1 0 0 0 0 0 0 0 0 
1 96 0 0 0 0 0 0 0 0 0 0 0
7x13
3 2 2 2 0 0 0 0 0 0 0 0 0 
9 1 1 1 1 1 1 2 1 2 0 0 0 
12 1 1 1 1 1 1 1 2 1 1 1 2 
2 1 1 0 0 0 0 0 0 0 0 0 0 
10 1 1 1 2 1 1 2 1 2 2 0 0 
4 1 1 1 1 0 0 0 0 0 0 0 0 
3 64 0 0 0 0 0 0 0 0 0 0 0
6x13
3 2 2 2 0 0 0 0 0 0 0 0 0 
9 1 1 1 1 1 1 2 1 2 0 0 0 
12 1 1 1 1 1 1 1 2 1 1 1 2 
8 1 1 1 1 2 1 1 2 0 0 0 0 
4 1 1 1 1 0 0 0 0 0 0 0 0 
4 48 0 0 0 0 0 0 0 0 0 0 0
