#15
6x5
4 3 3 4 3 
1 2 0 0 0 
1 1 0 0 0 
4 3 4 3 4 
2 3 3 0 0 
1 32 0 0 0
6x5
4 3 3 4 3 
1 2 0 0 0 
1 3 0 0 0 
4 3 4 3 4 
2 3 3 0 0 
1 32 0 0 0
6x5
4 3 3 4 3 
1 2 0 0 0 
2 1 3 0 0 
4 3 4 3 4 
2 3 3 0 0 
1 32 0 0 0
6x5
4 3 3 4 3 
1 1 0 0 0 
1 3 0 0 0 
4 3 4 3 4 
2 3 3 0 0 
1 32 0 0 0
6x5
4 3 3 4 3 
2 2 3 0 0 
1 1 0 0 0 
4 3 4 3 4 
2 3 3 0 0 
1 32 0 0 0
6x5
4 3 3 4 3 
2 1 2 0 0 
1 3 0 0 0 
4 3 4 3 4 
2 3 3 0 0 
1 32 0 0 0
6x5
4 3 3 4 3 
2 2 3 0 0 
2 1 3 0 0 
4 3 4 3 4 
2 3 3 0 0 
1 32 0 0 0
6x5
1 2 0 0 0 
1 1 0 0 0 
1 3 0 0 0 
4 3 4 3 4 
2 3 3 0 0 
1 32 0 0 0
6x5
1 4 0 0 0 
1 2 0 0 0 
1 1 0 0 0 
4 3 4 3 4 
2 3 3 0 0 
1 32 0 0 0
6x6
5 1 3 3 4 3 
1 2 0 0 0 0 
1 3 0 0 0 0 
4 3 4 3 4 0 
2 3 3 0 0 0 
1 32 0 0 0 0
6x5
1 4 0 0 0 
1 2 0 0 0 
2 1 3 0 0 
4 3 4 3 4 
2 3 3 0 0 
1 32 0 0 0
6x6
5 2 3 3 4 3 
1 1 0 0 0 0 
1 3 0 0 0 0 
4 3 4 3 4 0 
2 3 3 0 0 0 
1 32 0 0 0 0
6x5
1 4 0 0 0 
2 2 3 0 0 
1 1 0 0 0 
4 3 4 3 4 
2 3 3 0 0 
1 32 0 0 0
6x6
5 1 3 3 4 3 
2 1 2 0 0 0 
1 3 0 0 0 0 
4 3 4 3 4 0 
2 3 3 0 0 0 
1 32 0 0 0 0
6x5
1 4 0 0 0 
2 2 3 0 0 
2 1 3 0 0 
4 3 4 3 4 
2 3 3 0 0 
1 32 0 0 0
