10x20	% 
 1  1  6  6  8  8  8  8 18 32 32 32 32 36 36 48 48 72 72 72
 1  2  4  4  3  3  6  6  2  3  3  6  6  4  4 12 12  2  8  8
 4 -4  0  0 -2 -2  2  2  0  1  1 -1 -1 -2  2  0  0  0  0  0
 4  4 -4 -4 -2 -2 -2 -2  4  1  1  1  1  0  0  2  2  4  0  0
 4 -4  0  0  4  4 -4 -4  0  4  4 -4 -4 -2  2  0  0  0  0  0
 0  4  4  4  4  4  4  4  2  2  2  4  4  4  2  4  4  2  4  4
 4  0  4  4  4  4  4  4  2  4  4  2  2  2  4  4  4  2  4  4
 0  4  4  4  4  4  4  4  2  2  2  4  4  4  2  4  4  2  4  4
 4  0  4  4  4  4  4  4  2  4  4  2  2  2  4  4  4  2  4  4
 4 -4  0  0 -2 -2  2  2  0  1  1 -1 -1 -2  2  0  0  0  0  0
