#5
7x10
9 1 1 1 2 1 1 2 1 2 
6 1 2 1 1 1 2 0 0 0 
8 1 1 2 1 2 1 1 1 0 
7 1 1 2 1 1 2 2 0 0 
7 1 1 2 2 1 1 2 0 0 
3 2 2 2 0 0 0 0 0 0 
1 96 0 0 0 0 0 0 0 0
7x9
6 1 2 2 1 2 1 0 0 
6 1 2 1 1 1 2 0 0 
8 1 1 2 1 2 1 1 1 
7 1 1 2 1 1 2 2 0 
7 1 1 2 2 1 1 2 0 
3 2 2 2 0 0 0 0 0 
3 64 0 0 0 0 0 0 0
6x10
6 1 2 2 1 2 1 0 0 0 
9 1 1 1 2 1 1 2 1 2 
4 1 2 1 2 0 0 0 0 0 
8 1 1 2 1 2 1 1 1 0 
3 2 2 2 0 0 0 0 0 0 
4 48 0 0 0 0 0 0 0 0
6x10
6 1 2 2 1 2 1 0 0 0 
9 1 1 1 2 1 1 2 1 2 
7 1 1 2 1 1 2 2 0 0 
7 1 1 2 2 1 1 2 0 0 
3 2 2 2 0 0 0 0 0 0 
4 48 0 0 0 0 0 0 0 0
6x10
6 1 2 2 1 2 1 0 0 0 
9 1 1 1 2 1 1 2 1 2 
8 1 1 1 2 1 1 1 2 0 
6 1 2 2 1 2 2 0 0 0 
3 2 2 2 0 0 0 0 0 0 
4 48 0 0 0 0 0 0 0 0
#4 1 1 0
0 1 group.176 1 1 0
1 3 group.172 1 1 0
2 8 group.165 2 1 0
3 4 group.145 2 2 0
#4 1 1 1
0 1 group.176 1 1 1
1 3 group.172 1 1 6
2 8 group.165 2 1 0
3 4 group.145 2 2 1
#4 2 1 0
0 1 group.176 2 1 0
1 3 group.172 2 1 0
2 8 group.165 3 1 0
3 4 group.145 1 1 0
#4 2 1 1
0 1 group.176 2 1 0
1 3 group.172 2 1 1
2 8 group.165 3 1 1
3 4 group.145 1 1 7
#4 3 1 0
0 1 group.176 3 1 0
1 3 group.172 1 1 0
2 8 group.165 1 1 0
3 4 group.145 1 2 0
