#5
8x13
11 1 2 1 2 2 2 2 1 2 1 2 0 
8 1 2 2 2 2 2 1 2 0 0 0 0 
8 1 2 2 2 1 2 2 2 0 0 0 0 
8 2 2 1 2 2 2 1 2 0 0 0 0 
12 1 2 2 2 1 2 1 2 1 2 2 2 
12 2 1 2 2 2 1 2 1 2 1 2 2 
8 1 2 1 2 1 2 1 2 0 0 0 0 
1 192 0 0 0 0 0 0 0 0 0 0 0
8x13
1 1 0 0 0 0 0 0 0 0 0 0 0 
8 1 2 2 2 2 2 1 2 0 0 0 0 
8 1 2 2 2 1 2 2 2 0 0 0 0 
8 2 2 1 2 2 2 1 2 0 0 0 0 
12 1 2 2 2 1 2 1 2 1 2 2 2 
12 2 1 2 2 2 1 2 1 2 1 2 2 
8 1 2 1 2 1 2 1 2 0 0 0 0 
1 192 0 0 0 0 0 0 0 0 0 0 0
8x13
10 2 1 2 2 2 2 1 2 1 2 0 0 
8 1 2 2 2 2 2 1 2 0 0 0 0 
8 1 2 2 2 1 2 2 2 0 0 0 0 
8 2 2 1 2 2 2 1 2 0 0 0 0 
12 1 2 2 2 1 2 1 2 1 2 2 2 
12 2 1 2 2 2 1 2 1 2 1 2 2 
8 1 2 1 2 1 2 1 2 0 0 0 0 
1 192 0 0 0 0 0 0 0 0 0 0 0
8x13
11 1 2 1 2 2 2 2 1 2 1 2 0 
1 1 0 0 0 0 0 0 0 0 0 0 0 
8 1 2 2 2 1 2 2 2 0 0 0 0 
8 2 2 1 2 2 2 1 2 0 0 0 0 
12 1 2 2 2 1 2 1 2 1 2 2 2 
12 2 1 2 2 2 1 2 1 2 1 2 2 
8 1 2 1 2 1 2 1 2 0 0 0 0 
3 128 0 0 0 0 0 0 0 0 0 0 0
7x12
11 1 2 1 2 2 2 2 1 2 1 2 
1 1 0 0 0 0 0 0 0 0 0 0 
8 1 2 2 2 2 2 1 2 0 0 0 
8 1 2 2 2 1 2 2 2 0 0 0 
8 2 2 1 2 2 2 1 2 0 0 0 
8 1 2 1 2 1 2 1 2 0 0 0 
4 96 0 0 0 0 0 0 0 0 0 0
#5 1 1 0
0 1 group.152 3 1 0
1 1 group.153 1 1 0
2 1 group.154 3 1 0
3 3 group.148 1 1 0
4 4 group.147 2 2 0
#5 1 1 1
0 1 group.152 3 1 0
1 1 group.153 1 1 1
2 1 group.154 3 1 0
3 3 group.148 1 1 1
4 4 group.147 2 2 1
#5 2 1 0
0 1 group.152 1 1 0
1 1 group.153 2 1 0
2 1 group.154 1 1 0
3 3 group.148 1 1 0
4 4 group.147 1 2 0
#5 2 1 1
0 1 group.152 1 1 1
1 1 group.153 2 1 1
2 1 group.154 1 1 1
3 3 group.148 1 1 6
4 4 group.147 1 2 1
#5 3 1 0
0 1 group.152 2 1 0
1 1 group.153 3 1 0
2 1 group.154 2 1 0
3 3 group.148 2 1 0
4 4 group.147 2 1 0
#5 3 1 1
0 1 group.152 2 1 0
1 1 group.153 3 1 1
2 1 group.154 2 1 1
3 3 group.148 2 1 2
4 4 group.147 2 1 14
#5 3 1 2
0 1 group.152 2 1 1
1 1 group.153 3 1 0
2 1 group.154 2 1 1
3 3 group.148 2 1 5
4 4 group.147 2 1 17
#5 3 1 3
0 1 group.152 2 1 1
1 1 group.153 3 1 1
2 1 group.154 2 1 0
3 3 group.148 2 1 7
4 4 group.147 2 1 31
