#17
6x10
9 1 2 1 2 1 2 2 2 4 
2 1 3 0 0 0 0 0 0 0 
7 2 1 2 1 2 2 2 0 0 
4 1 2 1 2 0 0 0 0 0 
6 1 2 1 2 2 2 0 0 0 
1 72 0 0 0 0 0 0 0 0
6x10
9 1 2 1 2 1 2 2 2 4 
2 1 3 0 0 0 0 0 0 0 
1 1 0 0 0 0 0 0 0 0 
4 1 2 1 2 0 0 0 0 0 
6 1 2 1 2 2 2 0 0 0 
1 72 0 0 0 0 0 0 0 0
6x10
9 1 2 1 2 1 2 2 2 4 
2 1 3 0 0 0 0 0 0 0 
8 1 2 1 2 1 2 2 2 0 
4 1 2 1 2 0 0 0 0 0 
6 1 2 1 2 2 2 0 0 0 
1 72 0 0 0 0 0 0 0 0
6x10
9 1 2 1 2 1 2 2 2 4 
7 2 1 2 1 2 2 2 0 0 
1 1 0 0 0 0 0 0 0 0 
4 1 2 1 2 0 0 0 0 0 
6 1 2 1 2 2 2 0 0 0 
1 72 0 0 0 0 0 0 0 0
6x10
9 1 2 1 2 1 2 2 2 4 
1 3 0 0 0 0 0 0 0 0 
7 2 1 2 1 2 2 2 0 0 
4 1 2 1 2 0 0 0 0 0 
6 1 2 1 2 2 2 0 0 0 
1 72 0 0 0 0 0 0 0 0
6x10
9 1 2 1 2 1 2 2 2 4 
9 1 2 1 2 1 2 2 2 3 
1 1 0 0 0 0 0 0 0 0 
4 1 2 1 2 0 0 0 0 0 
6 1 2 1 2 2 2 0 0 0 
1 72 0 0 0 0 0 0 0 0
6x10
9 1 2 1 2 1 2 2 2 4 
1 3 0 0 0 0 0 0 0 0 
8 1 2 1 2 1 2 2 2 0 
4 1 2 1 2 0 0 0 0 0 
6 1 2 1 2 2 2 0 0 0 
1 72 0 0 0 0 0 0 0 0
6x8
2 1 3 0 0 0 0 0 
7 2 1 2 1 2 2 2 
1 1 0 0 0 0 0 0 
4 1 2 1 2 0 0 0 
6 1 2 1 2 2 2 0 
1 72 0 0 0 0 0 0
6x9
8 2 1 2 1 2 2 2 4 
2 1 3 0 0 0 0 0 0 
7 2 1 2 1 2 2 2 0 
4 1 2 1 2 0 0 0 0 
6 1 2 1 2 2 2 0 0 
1 72 0 0 0 0 0 0 0
6x7
2 1 4 0 0 0 0 
2 1 3 0 0 0 0 
1 1 0 0 0 0 0 
4 1 2 1 2 0 0 
6 1 2 1 2 2 2 
1 72 0 0 0 0 0
6x9
8 2 1 2 1 2 2 2 4 
2 1 3 0 0 0 0 0 0 
8 1 2 1 2 1 2 2 2 
4 1 2 1 2 0 0 0 0 
6 1 2 1 2 2 2 0 0 
1 72 0 0 0 0 0 0 0
6x10
9 2 1 2 1 2 2 2 3 4 
7 2 1 2 1 2 2 2 0 0 
1 1 0 0 0 0 0 0 0 0 
4 1 2 1 2 0 0 0 0 0 
6 1 2 1 2 2 2 0 0 0 
1 72 0 0 0 0 0 0 0 0
6x9
8 2 1 2 1 2 2 2 4 
1 3 0 0 0 0 0 0 0 
7 2 1 2 1 2 2 2 0 
4 1 2 1 2 0 0 0 0 
6 1 2 1 2 2 2 0 0 
1 72 0 0 0 0 0 0 0
6x10
2 1 4 0 0 0 0 0 0 0 
9 1 2 1 2 1 2 2 2 3 
1 1 0 0 0 0 0 0 0 0 
4 1 2 1 2 0 0 0 0 0 
6 1 2 1 2 2 2 0 0 0 
1 72 0 0 0 0 0 0 0 0
6x9
8 2 1 2 1 2 2 2 4 
1 3 0 0 0 0 0 0 0 
8 1 2 1 2 1 2 2 2 
4 1 2 1 2 0 0 0 0 
6 1 2 1 2 2 2 0 0 
1 72 0 0 0 0 0 0 0
6x10
9 1 2 1 2 1 2 2 2 4 
2 1 3 0 0 0 0 0 0 0 
7 2 1 2 1 2 2 2 0 0 
1 1 0 0 0 0 0 0 0 0 
4 1 2 1 2 0 0 0 0 0 
3 48 0 0 0 0 0 0 0 0
6x10
9 1 2 1 2 1 2 2 2 4 
2 1 3 0 0 0 0 0 0 0 
7 2 1 2 1 2 2 2 0 0 
1 1 0 0 0 0 0 0 0 0 
4 1 2 2 1 0 0 0 0 0 
3 48 0 0 0 0 0 0 0 0
#10 1 1 0
0 2 group.132 1 1 0
2 1 group.129 3 1 0
3 2 group.132 2 1 0
4 2 group.128 1 1 0
5 2 group.129 2 1 0
6 2 group.131 1 1 0
7 2 group.131 2 1 0
8 1 group.129 1 1 0
9 1 group.130 1 1 0
15 6 group.90 1 2 0
