-1 -1 1 1
0.499999 0.469999
0 -4.55379e-09
0.2 0.2
0.0999998 0.0939998
1
573
82 69 3
0.499999 0 0 2
0.495659 0.057021 0 2
0.482772 0.112567 0 2
0.461725 0.165208 0 2
0.433155 0.213609 0 2
0.397922 0.256566 0 2
0.357084 0.293051 0 2
0.311861 0.322238 0 2
0.288023 0.333899 0 2
0.263601 0.343531 0 2
0.21373 0.356587 0 2
0.163711 0.361318 0 2
0.114995 0.357899 0 2
0.0915642 0.353258 0 2
0.0689747 0.346759 0 2
0.0269412 0.32857 0 2
-0.00995904 0.304217 0 2
-0.0407594 0.274778 0 2
-0.0536273 0.25853 0 2
-0.0593937 0.250095 0 2
-0.0647047 0.241481 0 2
-0.0812739 0.205668 0 2
-0.0901977 0.168748 0 2
-0.0914654 0.132154 0 2
-0.089296 0.114422 0 2
-0.0875318 0.105773 0 2
-0.0853255 0.097295 0 2
-0.0722761 0.0655072 0 2
-0.0633805 0.0511529 0 2
-0.0530488 0.0380142 0 2
-0.0285841 0.0158852 0 2
-0.0147311 0.00711536 0 2
-0.00746539 0.00334579 0 2
-0.0037564 0.00161934 0 2
0 0 0 2
0.0314445 -0.00897944 0 2
0.0478176 -0.0107378 0 2
0.0643913 -0.010631 0 2
0.0974275 -0.00478631 0 2
0.113534 0.000928879 0 2
0.121408 0.00447172 0 2
0.129132 0.0084638 0 2
0.158123 0.0287715 0 2
0.171191 0.0413957 0 2
0.183102 0.0555434 0 2
0.202898 0.0879596 0 2
0.210531 0.105972 0 2
0.213732 0.115369 0 2
0.216506 0.125 0 2
0.223119 0.165476 0 2
0.222156 0.208072 0 2
0.213283 0.251384 0 2
0.205846 0.272858 0 2
0.196423 0.293968 0 2
0.171759 0.334386 0 2
0.139729 0.371251 0 2
0.101015 0.403275 0 2
0.0794256 0.417105 0 2
0.0681285 0.423418 0 2
0.0565194 0.429307 0 2
0.00733721 0.448375 0 2
-0.0452779 0.459714 0 2
-0.0999538 0.462793 0 2
-0.127614 0.461137 0 2
-0.155243 0.457331 0 2
-0.20967 0.443309 0 2
-0.261775 0.420968 0 2
-0.310164 0.390804 0 2
-0.332559 0.37301 0 2
-0.343239 0.363481 0 2
-0.353553 0.353553 0 2
-0.390804 0.310164 0 2
-0.420968 0.261775 0 2
-0.443309 0.209669 0 2
-0.451381 0.182656 0 2
-0.457331 0.155243 0 2
-0.462793 0.0999538 0 2
-0.459715 0.045278 0 2
-0.448375 -0.00733718 0 2
-0.439765 -0.032439 0 2
-0.434761 -0.0446166 0 2
-0.429307 -0.0565194 0 2
-0.403275 -0.101015 0 2
-0.371251 -0.139729 0 2
-0.334386 -0.171759 0 2
-0.314536 -0.185045 0 2
-0.293968 -0.196423 0 2
-0.251384 -0.213283 0 2
-0.208072 -0.222156 0 2
-0.165476 -0.223119 0 2
-0.144888 -0.220729 0 2
-0.134846 -0.218842 0 2
-0.125 -0.216506 0 2
-0.0879596 -0.202898 0 2
-0.0555435 -0.183102 0 2
-0.0287715 -0.158123 0 2
-0.017767 -0.144051 0 2
-0.0128981 -0.136687 0 2
-0.00846377 -0.129132 0 2
0.00478631 -0.0974275 0 2
0.00864613 -0.0809874 0 2
0.0106311 -0.0643913 0 2
0.0089795 -0.0314445 0 2
0.00538516 -0.0154478 0 2
0.002913 -0.00764468 0 2
0.00151116 -0.00380123 0 2
0 0 0 2
-0.0158852 0.0285841 0 2
-0.0262194 0.041405 0 2
-0.0380142 0.0530488 0 2
-0.0655072 0.0722761 0 2
-0.0809376 0.0796239 0 2
-0.0890101 0.0826861 0 2
-0.097295 0.0853254 0 2
-0.132154 0.0914654 0 2
-0.150321 0.0917791 0 2
-0.168748 0.0901977 0 2
-0.205668 0.0812739 0 2
-0.223802 0.0739341 0 2
-0.232709 0.0695534 0 2
-0.241481 0.0647047 0 2
-0.274778 0.0407595 0 2
-0.304217 0.00995904 0 2
-0.32857 -0.0269412 0 2
-0.338495 -0.0473841 0 2
-0.346759 -0.0689747 0 2
-0.357899 -0.114995 0 2
-0.361318 -0.163711 0 2
-0.356587 -0.21373 0 2
-0.351101 -0.238776 0 2
-0.347576 -0.251227 0 2
-0.343531 -0.263601 0 2
-0.322238 -0.311861 0 2
-0.293051 -0.357084 0 2
-0.256566 -0.397922 0 2
-0.235837 -0.41631 0 2
-0.213609 -0.433155 0 2
-0.165208 -0.461725 0 2
-0.112567 -0.482772 0 2
-0.057021 -0.495659 0 2
-0.0286033 -0.498912 0 2
-0.0143133 -0.499727 0 2
0 -0.499999 0 2
0.057021 -0.495659 0 2
0.112567 -0.482772 0 2
0.165208 -0.461725 0 2
0.190017 -0.448332 0 2
0.213609 -0.433155 0 2
0.256566 -0.397922 0 2
0.293051 -0.357084 0 2
0.322238 -0.311861 0 2
0.333899 -0.288023 0 2
0.338971 -0.275874 0 2
0.343531 -0.263601 0 2
0.356587 -0.21373 0 2
0.361318 -0.163711 0 2
0.357899 -0.114995 0 2
0.353258 -0.0915642 0 2
0.346759 -0.0689747 0 2
0.32857 -0.0269412 0 2
0.304217 0.00995904 0 2
0.274778 0.0407595 0 2
0.25853 0.0536272 0 2
0.250095 0.0593937 0 2
0.241481 0.0647047 0 2
0.205668 0.0812739 0 2
0.168748 0.0901977 0 2
0.132154 0.0914654 0 2
0.114422 0.089296 0 2
0.105773 0.0875318 0 2
0.097295 0.0853254 0 2
0.0655072 0.0722761 0 2
0.0511529 0.0633804 0 2
0.0380142 0.0530488 0 2
0.0158852 0.0285841 0 2
0.00711536 0.0147311 0 2
0.00334579 0.00746542 0 2
0.00161934 0.0037564 0 2
0 0 0 2
-0.00897944 -0.0314445 0 2
-0.0107378 -0.0478177 0 2
-0.010631 -0.0643913 0 2
-0.00478631 -0.0974275 0 2
0.000928879 -0.113534 0 2
0.00447172 -0.121408 0 2
0.0084638 -0.129132 0 2
0.0287715 -0.158123 0 2
0.0413957 -0.171191 0 2
0.0555434 -0.183102 0 2
0.0879596 -0.202898 0 2
0.105972 -0.210531 0 2
0.115369 -0.213732 0 2
0.125 -0.216506 0 2
0.165476 -0.223119 0 2
0.208072 -0.222156 0 2
0.251384 -0.213283 0 2
0.272858 -0.205847 0 2
0.293968 -0.196423 0 2
0.334386 -0.171759 0 2
0.371251 -0.139729 0 2
0.403275 -0.101015 0 2
0.417105 -0.0794257 0 2
0.423418 -0.0681285 0 2
0.429307 -0.0565194 0 2
0.448375 -0.00733718 0 2
0.459714 0.045278 0 2
0.462793 0.0999538 0 2
0.461137 0.127614 0 2
0.457331 0.155243 0 2
0.443309 0.209669 0 2
0.420968 0.261775 0 2
0.390804 0.310164 0 2
0.37301 0.332559 0 2
0.363481 0.343239 0 2
0.353553 0.353553 0 2
0.310164 0.390804 0 2
0.261775 0.420968 0 2
0.209669 0.443309 0 2
0.182656 0.451381 0 2
0.155243 0.457331 0 2
0.0999538 0.462793 0 2
0.045278 0.459714 0 2
-0.00733718 0.448375 0 2
-0.032439 0.439765 0 2
-0.0446166 0.434761 0 2
-0.0565194 0.429307 0 2
-0.101015 0.403275 0 2
-0.139729 0.371251 0 2
-0.171759 0.334386 0 2
-0.185045 0.314536 0 2
-0.196423 0.293968 0 2
-0.213283 0.251384 0 2
-0.222156 0.208072 0 2
-0.223119 0.165476 0 2
-0.220729 0.144888 0 2
-0.218842 0.134846 0 2
-0.216506 0.125 0 2
-0.202898 0.0879596 0 2
-0.183102 0.0555434 0 2
-0.158123 0.0287715 0 2
-0.144051 0.0177669 0 2
-0.136687 0.0128981 0 2
-0.129132 0.0084638 0 2
-0.0974275 -0.00478631 0 2
-0.0809874 -0.0086461 0 2
-0.0643913 -0.010631 0 2
-0.0314445 -0.00897944 0 2
-0.0154478 -0.00538516 0 2
-0.00764468 -0.002913 0 2
-0.00380123 -0.00151113 0 2
0 0 0 2
0.0285841 0.0158852 0 2
0.041405 0.0262194 0 2
0.0530488 0.0380142 0 2
0.0722761 0.0655072 0 2
0.0796239 0.0809375 0 2
0.0826861 0.0890101 0 2
0.0853254 0.097295 0 2
0.0914654 0.132154 0 2
0.0917791 0.150321 0 2
0.0901977 0.168748 0 2
0.0812739 0.205668 0 2
0.0739341 0.223802 0 2
0.0695534 0.232709 0 2
0.0647047 0.241481 0 2
0.0407595 0.274778 0 2
0.00995904 0.304217 0 2
-0.0269412 0.32857 0 2
-0.0473841 0.338495 0 2
-0.0689747 0.346759 0 2
-0.114995 0.357899 0 2
-0.163711 0.361318 0 2
-0.21373 0.356587 0 2
-0.238776 0.351101 0 2
-0.251227 0.347575 0 2
-0.263601 0.343531 0 2
-0.311861 0.322238 0 2
-0.357084 0.293051 0 2
-0.397922 0.256566 0 2
-0.41631 0.235837 0 2
-0.433155 0.213609 0 2
-0.461725 0.165208 0 2
-0.482772 0.112567 0 2
-0.495659 0.057021 0 2
-0.498912 0.0286033 0 2
-0.499727 0.0143133 0 2
-0.499999 0 0 2
-0.495659 -0.057021 0 2
-0.482772 -0.112567 0 2
-0.461725 -0.165208 0 2
-0.448332 -0.190017 0 2
-0.433155 -0.213609 0 2
-0.397922 -0.256566 0 2
-0.357084 -0.293051 0 2
-0.311861 -0.322238 0 2
-0.288023 -0.333899 0 2
-0.275874 -0.338971 0 2
-0.263601 -0.343531 0 2
-0.21373 -0.356587 0 2
-0.163711 -0.361318 0 2
-0.114995 -0.357899 0 2
-0.0915642 -0.353258 0 2
-0.0689747 -0.346759 0 2
-0.0269412 -0.32857 0 2
0.00995904 -0.304217 0 2
0.0407595 -0.274778 0 2
0.0536272 -0.25853 0 2
0.0593937 -0.250095 0 2
0.0647047 -0.241481 0 2
0.0812739 -0.205668 0 2
0.0901977 -0.168748 0 2
0.0914654 -0.132154 0 2
0.089296 -0.114422 0 2
0.0875318 -0.105773 0 2
0.0853254 -0.097295 0 2
0.0722761 -0.0655072 0 2
0.0633804 -0.051153 0 2
0.0530488 -0.0380142 0 2
0.0285841 -0.0158852 0 2
0.0147311 -0.00711536 0 2
0.00746542 -0.00334579 0 2
0.0037564 -0.00161934 0 2
0 0 0 2
-0.0314445 0.0089795 0 2
-0.0478177 0.0107378 0 2
-0.0643913 0.0106311 0 2
-0.0974275 0.00478631 0 2
-0.113534 -0.000928879 0 2
-0.121408 -0.00447172 0 2
-0.129132 -0.00846377 0 2
-0.158123 -0.0287715 0 2
-0.171191 -0.0413956 0 2
-0.183102 -0.0555435 0 2
-0.202898 -0.0879596 0 2
-0.210531 -0.105972 0 2
-0.213732 -0.115369 0 2
-0.216506 -0.125 0 2
-0.223119 -0.165476 0 2
-0.222156 -0.208072 0 2
-0.213283 -0.251384 0 2
-0.205847 -0.272858 0 2
-0.196423 -0.293968 0 2
-0.171759 -0.334386 0 2
-0.139729 -0.371251 0 2
-0.101015 -0.403275 0 2
-0.0794257 -0.417105 0 2
-0.0681285 -0.423418 0 2
-0.0565194 -0.429307 0 2
-0.00733718 -0.448375 0 2
0.045278 -0.459715 0 2
0.0999538 -0.462793 0 2
0.127614 -0.461137 0 2
0.155243 -0.457331 0 2
0.209669 -0.443309 0 2
0.261775 -0.420968 0 2
0.310164 -0.390804 0 2
0.332559 -0.37301 0 2
0.343239 -0.363481 0 2
0.353553 -0.353553 0 2
0.390804 -0.310164 0 2
0.420968 -0.261775 0 2
0.443309 -0.20967 0 2
0.451381 -0.182656 0 2
0.457331 -0.155243 0 2
0.462793 -0.0999538 0 2
0.459714 -0.0452779 0 2
0.448375 0.00733721 0 2
0.439765 0.032439 0 2
0.434761 0.0446166 0 2
0.429307 0.0565194 0 2
0.403275 0.101015 0 2
0.371251 0.139729 0 2
0.334386 0.171759 0 2
0.314536 0.185045 0 2
0.293968 0.196423 0 2
0.251384 0.213283 0 2
0.208072 0.222156 0 2
0.165476 0.223119 0 2
0.144888 0.220729 0 2
0.134846 0.218842 0 2
0.125 0.216506 0 2
0.0879596 0.202898 0 2
0.0555434 0.183102 0 2
0.0287715 0.158123 0 2
0.0177669 0.144051 0 2
0.0128981 0.136687 0 2
0.0084638 0.129132 0 2
-0.00478631 0.0974275 0 2
-0.0086461 0.0809873 0 2
-0.010631 0.0643913 0 2
-0.00897944 0.0314445 0 2
-0.00538516 0.0154478 0 2
-0.002913 0.00764465 0 2
-0.00151113 0.00380123 0 2
0 0 0 2
0.0158852 -0.0285841 0 2
0.0262194 -0.041405 0 2
0.0380142 -0.0530488 0 2
0.0655072 -0.0722761 0 2
0.0809375 -0.0796239 0 2
0.0890101 -0.0826861 0 2
0.097295 -0.0853255 0 2
0.132154 -0.0914654 0 2
0.150321 -0.0917791 0 2
0.168748 -0.0901977 0 2
0.205668 -0.0812739 0 2
0.223802 -0.0739341 0 2
0.232709 -0.0695534 0 2
0.241481 -0.0647047 0 2
0.274778 -0.0407594 0 2
0.304217 -0.00995904 0 2
0.32857 0.0269412 0 2
0.338495 0.0473841 0 2
0.346759 0.0689747 0 2
0.357899 0.114995 0 2
0.361318 0.163711 0 2
0.356587 0.21373 0 2
0.351101 0.238776 0 2
0.347575 0.251227 0 2
0.343531 0.263601 0 2
0.322238 0.311861 0 2
0.293051 0.357084 0 2
0.256566 0.397922 0 2
0.235837 0.41631 0 2
0.213609 0.433155 0 2
0.165208 0.461725 0 2
0.112567 0.482772 0 2
0.057021 0.495659 0 2
0.0286033 0.498912 0 2
0.0143133 0.499727 0 2
0 0.499999 0 2
-0.057021 0.495659 0 2
-0.112567 0.482772 0 2
-0.165208 0.461725 0 2
-0.190017 0.448332 0 2
-0.213609 0.433155 0 2
-0.256566 0.397922 0 2
-0.293051 0.357084 0 2
-0.322238 0.311861 0 2
-0.333899 0.288023 0 2
-0.338971 0.275874 0 2
-0.343531 0.263601 0 2
-0.356587 0.21373 0 2
-0.361318 0.163711 0 2
-0.357899 0.114995 0 2
-0.353258 0.0915642 0 2
-0.346759 0.0689747 0 2
-0.32857 0.0269412 0 2
-0.304217 -0.00995904 0 2
-0.274778 -0.0407594 0 2
-0.25853 -0.0536273 0 2
-0.250095 -0.0593937 0 2
-0.241481 -0.0647047 0 2
-0.205668 -0.0812739 0 2
-0.168748 -0.0901977 0 2
-0.132154 -0.0914654 0 2
-0.114422 -0.089296 0 2
-0.105773 -0.0875318 0 2
-0.097295 -0.0853255 0 2
-0.0655072 -0.0722761 0 2
-0.051153 -0.0633805 0 2
-0.0380142 -0.0530488 0 2
-0.0158852 -0.0285841 0 2
-0.00711536 -0.0147311 0 2
-0.00334579 -0.00746539 0 2
-0.00161934 -0.0037564 0 2
0 0 0 2
0.0089795 0.0314445 0 2
0.0107378 0.0478176 0 2
0.0106311 0.0643913 0 2
0.00478631 0.0974275 0 2
-0.000928879 0.113534 0 2
-0.00447172 0.121408 0 2
-0.00846377 0.129132 0 2
-0.0287715 0.158123 0 2
-0.0413956 0.171191 0 2
-0.0555435 0.183102 0 2
-0.0879596 0.202898 0 2
-0.105972 0.210531 0 2
-0.115369 0.213732 0 2
-0.125 0.216506 0 2
-0.165476 0.223119 0 2
-0.208072 0.222156 0 2
-0.251384 0.213283 0 2
-0.272858 0.205846 0 2
-0.293968 0.196423 0 2
-0.334386 0.171759 0 2
-0.371251 0.139729 0 2
-0.403275 0.101015 0 2
-0.417105 0.0794256 0 2
-0.423418 0.0681285 0 2
-0.429307 0.0565194 0 2
-0.448375 0.00733721 0 2
-0.459715 -0.0452779 0 2
-0.462793 -0.0999538 0 2
-0.461137 -0.127614 0 2
-0.457331 -0.155243 0 2
-0.443309 -0.20967 0 2
-0.420968 -0.261775 0 2
-0.390804 -0.310164 0 2
-0.37301 -0.332559 0 2
-0.363481 -0.343239 0 2
-0.353553 -0.353553 0 2
-0.310164 -0.390804 0 2
-0.261775 -0.420968 0 2
-0.20967 -0.443309 0 2
-0.182656 -0.451381 0 2
-0.155243 -0.457331 0 2
-0.0999538 -0.462793 0 2
-0.0452779 -0.459715 0 2
0.00733721 -0.448375 0 2
0.032439 -0.439765 0 2
0.0446166 -0.434761 0 2
0.0565194 -0.429307 0 2
0.101015 -0.403275 0 2
0.139729 -0.371251 0 2
0.171759 -0.334386 0 2
0.185045 -0.314536 0 2
0.196423 -0.293968 0 2
0.213283 -0.251384 0 2
0.222156 -0.208072 0 2
0.223119 -0.165476 0 2
0.220729 -0.144888 0 2
0.218842 -0.134846 0 2
0.216506 -0.125 0 2
0.202898 -0.0879596 0 2
0.183102 -0.0555435 0 2
0.158123 -0.0287715 0 2
0.144051 -0.017767 0 2
0.136687 -0.0128981 0 2
0.129132 -0.00846377 0 2
0.0974275 0.00478631 0 2
0.0809873 0.00864613 0 2
0.0643913 0.0106311 0 2
0.0314445 0.0089795 0 2
0.0154478 0.00538516 0 2
0.00764465 0.002913 0 2
0.00380123 0.00151116 0 2
0 0 0 2
-0.0285841 -0.0158852 0 2
-0.041405 -0.0262194 0 2
-0.0530488 -0.0380142 0 2
-0.0722761 -0.0655072 0 2
-0.0796239 -0.0809376 0 2
-0.0826861 -0.0890101 0 2
-0.0853255 -0.097295 0 2
-0.0914654 -0.132154 0 2
-0.0917791 -0.150321 0 2
-0.0901977 -0.168748 0 2
-0.0812739 -0.205668 0 2
-0.0739341 -0.223802 0 2
-0.0695534 -0.232709 0 2
-0.0647047 -0.241481 0 2
-0.0407594 -0.274778 0 2
-0.00995904 -0.304217 0 2
0.0269412 -0.32857 0 2
0.0473841 -0.338495 0 2
0.0689747 -0.346759 0 2
0.114995 -0.357899 0 2
0.163711 -0.361318 0 2
0.21373 -0.356587 0 2
0.238776 -0.351101 0 2
0.251227 -0.347576 0 2
0.263601 -0.343531 0 2
0.311861 -0.322238 0 2
0.357084 -0.293051 0 2
0.397922 -0.256566 0 2
0.41631 -0.235837 0 2
0.433155 -0.213609 0 2
0.461725 -0.165208 0 2
0.482772 -0.112567 0 2
0.495659 -0.057021 0 2
0.499999 0 0 2
