#17
7x8
3 4 4 4 0 0 0 0 
1 3 0 0 0 0 0 0 
7 2 4 4 2 4 2 4 
2 4 4 0 0 0 0 0 
4 4 2 4 2 0 0 0 
6 4 2 4 4 2 4 0 
1 96 0 0 0 0 0 0
7x7
3 4 4 4 0 0 0 
1 3 0 0 0 0 0 
1 1 0 0 0 0 0 
2 4 4 0 0 0 0 
4 4 2 4 2 0 0 
6 4 2 4 4 2 4 
1 96 0 0 0 0 0
7x9
3 4 4 4 0 0 0 0 0 
1 3 0 0 0 0 0 0 0 
8 1 2 4 4 2 4 2 4 
2 4 4 0 0 0 0 0 0 
4 4 2 4 2 0 0 0 0 
6 4 2 4 4 2 4 0 0 
1 96 0 0 0 0 0 0 0
7x8
3 4 4 4 0 0 0 0 
7 2 4 4 2 4 2 4 
1 1 0 0 0 0 0 0 
2 4 4 0 0 0 0 0 
4 4 2 4 2 0 0 0 
6 4 2 4 4 2 4 0 
1 96 0 0 0 0 0 0
7x8
3 4 4 4 0 0 0 0 
2 1 3 0 0 0 0 0 
7 2 4 4 2 4 2 4 
2 4 4 0 0 0 0 0 
4 4 2 4 2 0 0 0 
6 4 2 4 4 2 4 0 
1 96 0 0 0 0 0 0
7x9
3 4 4 4 0 0 0 0 0 
8 2 3 4 4 2 4 2 4 
1 1 0 0 0 0 0 0 0 
2 4 4 0 0 0 0 0 0 
4 4 2 4 2 0 0 0 0 
6 4 2 4 4 2 4 0 0 
1 96 0 0 0 0 0 0 0
7x9
3 4 4 4 0 0 0 0 0 
2 1 3 0 0 0 0 0 0 
8 1 2 4 4 2 4 2 4 
2 4 4 0 0 0 0 0 0 
4 4 2 4 2 0 0 0 0 
6 4 2 4 4 2 4 0 0 
1 96 0 0 0 0 0 0 0
7x8
1 3 0 0 0 0 0 0 
7 2 4 4 2 4 2 4 
1 1 0 0 0 0 0 0 
2 4 4 0 0 0 0 0 
4 4 2 4 2 0 0 0 
6 4 2 4 4 2 4 0 
1 96 0 0 0 0 0 0
7x8
4 1 4 4 4 0 0 0 
1 3 0 0 0 0 0 0 
7 2 4 4 2 4 2 4 
2 4 4 0 0 0 0 0 
4 4 2 4 2 0 0 0 
6 4 2 4 4 2 4 0 
1 96 0 0 0 0 0 0
7x7
6 2 4 2 4 4 2 
1 3 0 0 0 0 0 
1 1 0 0 0 0 0 
2 4 4 0 0 0 0 
4 4 2 4 2 0 0 
6 4 2 4 4 2 4 
1 96 0 0 0 0 0
7x9
4 1 4 4 4 0 0 0 0 
1 3 0 0 0 0 0 0 0 
8 1 2 4 4 2 4 2 4 
2 4 4 0 0 0 0 0 0 
4 4 2 4 2 0 0 0 0 
6 4 2 4 4 2 4 0 0 
1 96 0 0 0 0 0 0 0
7x8
4 3 4 4 4 0 0 0 
7 2 4 4 2 4 2 4 
1 1 0 0 0 0 0 0 
2 4 4 0 0 0 0 0 
4 4 2 4 2 0 0 0 
6 4 2 4 4 2 4 0 
1 96 0 0 0 0 0 0
7x8
4 1 4 4 4 0 0 0 
2 1 3 0 0 0 0 0 
7 2 4 4 2 4 2 4 
2 4 4 0 0 0 0 0 
4 4 2 4 2 0 0 0 
6 4 2 4 4 2 4 0 
1 96 0 0 0 0 0 0
7x9
6 2 4 2 4 4 2 0 0 
8 2 3 4 4 2 4 2 4 
1 1 0 0 0 0 0 0 0 
2 4 4 0 0 0 0 0 0 
4 4 2 4 2 0 0 0 0 
6 4 2 4 4 2 4 0 0 
1 96 0 0 0 0 0 0 0
7x9
4 1 4 4 4 0 0 0 0 
2 1 3 0 0 0 0 0 0 
8 1 2 4 4 2 4 2 4 
2 4 4 0 0 0 0 0 0 
4 4 2 4 2 0 0 0 0 
6 4 2 4 4 2 4 0 0 
1 96 0 0 0 0 0 0 0
7x8
3 4 4 4 0 0 0 0 
1 3 0 0 0 0 0 0 
7 2 4 4 2 4 2 4 
1 1 0 0 0 0 0 0 
4 4 2 4 2 0 0 0 
6 4 2 4 4 2 4 0 
3 64 0 0 0 0 0 0
6x8
3 4 4 4 0 0 0 0 
1 3 0 0 0 0 0 0 
7 2 4 4 2 4 2 4 
1 1 0 0 0 0 0 0 
2 4 4 0 0 0 0 0 
4 48 0 0 0 0 0 0
