#11
5x4
3 3 3 3 
3 2 2 2 
2 2 2 0 
2 3 3 0 
1 36 0 0
5x8
3 3 3 3 0 0 0 0 
7 1 2 2 1 3 3 1 
2 2 2 0 0 0 0 0 
2 3 3 0 0 0 0 0 
1 36 0 0 0 0 0 0
5x5
3 3 3 3 0 
4 2 3 3 1 
2 2 2 0 0 
2 3 3 0 0 
1 36 0 0 0
5x8
3 2 2 2 0 0 0 0 
7 1 2 2 1 3 3 1 
2 2 2 0 0 0 0 0 
2 3 3 0 0 0 0 0 
1 36 0 0 0 0 0 0
5x5
4 1 2 2 3 
3 2 2 2 0 
2 2 2 0 0 
2 3 3 0 0 
1 36 0 0 0
5x8
6 2 2 2 3 3 3 0 
7 1 2 2 1 3 3 1 
2 2 2 0 0 0 0 0 
2 3 3 0 0 0 0 0 
1 36 0 0 0 0 0 0
5x5
4 1 2 2 3 
4 2 3 3 1 
2 2 2 0 0 
2 3 3 0 0 
1 36 0 0 0
5x8
3 3 3 3 0 0 0 0 
3 2 2 2 0 0 0 0 
7 1 2 2 1 3 3 1 
2 2 2 0 0 0 0 0 
3 24 0 0 0 0 0 0
5x8
3 3 3 3 0 0 0 0 
3 2 2 2 0 0 0 0 
7 1 2 2 1 3 3 1 
2 3 3 0 0 0 0 0 
3 24 0 0 0 0 0 0
5x8
3 3 3 3 0 0 0 0 
3 2 2 2 0 0 0 0 
7 1 2 2 1 3 3 1 
6 2 2 1 3 3 1 0 
3 24 0 0 0 0 0 0
5x8
3 3 3 3 0 0 0 0 
3 2 2 2 0 0 0 0 
7 1 2 2 1 3 3 1 
4 2 2 3 3 0 0 0 
3 24 0 0 0 0 0 0
