#5
7x13
5 2 2 2 2 2 0 0 0 0 0 0 0 
12 1 1 1 2 1 1 2 1 1 2 2 1 
12 1 1 1 2 2 1 1 2 1 2 2 2 
8 1 1 2 1 2 2 1 2 0 0 0 0 
4 2 1 2 1 0 0 0 0 0 0 0 0 
6 1 1 2 1 2 1 0 0 0 0 0 0 
1 160 0 0 0 0 0 0 0 0 0 0 0
7x13
7 1 2 2 1 1 2 2 0 0 0 0 0 
12 1 1 1 2 1 1 2 1 1 2 2 1 
12 1 1 1 2 2 1 1 2 1 2 2 2 
8 1 1 2 1 2 2 1 2 0 0 0 0 
4 2 1 2 1 0 0 0 0 0 0 0 0 
6 1 1 2 1 2 1 0 0 0 0 0 0 
1 160 0 0 0 0 0 0 0 0 0 0 0
7x13
8 1 2 1 2 2 2 1 2 0 0 0 0 
12 1 1 1 2 1 1 2 1 1 2 2 1 
12 1 1 1 2 2 1 1 2 1 2 2 2 
8 1 1 2 1 2 2 1 2 0 0 0 0 
4 2 1 2 1 0 0 0 0 0 0 0 0 
6 1 1 2 1 2 1 0 0 0 0 0 0 
1 160 0 0 0 0 0 0 0 0 0 0 0
7x13
5 2 2 2 2 2 0 0 0 0 0 0 0 
7 1 2 2 1 1 2 2 0 0 0 0 0 
12 1 1 1 2 2 1 1 2 1 2 2 2 
8 1 1 2 1 2 2 1 2 0 0 0 0 
4 2 1 2 1 0 0 0 0 0 0 0 0 
6 1 1 2 1 2 1 0 0 0 0 0 0 
5 64 0 0 0 0 0 0 0 0 0 0 0
4x13
5 2 2 2 2 2 0 0 0 0 0 0 0 
7 1 2 2 1 1 2 2 0 0 0 0 0 
12 1 1 1 2 1 1 2 1 1 2 2 1 
16 20 0 0 0 0 0 0 0 0 0 0 0
