#9
6x10
1 3 0 0 0 0 0 0 0 0 
9 1 1 1 1 2 1 2 1 2 
6 1 1 2 1 2 1 0 0 0 
8 1 1 1 1 2 1 2 1 0 
8 1 1 1 1 2 1 1 2 0 
1 48 0 0 0 0 0 0 0 0
6x9
1 3 0 0 0 0 0 0 0 
3 1 1 1 0 0 0 0 0 
6 1 1 2 1 2 1 0 0 
8 1 1 1 1 2 1 2 1 
8 1 1 1 1 2 1 1 2 
1 48 0 0 0 0 0 0 0
6x9
1 3 0 0 0 0 0 0 0 
6 1 2 1 2 1 2 0 0 
6 1 1 2 1 2 1 0 0 
8 1 1 1 1 2 1 2 1 
8 1 1 1 1 2 1 1 2 
1 48 0 0 0 0 0 0 0
6x10
9 1 1 1 1 2 1 2 1 2 
3 1 1 1 0 0 0 0 0 0 
6 1 1 2 1 2 1 0 0 0 
8 1 1 1 1 2 1 2 1 0 
8 1 1 1 1 2 1 1 2 0 
1 48 0 0 0 0 0 0 0 0
6x10
4 1 1 1 3 0 0 0 0 0 
9 1 1 1 1 2 1 2 1 2 
6 1 1 2 1 2 1 0 0 0 
8 1 1 1 1 2 1 2 1 0 
8 1 1 1 1 2 1 1 2 0 
1 48 0 0 0 0 0 0 0 0
6x11
10 1 1 1 1 2 1 2 1 2 3 
3 1 1 1 0 0 0 0 0 0 0 
6 1 1 2 1 2 1 0 0 0 0 
8 1 1 1 1 2 1 2 1 0 0 
8 1 1 1 1 2 1 1 2 0 0 
1 48 0 0 0 0 0 0 0 0 0
6x9
4 1 1 1 3 0 0 0 0 
6 1 2 1 2 1 2 0 0 
6 1 1 2 1 2 1 0 0 
8 1 1 1 1 2 1 2 1 
8 1 1 1 1 2 1 1 2 
1 48 0 0 0 0 0 0 0
6x10
1 3 0 0 0 0 0 0 0 0 
9 1 1 1 1 2 1 2 1 2 
3 1 1 1 0 0 0 0 0 0 
8 1 1 1 1 2 1 2 1 0 
8 1 1 1 1 2 1 1 2 0 
1 32 0 0 0 0 0 0 0 0
5x10
1 3 0 0 0 0 0 0 0 0 
9 1 1 1 1 2 1 2 1 2 
3 1 1 1 0 0 0 0 0 0 
6 1 1 2 1 2 1 0 0 0 
4 24 0 0 0 0 0 0 0 0
