#6
6x12
11 2 1 2 2 2 1 2 2 2 2 2 
10 2 1 2 2 2 2 1 2 2 2 0 
8 2 1 2 2 2 2 1 2 0 0 0 
8 1 2 2 1 2 2 2 2 0 0 0 
8 1 2 2 2 1 2 2 2 0 0 0 
1 72 0 0 0 0 0 0 0 0 0 0
6x11
9 1 2 1 2 2 2 2 1 2 0 
10 2 1 2 2 2 2 1 2 2 2 
8 2 1 2 2 2 2 1 2 0 0 
8 1 2 2 1 2 2 2 2 0 0 
8 1 2 2 2 1 2 2 2 0 0 
1 72 0 0 0 0 0 0 0 0 0
6x11
6 1 2 1 2 1 2 0 0 0 0 
10 2 1 2 2 2 2 1 2 2 2 
8 2 1 2 2 2 2 1 2 0 0 
8 1 2 2 1 2 2 2 2 0 0 
8 1 2 2 2 1 2 2 2 0 0 
1 72 0 0 0 0 0 0 0 0 0
6x12
11 2 1 2 2 2 1 2 2 2 2 2 
9 1 2 1 2 2 2 2 1 2 0 0 
8 2 1 2 2 2 2 1 2 0 0 0 
8 1 2 2 1 2 2 2 2 0 0 0 
8 1 2 2 2 1 2 2 2 0 0 0 
1 48 0 0 0 0 0 0 0 0 0 0
5x12
11 2 1 2 2 2 1 2 2 2 2 2 
9 1 2 1 2 2 2 2 1 2 0 0 
10 2 1 2 2 2 2 1 2 2 2 0 
8 1 2 2 2 1 2 2 2 0 0 0 
4 36 0 0 0 0 0 0 0 0 0 0
6x12
11 2 1 2 2 2 1 2 2 2 2 2 
9 1 2 1 2 2 2 2 1 2 0 0 
10 2 1 2 2 2 2 1 2 2 2 0 
8 2 1 2 2 2 2 1 2 0 0 0 
8 1 2 2 1 2 2 2 2 0 0 0 
3 48 0 0 0 0 0 0 0 0 0 0
