#3
4x5
1 2 0 0 0 
2 1 1 0 0 
4 1 1 2 2 
1 8 0 0 0
4x5
1 1 0 0 0 
2 1 1 0 0 
4 1 1 2 2 
1 8 0 0 0
4x5
2 2 1 0 0 
2 1 1 0 0 
4 1 1 2 2 
1 8 0 0 0
#3 1 1 0
0 1 min.32 1 1 0
1 1 group.50 1 1 0
2 1 group.29 1 3 0
#3 1 1 1
0 1 min.32 1 1 0
1 1 group.50 1 1 6
2 1 group.29 1 3 0
#3 1 1 2
0 1 min.32 1 1 1
1 1 group.50 1 1 1
2 1 group.29 1 3 9
#3 1 1 3
0 1 min.32 1 1 1
1 1 group.50 1 1 7
2 1 group.29 1 3 9
#3 1 1 6
0 1 min.32 1 1 0
1 1 group.50 1 1 0
2 1 group.29 1 3 1
#3 1 1 7
0 1 min.32 1 1 0
1 1 group.50 1 1 6
2 1 group.29 1 3 1
#3 1 2 0
0 1 min.32 1 2 0
1 1 group.50 1 4 0
2 1 group.29 1 5 0
#3 1 2 1
0 1 min.32 1 2 1
1 1 group.50 1 4 2
2 1 group.29 1 5 17
#3 1 2 2
0 1 min.32 1 2 1
1 1 group.50 1 4 0
2 1 group.29 1 5 3
#3 1 2 3
0 1 min.32 1 2 0
1 1 group.50 1 4 2
2 1 group.29 1 5 3
#3 1 2 4
0 1 min.32 1 2 0
1 1 group.50 1 4 0
2 1 group.29 1 5 17
#3 1 2 5
0 1 min.32 1 2 1
1 1 group.50 1 4 2
2 1 group.29 1 5 0
#3 2 1 0
0 1 min.32 1 1 0
1 1 group.50 1 3 0
2 1 group.29 1 1 0
#3 2 1 1
0 1 min.32 1 1 1
1 1 group.50 1 3 2
2 1 group.29 1 1 60
#3 2 1 12
0 1 min.32 1 1 0
1 1 group.50 1 3 0
2 1 group.29 1 1 1
#3 2 1 13
0 1 min.32 1 1 1
1 1 group.50 1 3 2
2 1 group.29 1 1 61
#3 2 1 14
0 1 min.32 1 1 1
1 1 group.50 1 3 2
2 1 group.29 1 1 49
#3 2 1 15
0 1 min.32 1 1 0
1 1 group.50 1 3 0
2 1 group.29 1 1 13
#3 2 1 2
0 1 min.32 1 1 1
1 1 group.50 1 3 2
2 1 group.29 1 1 48
#3 2 1 3
0 1 min.32 1 1 0
1 1 group.50 1 3 0
2 1 group.29 1 1 12
#3 2 1 4
0 1 min.32 1 1 1
1 1 group.50 1 3 1
2 1 group.29 1 1 66
#3 2 1 5
0 1 min.32 1 1 3
1 1 group.50 1 3 3
2 1 group.29 1 1 126
#3 2 1 6
0 1 min.32 1 1 3
1 1 group.50 1 3 3
2 1 group.29 1 1 114
#3 2 1 7
0 1 min.32 1 1 1
1 1 group.50 1 3 1
2 1 group.29 1 1 78
#3 2 2 0
0 1 min.32 1 2 0
1 1 group.50 1 5 0
2 1 group.29 1 4 0
#3 2 2 1
0 1 min.32 1 2 1
1 1 group.50 1 5 1
2 1 group.29 1 4 4
#3 2 2 2
0 1 min.32 1 2 2
1 1 group.50 1 5 2
2 1 group.29 1 4 3
#3 2 3 0
0 1 min.32 1 3 0
1 1 group.50 1 6 0
2 1 group.29 1 6 0
#3 2 3 1
0 1 min.32 1 3 0
1 1 group.50 1 6 0
2 1 group.29 1 6 3
