#5
7x10
8 2 1 1 2 2 1 1 2 0 
6 2 1 2 1 2 2 0 0 0 
9 1 2 1 2 1 2 2 1 1 
5 1 2 2 1 1 0 0 0 0 
7 1 2 2 1 2 2 1 0 0 
9 1 2 2 1 2 2 1 2 2 
1 96 0 0 0 0 0 0 0 0
7x10
6 1 2 1 2 2 1 0 0 0 
6 2 1 2 1 2 2 0 0 0 
9 1 2 1 2 1 2 2 1 1 
5 1 2 2 1 1 0 0 0 0 
7 1 2 2 1 2 2 1 0 0 
9 1 2 2 1 2 2 1 2 2 
3 64 0 0 0 0 0 0 0 0
6x10
6 1 2 1 2 2 1 0 0 0 
8 2 1 1 2 2 1 1 2 0 
8 1 1 2 1 2 2 1 2 0 
4 1 2 1 2 0 0 0 0 0 
9 1 2 2 1 2 2 1 2 2 
4 48 0 0 0 0 0 0 0 0
6x10
6 1 2 1 2 2 1 0 0 0 
8 2 1 1 2 2 1 1 2 0 
5 1 2 2 1 1 0 0 0 0 
7 1 2 2 1 2 2 1 0 0 
9 1 2 2 1 2 2 1 2 2 
4 48 0 0 0 0 0 0 0 0
6x10
6 1 2 1 2 2 1 0 0 0 
8 2 1 1 2 2 1 1 2 0 
8 2 1 2 2 2 1 2 2 0 
6 2 1 1 2 1 1 0 0 0 
9 1 2 2 1 2 2 1 2 2 
4 48 0 0 0 0 0 0 0 0
#3 1 1 0
0 1 group.176 3 1 0
1 3 group.171 3 1 0
2 12 group.141 2 2 0
#4 1 1 1
0 1 group.176 3 1 0
1 3 group.171 3 1 1
2 8 group.141 2 2 3
3 4 group.141 2 2 4
#3 2 1 0
0 1 group.176 1 1 0
1 3 group.171 1 1 0
2 12 group.141 1 2 0
#4 2 1 1
0 1 group.176 1 1 1
1 3 group.171 1 1 7
2 8 group.141 1 2 1
3 4 group.141 1 2 3
#4 3 1 0
0 1 group.176 2 1 0
1 3 group.171 2 1 0
2 8 group.141 1 3 0
3 4 group.141 2 1 0
#4 3 1 1
0 1 group.176 2 1 0
1 3 group.171 2 1 3
2 8 group.141 1 3 1
3 4 group.141 2 1 7
