#8
5x10
9 1 2 1 2 3 1 3 1 3 
1 2 0 0 0 0 0 0 0 0 
4 1 2 1 2 0 0 0 0 0 
4 1 3 1 3 0 0 0 0 0 
1 24 0 0 0 0 0 0 0 0
5x10
9 1 2 1 2 3 1 3 1 3 
1 1 0 0 0 0 0 0 0 0 
4 1 2 1 2 0 0 0 0 0 
4 1 3 1 3 0 0 0 0 0 
1 24 0 0 0 0 0 0 0 0
5x10
9 1 2 1 2 3 1 3 1 3 
2 2 1 0 0 0 0 0 0 0 
4 1 2 1 2 0 0 0 0 0 
4 1 3 1 3 0 0 0 0 0 
1 24 0 0 0 0 0 0 0 0
5x5
1 2 0 0 0 
1 1 0 0 0 
4 1 2 1 2 
4 1 3 1 3 
1 24 0 0 0
5x9
8 2 1 2 3 1 3 1 3 
1 2 0 0 0 0 0 0 0 
4 1 2 1 2 0 0 0 0 
4 1 3 1 3 0 0 0 0 
1 24 0 0 0 0 0 0 0
5x7
6 2 3 1 3 1 3 
1 1 0 0 0 0 0 
4 1 2 1 2 0 0 
4 1 3 1 3 0 0 
1 24 0 0 0 0 0
5x9
8 2 1 2 3 1 3 1 3 
2 2 1 0 0 0 0 0 0 
4 1 2 1 2 0 0 0 0 
4 1 3 1 3 0 0 0 0 
1 24 0 0 0 0 0 0 0
5x10
9 1 2 1 2 3 1 3 1 3 
1 2 0 0 0 0 0 0 0 0 
1 1 0 0 0 0 0 0 0 0 
4 1 2 1 2 0 0 0 0 0 
3 16 0 0 0 0 0 0 0 0
