PS 0
1.0000000000000000000
0
0
0
PS 1
0
0
0
0
PS 2
-0.5000000000000000000
0
0
0
PS 3
0.3333333333333333148
1.8503717077085941313e-17
0
0
PS 4
-0.12500000000000000000
0
0
0
PS 5
0.03333333333333333287
4.625929269271485521e-19
0
0
PS 6
-0.006944444444444444059
-3.854941057726237774e-19
0
0
PS 7
0.0011904761904761905836
-1.0738764375094520475e-19
0
0
PS 8
-0.00017361111111111111774
6.625679942966971324e-21
0
0
PS 9
2.2045855379188714009e-5
-1.4867146192371776648e-21
0
0
PS 10
-2.480158730158730157e-6
-2.1511947866775881608e-24
0
0
PS 11
2.505210838544171758e-7
1.1981638892337766303e-23
0
0
PS 12
-2.2964432686654910205e-8
1.3280795650245859229e-24
0
0
PS 13
1.927085260418593704e-9
4.762595849589671153e-26
0
0
PS 14
-1.4911969277048642990e-10
8.623893279380427754e-27
0
0
PS 15
1.0706029224547742766e-11
3.004905946192624507e-28
0
0
PS 16
-7.169215998581077817e-13
-1.2909695470519215890e-29
0
0
PS 17
4.498331606952832957e-14
2.6414148369378292159e-30
0
0
PS 18
-2.6552651846596585180e-15
1.9385575368755759074e-32
0
0
PS 19
1.4797143443923793400e-16
9.040530305091900585e-34
0
0
END
