#8
5x7
5 2 3 3 3 2 0 
1 1 0 0 0 0 0 
6 3 3 3 3 3 3 
6 2 3 3 3 3 2 
1 24 0 0 0 0 0
5x7
5 2 3 3 3 2 0 
1 2 0 0 0 0 0 
6 3 3 3 3 3 3 
6 2 3 3 3 3 2 
1 24 0 0 0 0 0
5x7
5 2 3 3 3 2 0 
2 1 2 0 0 0 0 
6 3 3 3 3 3 3 
6 2 3 3 3 3 2 
1 24 0 0 0 0 0
5x7
1 1 0 0 0 0 0 
1 2 0 0 0 0 0 
6 3 3 3 3 3 3 
6 2 3 3 3 3 2 
1 24 0 0 0 0 0
5x7
4 2 3 3 3 0 0 
1 1 0 0 0 0 0 
6 3 3 3 3 3 3 
6 2 3 3 3 3 2 
1 24 0 0 0 0 0
5x7
6 1 2 3 3 3 2 
1 2 0 0 0 0 0 
6 3 3 3 3 3 3 
6 2 3 3 3 3 2 
1 24 0 0 0 0 0
5x7
4 2 3 3 3 0 0 
2 1 2 0 0 0 0 
6 3 3 3 3 3 3 
6 2 3 3 3 3 2 
1 24 0 0 0 0 0
5x7
5 2 3 3 3 2 0 
1 1 0 0 0 0 0 
1 2 0 0 0 0 0 
6 3 3 3 3 3 3 
3 16 0 0 0 0 0
