#7
6x6
1 3 0 0 0 0 
5 1 3 1 3 1 
4 3 1 3 1 0 
4 1 2 1 2 0 
4 2 3 2 3 0 
1 32 0 0 0 0
6x6
1 3 0 0 0 0 
5 2 3 1 3 1 
4 3 1 3 1 0 
4 1 2 1 2 0 
4 2 3 2 3 0 
1 32 0 0 0 0
6x5
1 3 0 0 0 
2 1 2 0 0 
4 3 1 3 1 
4 1 2 1 2 
4 2 3 2 3 
1 32 0 0 0
6x6
5 1 3 1 3 1 
5 2 3 1 3 1 
4 3 1 3 1 0 
4 1 2 1 2 0 
4 2 3 2 3 0 
1 32 0 0 0 0
6x7
6 2 1 2 3 2 1 
5 1 3 1 3 1 0 
4 3 1 3 1 0 0 
4 1 2 1 2 0 0 
4 2 3 2 3 0 0 
1 32 0 0 0 0 0
6x6
4 1 2 3 2 0 
5 2 3 1 3 1 
4 3 1 3 1 0 
4 1 2 1 2 0 
4 2 3 2 3 0 
1 32 0 0 0 0
6x7
6 2 1 2 3 2 1 
2 1 2 0 0 0 0 
4 3 1 3 1 0 0 
4 1 2 1 2 0 0 
4 2 3 2 3 0 0 
1 32 0 0 0 0 0
