#8
6x9
3 3 3 3 0 0 0 0 0 
6 2 2 3 2 2 3 0 0 
2 1 1 0 0 0 0 0 0 
2 2 2 0 0 0 0 0 0 
8 2 2 2 3 2 2 2 3 
1 72 0 0 0 0 0 0 0
6x9
5 2 2 2 3 3 0 0 0 
6 2 2 3 2 2 3 0 0 
2 1 1 0 0 0 0 0 0 
2 2 2 0 0 0 0 0 0 
8 2 2 2 3 2 2 2 3 
1 72 0 0 0 0 0 0 0
6x9
2 3 2 0 0 0 0 0 0 
6 2 2 3 2 2 3 0 0 
2 1 1 0 0 0 0 0 0 
2 2 2 0 0 0 0 0 0 
8 2 2 2 3 2 2 2 3 
1 72 0 0 0 0 0 0 0
6x9
3 3 3 3 0 0 0 0 0 
5 2 2 2 3 3 0 0 0 
6 2 2 3 2 2 3 0 0 
2 2 2 0 0 0 0 0 0 
8 2 2 2 3 2 2 2 3 
3 48 0 0 0 0 0 0 0
6x9
3 3 3 3 0 0 0 0 0 
5 2 2 2 3 3 0 0 0 
2 1 1 0 0 0 0 0 0 
2 2 2 0 0 0 0 0 0 
8 2 2 2 3 2 2 2 3 
3 48 0 0 0 0 0 0 0
6x9
3 3 3 3 0 0 0 0 0 
5 2 2 2 3 3 0 0 0 
7 1 2 2 3 2 2 3 0 
2 2 2 0 0 0 0 0 0 
8 2 2 2 3 2 2 2 3 
3 48 0 0 0 0 0 0 0
6x9
3 3 3 3 0 0 0 0 0 
5 2 2 2 3 3 0 0 0 
8 1 1 2 2 3 2 2 3 
2 2 2 0 0 0 0 0 0 
8 2 2 2 3 2 2 2 3 
3 48 0 0 0 0 0 0 0
5x7
3 3 3 3 0 0 0 
5 2 2 2 3 3 0 
6 2 2 3 2 2 3 
2 1 1 0 0 0 0 
4 36 0 0 0 0 0
