#6
6x10
7 2 1 2 1 1 2 2 0 0 
1 1 0 0 0 0 0 0 0 0 
9 1 2 2 1 2 1 2 2 2 
9 1 2 2 1 1 2 2 2 2 
9 1 2 1 2 1 2 2 2 2 
1 72 0 0 0 0 0 0 0 0
6x10
3 2 2 2 0 0 0 0 0 0 
7 2 1 2 1 1 2 2 0 0 
9 1 2 2 1 2 1 2 2 2 
9 1 2 2 1 1 2 2 2 2 
9 1 2 1 2 1 2 2 2 2 
1 48 0 0 0 0 0 0 0 0
6x10
3 2 2 2 0 0 0 0 0 0 
1 1 0 0 0 0 0 0 0 0 
9 1 2 2 1 2 1 2 2 2 
9 1 2 2 1 1 2 2 2 2 
9 1 2 1 2 1 2 2 2 2 
1 48 0 0 0 0 0 0 0 0
6x10
3 2 2 2 0 0 0 0 0 0 
9 1 1 2 1 2 1 1 2 2 
9 1 2 2 1 2 1 2 2 2 
9 1 2 2 1 1 2 2 2 2 
9 1 2 1 2 1 2 2 2 2 
1 48 0 0 0 0 0 0 0 0
6x10
3 2 2 2 0 0 0 0 0 0 
8 1 2 1 2 1 1 2 2 0 
9 1 2 2 1 2 1 2 2 2 
9 1 2 2 1 1 2 2 2 2 
9 1 2 1 2 1 2 2 2 2 
1 48 0 0 0 0 0 0 0 0
5x10
3 2 2 2 0 0 0 0 0 0 
7 2 1 2 1 1 2 2 0 0 
1 1 0 0 0 0 0 0 0 0 
9 1 2 1 2 1 2 2 2 2 
4 36 0 0 0 0 0 0 0 0
