#6
7x11
10 1 2 1 2 2 1 2 2 2 2 
9 1 2 1 2 2 1 2 2 2 0 
9 1 1 2 1 1 2 1 2 1 0 
9 2 1 2 1 1 2 2 2 2 0 
9 1 2 2 1 1 2 2 2 2 0 
3 2 2 2 0 0 0 0 0 0 0 
1 96 0 0 0 0 0 0 0 0 0
7x10
1 1 0 0 0 0 0 0 0 0 
9 1 2 1 2 2 1 2 2 2 
9 1 1 2 1 1 2 1 2 1 
9 2 1 2 1 1 2 2 2 2 
9 1 2 2 1 1 2 2 2 2 
3 2 2 2 0 0 0 0 0 0 
1 96 0 0 0 0 0 0 0 0
7x10
9 2 1 2 2 1 2 2 2 2 
9 1 2 1 2 2 1 2 2 2 
9 1 1 2 1 1 2 1 2 1 
9 2 1 2 1 1 2 2 2 2 
9 1 2 2 1 1 2 2 2 2 
3 2 2 2 0 0 0 0 0 0 
1 96 0 0 0 0 0 0 0 0
7x12
11 1 1 2 1 2 2 1 2 2 2 2 
9 1 2 1 2 2 1 2 2 2 0 0 
9 1 1 2 1 1 2 1 2 1 0 0 
9 2 1 2 1 1 2 2 2 2 0 0 
9 1 2 2 1 1 2 2 2 2 0 0 
3 2 2 2 0 0 0 0 0 0 0 0 
1 96 0 0 0 0 0 0 0 0 0 0
6x13
10 1 2 1 2 2 1 2 2 2 2 0 0 
1 1 0 0 0 0 0 0 0 0 0 0 0 
12 1 1 2 1 2 1 2 1 1 2 2 2 
6 1 2 1 2 1 2 0 0 0 0 0 0 
3 2 2 2 0 0 0 0 0 0 0 0 0 
4 72 0 0 0 0 0 0 0 0 0 0 0
6x13
10 1 2 1 2 2 1 2 2 2 2 0 0 
1 1 0 0 0 0 0 0 0 0 0 0 0 
12 1 1 2 1 1 2 1 1 2 2 2 2 
12 1 1 2 1 2 1 2 1 2 2 1 2 
3 2 2 2 0 0 0 0 0 0 0 0 0 
4 72 0 0 0 0 0 0 0 0 0 0 0
#4 1 1 0
0 1 group.176 3 1 0
1 1 group.176 1 1 0
2 2 group.178 1 1 0
4 8 group.175 1 1 0
