#9
6x8
7 1 2 2 1 3 2 2 
3 2 2 2 0 0 0 0 
6 2 1 3 2 1 3 0 
6 2 2 3 1 3 1 0 
2 2 2 0 0 0 0 0 
1 72 0 0 0 0 0 0
6x8
7 1 2 2 1 3 2 2 
5 1 2 3 2 3 0 0 
6 2 1 3 2 1 3 0 
6 2 2 3 1 3 1 0 
2 2 2 0 0 0 0 0 
1 72 0 0 0 0 0 0
6x8
7 1 2 2 1 3 2 2 
6 2 2 1 3 2 3 0 
6 2 1 3 2 1 3 0 
6 2 2 3 1 3 1 0 
2 2 2 0 0 0 0 0 
1 72 0 0 0 0 0 0
6x7
3 2 2 2 0 0 0 
5 1 2 3 2 3 0 
6 2 1 3 2 1 3 
6 2 2 3 1 3 1 
2 2 2 0 0 0 0 
1 72 0 0 0 0 0
6x7
6 2 2 2 3 2 1 
3 2 2 2 0 0 0 
6 2 1 3 2 1 3 
6 2 2 3 1 3 1 
2 2 2 0 0 0 0 
1 72 0 0 0 0 0
6x7
6 2 2 1 3 1 2 
5 1 2 3 2 3 0 
6 2 1 3 2 1 3 
6 2 2 3 1 3 1 
2 2 2 0 0 0 0 
1 72 0 0 0 0 0
6x7
6 2 2 2 3 2 1 
6 2 2 1 3 2 3 
6 2 1 3 2 1 3 
6 2 2 3 1 3 1 
2 2 2 0 0 0 0 
1 72 0 0 0 0 0
6x9
7 1 2 2 1 3 2 2 0 
3 2 2 2 0 0 0 0 0 
5 1 2 3 2 3 0 0 0 
6 2 1 3 2 1 3 0 0 
8 1 2 2 1 3 1 3 1 
3 48 0 0 0 0 0 0 0
6x8
7 1 2 2 1 3 2 2 
3 2 2 2 0 0 0 0 
5 1 2 3 2 3 0 0 
6 2 1 3 2 1 3 0 
4 3 1 3 1 0 0 0 
3 48 0 0 0 0 0 0
