#5
8x13
3 2 2 2 0 0 0 0 0 0 0 0 0 
8 1 1 2 1 1 2 1 1 0 0 0 0 
8 1 1 2 1 1 1 2 1 0 0 0 0 
8 1 2 1 1 1 2 1 1 0 0 0 0 
2 1 1 0 0 0 0 0 0 0 0 0 0 
12 1 2 1 1 2 1 1 1 2 1 1 2 
8 1 2 1 2 1 2 1 2 0 0 0 0 
1 192 0 0 0 0 0 0 0 0 0 0 0
8x13
9 1 2 2 2 1 2 1 2 2 0 0 0 
8 1 1 2 1 1 2 1 1 0 0 0 0 
8 1 1 2 1 1 1 2 1 0 0 0 0 
8 1 2 1 1 1 2 1 1 0 0 0 0 
2 1 1 0 0 0 0 0 0 0 0 0 0 
12 1 2 1 1 2 1 1 1 2 1 1 2 
8 1 2 1 2 1 2 1 2 0 0 0 0 
1 192 0 0 0 0 0 0 0 0 0 0 0
8x13
10 2 1 1 1 2 1 2 1 2 2 0 0 
8 1 1 2 1 1 2 1 1 0 0 0 0 
8 1 1 2 1 1 1 2 1 0 0 0 0 
8 1 2 1 1 1 2 1 1 0 0 0 0 
2 1 1 0 0 0 0 0 0 0 0 0 0 
12 1 2 1 1 2 1 1 1 2 1 1 2 
8 1 2 1 2 1 2 1 2 0 0 0 0 
1 192 0 0 0 0 0 0 0 0 0 0 0
8x13
3 2 2 2 0 0 0 0 0 0 0 0 0 
9 1 2 2 2 1 2 1 2 2 0 0 0 
8 1 1 2 1 1 1 2 1 0 0 0 0 
8 1 2 1 1 1 2 1 1 0 0 0 0 
2 1 1 0 0 0 0 0 0 0 0 0 0 
12 1 2 1 1 2 1 1 1 2 1 1 2 
8 1 2 1 2 1 2 1 2 0 0 0 0 
3 128 0 0 0 0 0 0 0 0 0 0 0
7x10
3 2 2 2 0 0 0 0 0 0 
9 1 2 2 2 1 2 1 2 2 
8 1 1 2 1 1 2 1 1 0 
8 1 1 2 1 1 1 2 1 0 
8 1 2 1 1 1 2 1 1 0 
8 1 2 1 2 1 2 1 2 0 
4 96 0 0 0 0 0 0 0 0
