#8
5x13
7 1 3 1 3 1 3 1 0 0 0 0 0 
1 1 0 0 0 0 0 0 0 0 0 0 0 
12 1 3 1 3 1 3 1 3 1 3 1 3 
8 3 1 3 1 3 1 3 1 0 0 0 0 
1 24 0 0 0 0 0 0 0 0 0 0 0
5x13
7 1 3 1 3 1 3 1 0 0 0 0 0 
1 2 0 0 0 0 0 0 0 0 0 0 0 
12 1 3 1 3 1 3 1 3 1 3 1 3 
8 3 1 3 1 3 1 3 1 0 0 0 0 
1 24 0 0 0 0 0 0 0 0 0 0 0
5x13
7 1 3 1 3 1 3 1 0 0 0 0 0 
2 1 2 0 0 0 0 0 0 0 0 0 0 
12 1 3 1 3 1 3 1 3 1 3 1 3 
8 3 1 3 1 3 1 3 1 0 0 0 0 
1 24 0 0 0 0 0 0 0 0 0 0 0
5x13
1 1 0 0 0 0 0 0 0 0 0 0 0 
1 2 0 0 0 0 0 0 0 0 0 0 0 
12 1 3 1 3 1 3 1 3 1 3 1 3 
8 3 1 3 1 3 1 3 1 0 0 0 0 
1 24 0 0 0 0 0 0 0 0 0 0 0
5x13
8 1 2 3 1 3 1 3 1 0 0 0 0 
1 1 0 0 0 0 0 0 0 0 0 0 0 
12 1 3 1 3 1 3 1 3 1 3 1 3 
8 3 1 3 1 3 1 3 1 0 0 0 0 
1 24 0 0 0 0 0 0 0 0 0 0 0
5x13
6 1 3 1 3 1 3 0 0 0 0 0 0 
1 2 0 0 0 0 0 0 0 0 0 0 0 
12 1 3 1 3 1 3 1 3 1 3 1 3 
8 3 1 3 1 3 1 3 1 0 0 0 0 
1 24 0 0 0 0 0 0 0 0 0 0 0
5x13
8 1 2 3 1 3 1 3 1 0 0 0 0 
2 1 2 0 0 0 0 0 0 0 0 0 0 
12 1 3 1 3 1 3 1 3 1 3 1 3 
8 3 1 3 1 3 1 3 1 0 0 0 0 
1 24 0 0 0 0 0 0 0 0 0 0 0
5x13
7 1 3 1 3 1 3 1 0 0 0 0 0 
1 1 0 0 0 0 0 0 0 0 0 0 0 
1 2 0 0 0 0 0 0 0 0 0 0 0 
12 1 3 1 3 1 3 1 3 1 3 1 3 
3 16 0 0 0 0 0 0 0 0 0 0 0
