#8
5x6
1 3 0 0 0 0 
5 2 1 2 1 2 
2 3 3 0 0 0 
4 1 2 1 2 0 
1 24 0 0 0 0
5x5
1 3 0 0 0 
1 1 0 0 0 
2 3 3 0 0 
4 1 2 1 2 
1 24 0 0 0
5x7
1 3 0 0 0 0 0 
6 1 2 1 2 1 2 
2 3 3 0 0 0 0 
4 1 2 1 2 0 0 
1 24 0 0 0 0 0
5x6
5 2 1 2 1 2 
1 1 0 0 0 0 
2 3 3 0 0 0 
4 1 2 1 2 0 
1 24 0 0 0 0
5x6
2 1 3 0 0 0 
5 2 1 2 1 2 
2 3 3 0 0 0 
4 1 2 1 2 0 
1 24 0 0 0 0
5x7
6 2 1 2 1 2 3 
1 1 0 0 0 0 0 
2 3 3 0 0 0 0 
4 1 2 1 2 0 0 
1 24 0 0 0 0 0
5x7
2 1 3 0 0 0 0 
6 1 2 1 2 1 2 
2 3 3 0 0 0 0 
4 1 2 1 2 0 0 
1 24 0 0 0 0 0
5x6
1 3 0 0 0 0 
5 2 1 2 1 2 
1 1 0 0 0 0 
2 3 3 0 0 0 
3 16 0 0 0 0
