#11
5x9
8 2 1 2 1 2 3 3 3 
5 2 1 2 1 2 0 0 0 
2 3 3 0 0 0 0 0 0 
4 1 2 1 2 0 0 0 0 
1 36 0 0 0 0 0 0 0
5x9
8 2 1 2 1 2 3 3 3 
1 1 0 0 0 0 0 0 0 
2 3 3 0 0 0 0 0 0 
4 1 2 1 2 0 0 0 0 
1 36 0 0 0 0 0 0 0
5x9
8 2 1 2 1 2 3 3 3 
6 1 2 1 2 1 2 0 0 
2 3 3 0 0 0 0 0 0 
4 1 2 1 2 0 0 0 0 
1 36 0 0 0 0 0 0 0
5x6
5 2 1 2 1 2 
1 1 0 0 0 0 
2 3 3 0 0 0 
4 1 2 1 2 0 
1 36 0 0 0 0
5x10
9 1 2 1 2 1 2 3 3 3 
5 2 1 2 1 2 0 0 0 0 
2 3 3 0 0 0 0 0 0 0 
4 1 2 1 2 0 0 0 0 0 
1 36 0 0 0 0 0 0 0 0
5x5
3 3 3 3 0 
1 1 0 0 0 
2 3 3 0 0 
4 1 2 1 2 
1 36 0 0 0
5x10
9 1 2 1 2 1 2 3 3 3 
6 1 2 1 2 1 2 0 0 0 
2 3 3 0 0 0 0 0 0 0 
4 1 2 1 2 0 0 0 0 0 
1 36 0 0 0 0 0 0 0 0
5x9
8 2 1 2 1 2 3 3 3 
5 2 1 2 1 2 0 0 0 
1 1 0 0 0 0 0 0 0 
2 3 3 0 0 0 0 0 0 
3 24 0 0 0 0 0 0 0
5x9
8 2 1 2 1 2 3 3 3 
5 2 1 2 1 2 0 0 0 
1 1 0 0 0 0 0 0 0 
4 1 2 1 2 0 0 0 0 
3 24 0 0 0 0 0 0 0
5x9
8 2 1 2 1 2 3 3 3 
5 2 1 2 1 2 0 0 0 
1 1 0 0 0 0 0 0 0 
6 2 1 2 1 3 3 0 0 
3 24 0 0 0 0 0 0 0
5x9
8 2 1 2 1 2 3 3 3 
5 2 1 2 1 2 0 0 0 
1 1 0 0 0 0 0 0 0 
6 1 2 1 2 3 3 0 0 
3 24 0 0 0 0 0 0 0
