#4
4x12
6 2 1 2 1 2 1 0 0 0 0 0 
5 1 1 2 1 2 0 0 0 0 0 0 
11 2 1 1 2 1 1 2 1 2 1 2 
10 12 0 0 0 0 0 0 0 0 0 0
4x13
6 1 2 2 2 1 2 0 0 0 0 0 0 
12 1 1 2 1 1 2 1 2 1 2 1 1 
8 1 2 1 2 1 2 1 1 0 0 0 0 
6 20 0 0 0 0 0 0 0 0 0 0 0
5x10
9 1 2 1 2 1 2 1 1 2 
3 1 2 2 0 0 0 0 0 0 
8 1 2 1 1 2 1 2 2 0 
6 2 1 2 1 2 1 0 0 0 
5 24 0 0 0 0 0 0 0 0
3x9
6 2 1 2 2 2 1 0 0 
8 1 1 2 1 2 1 2 2 
1 60 0 0 0 0 0 0 0
#4 1 1 0
0 10 group.77 1 4 0
1 6 min.55 3 1 0
2 5 group.137 1 3 0
3 1 min.56 1 1 0
#4 1 1 1
0 10 group.77 1 4 1
1 6 min.55 3 1 0
2 5 group.137 1 3 1
3 1 min.56 1 1 1
#4 2 1 0
0 10 group.77 1 4 0
1 6 min.55 4 1 0
2 5 group.137 1 3 0
3 1 min.56 2 1 0
#4 2 1 1
0 10 group.77 1 4 1
1 6 min.55 4 1 0
2 5 group.137 1 3 1
3 1 min.56 2 1 1
