11x16	% 
 1  1  4  4 6 12 12 16 16 16 16 16 16 16 16 24
 1  2  2  2 2  2  4  3  3  6  6  6  6  6  6  4
 5 -3 -3  1 1  1  1  2  2 -2 -2  0  0  0  0 -1
 5  5  5  5 5  5 -3  2  2  2  2  2  2  2  2  1
 5 -3 -3  1 1  1  1  5  5  1  1 -3 -3 -3 -3 -1
 0  4  4  2 2  2  4  2  2  4  4  4  4  4  4  4
 5  1  1  3 3  3  5  5  5  3  3  3  3  3  3  3
 0  4  4  2 2  2  4  2  2  4  4  4  4  4  4  4
 5  1  1  3 3  3  5  5  5  3  3  3  3  3  3  3
 1  1 -1 -1 1  1  1  1  1 -1 -1 -1 -1  1  1 -1
 4 -4 -2  2 0  0  0  1  1 -1 -1  1  1 -1 -1  0
