#7
6x5
1 3 0 0 0 
1 1 0 0 0 
4 1 3 1 3 
4 1 2 1 2 
4 2 3 2 3 
1 32 0 0 0
6x5
1 3 0 0 0 
1 2 0 0 0 
4 1 3 1 3 
4 1 2 1 2 
4 2 3 2 3 
1 32 0 0 0
6x5
1 3 0 0 0 
2 1 2 0 0 
4 1 3 1 3 
4 1 2 1 2 
4 2 3 2 3 
1 32 0 0 0
6x5
1 1 0 0 0 
1 2 0 0 0 
4 1 3 1 3 
4 1 2 1 2 
4 2 3 2 3 
1 32 0 0 0
6x5
2 3 2 0 0 
1 1 0 0 0 
4 1 3 1 3 
4 1 2 1 2 
4 2 3 2 3 
1 32 0 0 0
6x5
2 3 1 0 0 
1 2 0 0 0 
4 1 3 1 3 
4 1 2 1 2 
4 2 3 2 3 
1 32 0 0 0
6x5
2 3 2 0 0 
2 1 2 0 0 
4 1 3 1 3 
4 1 2 1 2 
4 2 3 2 3 
1 32 0 0 0
#3 1 1 0
0 3 group.56 1 2 0
1 1 group.161 1 1 0
2 3 min.47 3 1 0
#5 1 1 1
0 2 group.56 1 2 2
1 1 group.161 1 1 1
2 2 min.47 3 1 1
3 1 group.56 1 2 1
5 1 min.47 3 1 5
#5 1 1 2
0 1 group.56 1 2 0
1 1 group.161 1 1 2
2 1 min.47 3 1 0
3 2 group.56 1 2 4
5 2 min.47 3 1 2
#7 1 1 3
0 1 group.56 1 2 2
1 1 group.161 1 1 6
2 1 min.47 3 1 1
3 1 group.56 1 2 5
4 1 group.56 1 2 6
5 1 min.47 3 1 7
6 1 min.47 3 1 3
#5 1 1 7
0 1 group.56 1 2 1
1 1 group.161 1 1 30
2 1 min.47 3 1 5
3 2 group.56 1 2 6
5 2 min.47 3 1 3
#5 2 1 0
0 2 group.56 1 3 0
1 1 group.161 2 1 0
2 2 min.47 5 1 0
4 1 group.56 3 1 0
6 1 min.47 4 1 0
#5 2 1 1
0 2 group.56 1 3 1
1 1 group.161 2 1 1
2 2 min.47 5 1 0
4 1 group.56 3 1 15
6 1 min.47 4 1 3
#5 2 1 2
0 2 group.56 1 3 0
1 1 group.161 2 1 1
2 2 min.47 5 1 1
4 1 group.56 3 1 12
6 1 min.47 4 1 3
#5 2 1 3
0 2 group.56 1 3 1
1 1 group.161 2 1 0
2 2 min.47 5 1 1
4 1 group.56 3 1 3
6 1 min.47 4 1 0
#3 3 1 0
0 3 group.56 3 2 0
1 1 group.161 1 1 0
2 3 min.47 1 1 0
#5 3 1 1
0 2 group.56 3 2 18
1 1 group.161 1 1 0
2 2 min.47 1 1 2
4 1 group.56 3 2 1
6 1 min.47 1 1 4
#5 3 1 10
0 2 group.56 3 2 0
1 1 group.161 1 1 1
2 2 min.47 1 1 2
4 1 group.56 3 2 8
6 1 min.47 1 1 1
#5 3 1 13
0 1 group.56 3 2 1
1 1 group.161 1 1 2
2 1 min.47 1 1 0
3 2 group.56 3 2 26
5 2 min.47 1 1 1
#7 3 1 2
0 1 group.56 3 2 18
1 1 group.161 1 1 1
2 1 min.47 1 1 0
3 1 group.56 3 2 1
4 1 group.56 3 2 26
5 1 min.47 1 1 2
6 1 min.47 1 1 3
#3 3 1 20
0 3 group.56 3 2 8
1 1 group.161 1 1 30
2 3 min.47 1 1 5
#5 3 1 21
0 2 group.56 3 2 26
1 1 group.161 1 1 30
2 2 min.47 1 1 3
4 1 group.56 3 2 9
6 1 min.47 1 1 1
#5 3 1 4
0 1 group.56 3 2 0
1 1 group.161 1 1 2
2 1 min.47 1 1 4
3 2 group.56 3 2 8
5 2 min.47 1 1 3
#7 3 1 5
0 1 group.56 3 2 18
1 1 group.161 1 1 2
2 1 min.47 1 1 2
3 1 group.56 3 2 26
4 1 group.56 3 2 9
5 1 min.47 1 1 5
6 1 min.47 1 1 3
#5 3 1 6
0 2 group.56 3 2 18
1 1 group.161 1 1 1
2 2 min.47 1 1 4
3 1 group.56 3 2 9
5 1 min.47 1 1 5
#3 4 1 0
0 3 group.56 1 1 0
1 1 group.161 2 1 0
2 3 min.47 2 1 0
#5 4 1 1
0 2 group.56 1 1 28
1 1 group.161 2 1 1
2 2 min.47 2 1 1
3 1 group.56 1 1 13
5 1 min.47 2 1 2
#5 4 1 2
0 2 group.56 1 1 17
1 1 group.161 2 1 1
2 2 min.47 2 1 1
4 1 group.56 1 1 62
6 1 min.47 2 1 2
#3 4 1 7
0 3 group.56 1 1 51
1 1 group.161 2 1 0
2 3 min.47 2 1 0
