#6
5x11
9 1 2 1 2 1 2 1 2 2 0 
10 1 2 1 2 1 2 1 2 1 2 
8 1 2 1 2 1 2 2 1 0 0 
8 1 2 2 1 2 1 2 2 0 0 
10 24 0 0 0 0 0 0 0 0 0
5x12
10 1 2 1 2 1 2 1 2 1 2 0 
10 2 2 2 1 2 1 2 1 2 1 0 
8 1 2 2 1 2 1 2 2 0 0 0 
11 1 2 1 2 1 2 2 2 1 2 2 
6 40 0 0 0 0 0 0 0 0 0 0
6x15
8 1 2 2 1 2 1 2 2 0 0 0 0 0 0 
10 1 2 1 2 1 2 1 2 1 2 0 0 0 0 
14 2 1 2 1 2 1 2 2 2 1 2 2 1 2 
6 2 2 2 1 2 1 0 0 0 0 0 0 0 0 
11 2 1 2 1 2 2 2 1 2 2 1 0 0 0 
5 48 0 0 0 0 0 0 0 0 0 0 0 0 0
5x12
6 1 2 2 1 2 2 0 0 0 0 0 
6 2 2 1 2 1 2 0 0 0 0 0 
10 1 2 2 1 2 1 2 1 2 2 0 
11 2 1 2 1 2 2 2 1 2 2 1 
1 120 0 0 0 0 0 0 0 0 0 0
5x11
6 1 2 2 1 2 2 0 0 0 0 
6 2 2 1 2 1 2 0 0 0 0 
10 1 2 2 1 2 1 2 1 2 2 
8 1 2 2 1 2 1 2 2 0 0 
1 120 0 0 0 0 0 0 0 0 0
5x12
6 1 2 2 1 2 2 0 0 0 0 0 
6 2 2 1 2 1 2 0 0 0 0 0 
10 1 2 2 1 2 1 2 1 2 2 0 
11 1 2 1 2 2 1 2 1 2 2 1 
1 120 0 0 0 0 0 0 0 0 0 0
