#5
6x11
8 1 1 1 2 1 2 1 2 0 0 
4 2 2 2 2 0 0 0 0 0 0 
2 1 1 0 0 0 0 0 0 0 0 
10 1 1 1 2 1 2 2 2 2 2 
10 1 1 2 1 2 1 2 2 2 2 
1 48 0 0 0 0 0 0 0 0 0
6x12
11 1 1 1 2 1 2 1 2 2 2 2 
4 2 2 2 2 0 0 0 0 0 0 0 
2 1 1 0 0 0 0 0 0 0 0 0 
10 1 1 1 2 1 2 2 2 2 2 0 
10 1 1 2 1 2 1 2 2 2 2 0 
1 48 0 0 0 0 0 0 0 0 0 0
6x11
5 1 1 2 2 2 0 0 0 0 0 
4 2 2 2 2 0 0 0 0 0 0 
2 1 1 0 0 0 0 0 0 0 0 
10 1 1 1 2 1 2 2 2 2 2 
10 1 1 2 1 2 1 2 2 2 2 
1 48 0 0 0 0 0 0 0 0 0
6x12
8 1 1 1 2 1 2 1 2 0 0 0 
11 1 1 1 2 1 2 1 2 2 2 2 
2 1 1 0 0 0 0 0 0 0 0 0 
10 1 1 1 2 1 2 2 2 2 2 0 
10 1 1 2 1 2 1 2 2 2 2 0 
1 32 0 0 0 0 0 0 0 0 0 0
5x12
8 1 1 1 2 1 2 1 2 0 0 0 
11 1 1 1 2 1 2 1 2 2 2 2 
4 2 2 2 2 0 0 0 0 0 0 0 
2 1 1 0 0 0 0 0 0 0 0 0 
4 24 0 0 0 0 0 0 0 0 0 0
