#9
6x8
3 3 3 3 0 0 0 0 
7 1 1 2 1 2 1 2 
2 1 1 0 0 0 0 0 
6 1 2 1 2 3 3 0 
4 2 1 2 1 0 0 0 
1 72 0 0 0 0 0 0
6x7
3 3 3 3 0 0 0 
1 1 0 0 0 0 0 
2 1 1 0 0 0 0 
6 1 2 1 2 3 3 
4 2 1 2 1 0 0 
1 72 0 0 0 0 0
6x7
3 3 3 3 0 0 0 
6 1 2 1 2 1 2 
2 1 1 0 0 0 0 
6 1 2 1 2 3 3 
4 2 1 2 1 0 0 
1 72 0 0 0 0 0
6x8
7 1 1 2 1 2 1 2 
1 1 0 0 0 0 0 0 
2 1 1 0 0 0 0 0 
6 1 2 1 2 3 3 0 
4 2 1 2 1 0 0 0 
1 72 0 0 0 0 0 0
6x8
4 1 3 3 3 0 0 0 
7 1 1 2 1 2 1 2 
2 1 1 0 0 0 0 0 
6 1 2 1 2 3 3 0 
4 2 1 2 1 0 0 0 
1 72 0 0 0 0 0 0
6x11
10 1 1 2 1 2 1 2 3 3 3 
1 1 0 0 0 0 0 0 0 0 0 
2 1 1 0 0 0 0 0 0 0 0 
6 1 2 1 2 3 3 0 0 0 0 
4 2 1 2 1 0 0 0 0 0 0 
1 72 0 0 0 0 0 0 0 0 0
6x7
4 1 3 3 3 0 0 
6 1 2 1 2 1 2 
2 1 1 0 0 0 0 
6 1 2 1 2 3 3 
4 2 1 2 1 0 0 
1 72 0 0 0 0 0
6x8
3 3 3 3 0 0 0 0 
7 1 1 2 1 2 1 2 
1 1 0 0 0 0 0 0 
2 1 1 0 0 0 0 0 
6 2 1 2 1 3 3 0 
3 48 0 0 0 0 0 0
6x8
3 3 3 3 0 0 0 0 
7 1 1 2 1 2 1 2 
1 1 0 0 0 0 0 0 
2 1 1 0 0 0 0 0 
4 2 1 2 1 0 0 0 
3 48 0 0 0 0 0 0
