[[15952,-24208,9911,-780,-1,1],1951]
[[-1017173,88449,8307,-856,-1,1],2141]
[[50175,8827,-1346,-280,-1,1],2804]
[[-914249,237110,-5895,-1310,0,1],3275]
[[32,58,3,-26,-1,1],3377]
[[13021,4551,-332,-184,-1,1],3688]
[[6101529,512929,-10807,-1480,-1,1],3701]
[[-5025433,543927,5655,-1528,-1,1],3821]
[[62976,6560,-2870,-410,0,1],4100]
[[-2816,5056,-1552,-408,-1,1],5105]
[[-65336,3670,3463,-395,-2,1],5949]
[[170787,30631,-4110,-604,-1,1],6044]
[[-30002809,1885953,26931,-2776,-1,1],6941]
[[176,560,-20,-60,0,1],7300]
[[-31,30,17,-12,-2,1],7947]
[[-52,52,13,-17,-1,1],8164]
[[9642517,161451,-75829,-3400,-1,1],8501]
[[-5,25,-3,-20,-1,1],8705]
[[427851,61236,-2934,-593,-2,1],8919]
[[137587,50255,-730,-912,-1,1],9124]
[[7,14,-7,-11,0,1],9268]
[[11699024,-145170,-101567,-3720,-1,1],9301]
[[1549,860,-55,-60,0,1],9325]
[[1108,2353,510,-293,-2,1],9329]
[[50578176,2865472,-44656,-3784,-1,1],9461]
[[-11028634,1683443,-20545,-3876,-1,1],9691]
[[553,78,-235,-79,-2,1],9796]
[[-63897,-40812,-8685,-653,-2,1],9819]
[[6424,1760,-330,-110,0,1],9900]
[[4399,1585,-155,-85,0,1],10075]
[[-45,116,-7,-25,0,1],10267]
[[7353983,-1888059,156797,-4272,-1,1],10681]
[[40375,14943,-77,-256,-1,1],10897]
[[-2661,818,277,-82,-2,1],10901]
[[-15494080,-2871549,-187023,-4528,-1,1],11321]
[[19,34,2,-13,-2,1],11457]
[[-15796959,713729,113531,-4596,-1,1],11491]
[[144396,37245,-764,-382,0,1],11651]
[[37437696,5300408,-17740,-4668,-1,1],11671]
[[232,532,46,-49,-2,1],11693]
[[32554,15338,-68,-251,-2,1],11788]
[[9,140,22,-23,-2,1],12061]
[[566473,-517183,-142527,-4864,-1,1],12161]
[[9991539,-2544757,194387,-4896,-1,1],12241]
[[1979,-2417,982,-136,-1,1],12276]
[[595361,181685,-11455,-4980,-1,1],12451]
[[-3,-7,25,-13,-2,1],12679]
[[1,10,-45,-35,0,1],12700]
[[-17158064,1691544,114916,-5176,-1,1],12941]
[[-49561888,831960,157052,-5200,-1,1],13001]
[[75263,-60527,15203,-1133,-2,1],13237]
[[13,50,9,-15,-2,1],13324]
[[136365331,5867017,-87505,-5368,-1,1],13421]
[[6625,9977,247,-240,-2,1],13439]
[[1,-33,-55,-23,0,1],13613]
[[77,451,-55,-55,0,1],13871]
[[17737874,-3486005,234871,-5632,-1,1],14081]
[[-28,83,-3,-27,0,1],14779]
[[1,14,1,-12,-2,1],15151]
[[5664699,599955,-7394,-1540,-1,1],15404]
[[48816,17937,201,-325,-2,1],15407]
[[5,-1,-23,-17,0,1],15733]
[[-60333,-53911,14513,-924,-1,1],16177]
[[17590,8782,-614,-269,-2,1],16236]
[[11,15,-29,-25,-2,1],16621]
[[-138798328,5518818,160411,-6768,-1,1],16921]
[[73,70,-13,-19,0,1],16972]
[[-15088,15267,11845,-1012,-1,1],17717]
[[318564,-327685,93477,-7360,-1,1],18401]
[[21,157,3,-37,-1,1],18557]
[[-3384,1535,168,-79,-2,1],18817]
[[1488141,178175,-5524,-952,-1,1],19048]
[[-40,44,14,-17,-1,1],19156]
[[164503,-89337,-28422,-1920,-1,1],19204]
[[464499,985175,-180631,-7752,-1,1],19381]
[[-1750,355,564,-125,-1,1],19547]
[[1,8,1,-23,-2,1],19844]
[[-125489,26056,1050,-341,-2,1],19985]
[[-325200,-192080,-31688,-1600,-1,1],20005]
[[30592,-33820,-23229,-1624,-1,1],20305]
[[418150,155181,-3011,-912,-1,1],20529]
[[-11285,10783,319,-208,-2,1],20567]
[[259,232,-20,-31,0,1],20671]
[[-8,-12,66,-25,-2,1],20908]
[[-893,677,159,-139,-1,1],20951]
[[576,360,-120,-60,0,1],21600]
[[231,121,-55,-33,0,1],21791]
[[189,225,12,-35,-1,1],21817]
[[7,30,7,-12,-2,1],22183]
[[20340,45720,266,-665,-2,1],22220]
[[208103,27111,-2951,-468,-1,1],22249]
[[27,10,-31,-19,0,1],22492]
[[-18974,11255,364,-221,-1,1],22509]
[[11673415,740731,-28882,-2256,-1,1],22564]
[[1,5,-12,-19,-1,1],22675]
[[-1068585,178645,8631,-1836,-1,1],22955]
[[244,160,-37,-30,0,1],23011]
[[88570,49117,-9654,-1079,-2,1],23413]
[[-2251,-3215,-1505,-235,0,1],23425]
[[262807607,11815427,-154335,-9468,-1,1],23671]
[[-176,635,-355,-185,0,1],23725]
[[-8840,-7734,-2343,-265,-2,1],23839]
[[-65,276,71,-40,-2,1],24121]
[[-3312,1400,124,-81,-1,1],24156]
[[6175,4000,-25,-250,0,1],24175]
[[-135753,32185,6181,-1084,-1,1],24399]
[[-1028,466,393,-105,-1,1],24428]
[[17,10,-65,-33,0,1],24652]
[[393105,-115692,-30042,-1643,-2,1],24669]
[[29,17,-28,-21,-1,1],24763]
[[4683439,1273563,-6934,-2476,-1,1],24764]
[[-44175,20420,-779,-401,-2,1],24827]
[[-1644370,21171,37385,-2147,-2,1],25067]
[[-12709009,1430527,8078,-2524,-1,1],25244]
[[-185,45,71,-25,-2,1],25715]
[[-377,-1007,695,-110,-2,1],26443]
[[-34,124,-74,-59,-1,1],26444]
[[77,124,9,-23,-1,1],26731]
[[221,268,-75,-126,-2,1],26807]
[[65,157,58,-37,-1,1],26829]
[[-505,356,64,-39,-2,1],26869]
[[-4620,852,472,-112,-1,1],26976]
[[-405,9,472,-112,-1,1],26976]
[[-1105724,371413,3733,-1805,-2,1],27099]
[[18480115,1315731,-29294,-2712,-1,1],27124]
[[-623,255,79,-34,-2,1],27133]
[[-17967196,-4573437,-384643,-10896,-1,1],27241]
[[1484,-1988,861,-125,-1,1],27797]
[[65911,-77547,18175,-1236,-1,1],27819]
[[732099416,28318674,-137027,-11140,-1,1],27851]
[[7351420,1079544,-7367,-2232,-1,1],27905]
[[396,198,-143,-66,0,1],28017]
[[197,553,102,-81,-1,1],28061]
[[-228845,-74797,42870,-2820,-1,1],28204]
[[1012131,743119,14666,-2820,-1,1],28204]
[[6,19,-2,-10,0,1],28384]
[[28933226,-7458683,519353,-11364,-1,1],28411]
[[1372861,1302574,-3087,-2435,-2,1],28427]
[[11,8,-21,-18,0,1],28537]
[[659488311,32551353,-117589,-11416,-1,1],28541]
[[-213492057,32123861,42285,-11428,-1,1],28571]
[[143,118,-13,-22,0,1],28583]
[[904932,252869,-152317,-11452,-1,1],28631]
[[221808224,4772436,-428965,-11500,-1,1],28751]
[[-356657920,9636904,416604,-11508,-1,1],28771]
[[-1003573011,30457991,250253,-11532,-1,1],28831]
[[1257772,159129,-5046,-939,-1,1],28853]
[[-43,444,13,-49,-2,1],29084]
[[767360213,31678599,-85413,-11700,-1,1],29251]
[[1123,3744,145,-126,-2,1],29447]
[[-2710,-526,816,-141,-1,1],29492]
[[-100,110,33,-22,-2,1],29527]
[[95047,22694,-415,-303,-1,1],29561]
[[6007,2457,-185,-126,-2,1],29579]
[[4710090,449516,-10313,-1485,-1,1],29708]
[[49,88,7,-22,-2,1],30173]
[[571220,312481,6591,-1391,-2,1],30173]
[[419,483,55,-49,-2,1],30179]
[[-34,49,11,-17,-2,1],30559]
[[179,198,18,-27,-2,1],30827]
[[-23056768,-7070853,-540055,-12472,-1,1],31181]
[[351,270,-21,-34,0,1],31231]
[[2448775,-842365,91466,-3132,-1,1],31324]
[[-53890,23668,-463,-383,-1,1],31524]
[[886228,248103,-2042,-1021,0,1],31651]
[[13,16,-15,-20,-2,1],31927]
[[-144804,60952,-2895,-717,-1,1],32072]
[[2165,1768,21,-167,-1,1],32209]
[[-562,586,3,-59,-1,1],32296]
[[8848101,-572440,-578945,-13010,0,1],32525]
[[19514704,-10518696,-730556,-13092,-1,1],32731]
[[-227,241,27,-32,-1,1],32797]
[[-282901,109585,-5555,-1010,0,1],32825]
[[444973533,7063891,-569499,-13152,-1,1],32881]
[[3453,-3341,-4023,-631,-1,1],32923]
[[335541931,801243,-650977,-13204,-1,1],33011]
[[1047543446,33200141,-323783,-13324,-1,1],33311]
[[9322901,894835,-8595,-1910,0,1],33425]
[[1082090,129899,-3615,-723,0,1],33499]
[[-2375,400,485,-112,-2,1],33725]
[[-59795,9228,2575,-435,-1,1],33899]
[[33,22,-33,-22,0,1],34551]
[[-64,62,19,-21,-2,1],34651]
[[-29,440,45,-42,-2,1],34693]
[[536,332,-30,-36,0,1],34948]
[[1097777616,28372216,-446612,-14044,-1,1],35111]
[[1617,938,-9,-62,-2,1],35197]
[[7703019,1533591,11342,-3544,-1,1],35444]
[[1523072,-316268,-71806,-3041,-2,1],35497]
[[-1,128,18,-37,-2,1],35813]
[[738432,141238,-1439,-799,-1,1],35973]
[[-887217,524087,69358,-3612,-1,1],36124]
[[-103137288,-19365673,-933919,-14524,-1,1],36311]
[[108,166,-5,-28,0,1],36361]
[[2672,927,-349,-114,-1,1],36641]
[[-255,656,-169,-96,-2,1],36783]
[[-93,-265,-235,-65,0,1],37075]
[[319,346,18,-35,-2,1],37637]
[[-13,-16,45,-16,-2,1],37777]
[[32,-360,366,-81,-1,1],37939]
[[1180,672,-37,-53,0,1],37987]
[[1637251956,55292493,-172081,-15228,-1,1],38071]
[[-16394540,-5397821,-526999,-15364,-1,1],38411]
[[1647,915,-61,-61,0,1],38491]
[[-908,442,93,-44,-2,1],38611]
[[119,1752,-297,-141,-2,1],38657]
[[392,241,-32,-35,-1,1],39007]
[[3,-149,-187,-60,0,1],39229]
[[-116,104,24,-27,-2,1],39244]
[[-2509,1565,311,-147,-1,1],39523]
[[-7384993,1529895,-42686,-3952,-1,1],39524]
[[682,460,-260,-115,0,1],39700]
[[145704005,5918781,-386963,-15924,-1,1],39811]
[[78301,19624,-630,-291,-1,1],40021]
[[-205837852,-26058900,-1093647,-16012,-1,1],40031]
[[68416,17642,-239,-261,-2,1],40097]
[[184,203,12,-27,-2,1],40237]
[[30,51,-14,-18,0,1],40416]
[[-1,25,-7,-35,-2,1],40441]
[[27,-89,87,-25,-2,1],40525]
[[120,-52,-464,-288,-2,1],40544]
[[268,306,-5,-40,0,1],40603]
[[-34,36,14,-15,-1,1],40700]
[[-78,278,-140,-81,-1,1],40788]
[[16,-23,-104,-47,-1,1],41071]
[[2227992491,57196281,-433645,-16488,-1,1],41221]
[[-12212,7526,-142,-355,0,1],41464]
[[-796,545,93,-49,-2,1],41509]
[[6785280,-4325154,-555191,-16672,-1,1],41681]
[[529,598,-251,-115,-2,1],41756]
[[-922736,-571304,-79692,-3348,-1,1],41855]
[[33,53,-1,-16,-1,1],41947]
[[3,13,-15,-18,-1,1],41959]
[[-72425,-59265,-12438,-840,-1,1],42020]
[[-4,27,-27,-27,-2,1],42157]
[[4645679,988304,-45514,-3251,0,1],42263]
[[9339972,489655,-65319,-3384,-1,1],42305]
[[-348997066,-37371867,-1328939,-16972,-1,1],42431]
[[-405,2538,-2619,-393,-1,1],42431]
[[-7,-21,49,-20,-1,1],42469]
[[24766523,-8080281,730187,-17100,-1,1],42751]
[[828711,702783,90914,-4288,-1,1],42884]
[[79,43,-37,-23,0,1],42979]
[[6901773,-1752484,137020,-3695,-2,1],43127]
[[221683616,-27651506,1168529,-17260,-1,1],43151]
[[-144243,-97526,-17732,-1023,0,1],43307]
[[873692843,18840883,-700269,-17376,-1,1],43441]
[[-604094893,-304855,1004003,-17400,-1,1],43501]
[[-122,145,15,-35,-2,1],43697]
[[-225710,-8566,14589,-1093,-1,1],43736]
[[282601,69917,423,-604,-1,1],43819]
[[123823,73379,-1757,-1385,-2,1],43909]
[[-81,-689,-901,-187,-2,1],43911]
[[18767606,1447083,-44473,-3421,0,1],44473]
[[60848,12292,-1320,-327,-2,1],44516]
[[-1,20,-11,-16,0,1],44713]
[[-3122151,1271478,-15867,-3011,-2,1],45189]
[[9,0,-27,-19,-1,1],45279]
[[1455972461,23819255,-874829,-18112,-1,1],45281]
[[-166,494,58,-45,-2,1],45604]
[[2,-24,42,-15,-2,1],45700]
[[453729152,-45110852,1513443,-18300,-1,1],45751]
[[-327,254,329,-228,-2,1],45797]
[[-63954749,3780291,51390,-4588,-1,1],45884]
[[-39952619,-20041437,1206541,-18364,-1,1],45911]
[[-1648,-108,726,-141,-2,1],45973]
[[-71484557,2810571,97698,-4608,-1,1],46084]
[[3564635,-1055325,105857,-3688,-1,1],46105]
[[-3014925552,83220096,336416,-18484,-1,1],46211]
[[97169693,-8908423,-1104427,-18624,-1,1],46561]
[[98091883,5638867,-41082,-4668,-1,1],46684]
[[233512,49490,-1111,-505,0,1],46763]
[[-350325,36915,6491,-689,-2,1],47191]
[[211,27,-270,-96,-1,1],47236]
[[-176607,80910,-465,-2015,0,1],47275]
[[6089,1083,-901,-218,-2,1],47275]
[[-3531728,411560,31196,-3804,-1,1],47555]
[[36844842,2418651,-25804,-3184,-2,1],47784]
[[-62244,486471,-2530,-1872,-2,1],48011]
[[3157949676,75038660,-569645,-19310,0,1],48275]
[[-2821772111,70367809,555299,-19348,-1,1],48371]
[[780,1516,-37,-99,-1,1],48564]
[[-3947254216,97187326,442205,-19480,-1,1],48701]
[[7361127,756169,-18031,-2172,-1,1],48879]
[[-10,11,21,-13,-2,1],49073]
[[37,-63,-103,-35,0,1],49109]
[[122037755,6116331,-53054,-4912,-1,1],49124]
[[-1,5,23,-20,-1,1],49141]
[[-593,1082,79,-71,-2,1],49148]
[[-336,278,47,-46,-1,1],49261]
[[41,49,-1,-14,-1,1],49275]
[[-580538073,-11002991,1320153,-19792,-1,1],49481]
[[500,3125,-500,-175,0,1],49825]
[[109,183,-35,-40,-1,1],49913]
[[10405,258,-3917,-538,-2,1],49913]
[[243,275,-11,-54,-1,1],50283]
[[254345,110567,144,-720,-1,1],50428]
[[-297,49,116,-39,-1,1],50499]
[[57024,15296,-596,-279,-2,1],50569]
[[1104435,114939,-7128,-897,-1,1],50639]
[[-1077528,139010,7989,-1192,-1,1],50677]
[[-143269,90308,0,-633,0,1],50851]
[[715,1375,-55,-220,0,1],50875]
[[37334447,3412997,-13439,-4072,-1,1],50905]
[[-651534557,40693853,755007,-20572,-1,1],51431]
[[-7,-87,-133,-48,-1,1],51571]
[[-240388,-286476,-51092,-2580,-1,1],51608]
[[14118,5335,-990,-240,0,1],51775]
[[-867857,-933897,141342,-5196,-1,1],51964]
[[149,203,31,-30,-2,1],52001]
[[-142,169,24,-38,-2,1],52096]
[[-16909576,-3407340,-224030,-5210,0,1],52100]
[[81559424,3000960,-119830,-5210,0,1],52100]
[[3092,4447,1266,-254,-2,1],52256]
[[-25,-155,-241,-67,0,1],52267]
[[1592992,153792,-46572,-2616,-1,1],52328]
[[-33496288,-27553992,-1508116,-21004,-1,1],52511]
[[1102950,1062963,3744,-3509,-2,1],52659]
[[1301,910,-45,-60,0,1],52675]
[[623,1993,-166,-146,-1,1],52704]
[[-4427698831,102037869,587805,-21220,-1,1],53051]
[[735,662,-9,-56,-2,1],53209]
[[-1125,-88,397,-87,-1,1],53307]
[[80383856,-15391000,985372,-21328,-1,1],53321]
[[578037402,-55105947,1807193,-21336,-1,1],53341]
[[574597116,-57843581,1871553,-21340,-1,1],53351]
[[21115,7427,-138,-172,-1,1],53444]
[[-9,-47,-63,-25,0,1],53577]
[[-16151,9560,-405,-285,0,1],53725]
[[99,4,-123,-48,0,1],53917]
[[10813936,-2575844,186914,-4625,-2,1],53977]
[[303,880,61,-60,-2,1],54117]
[[-825968,281656,228,-1140,-1,1],54169]
[[-5060446719,113926139,602763,-21760,-1,1],54401]
[[-122292397,5051463,105070,-5472,-1,1],54724]
[[-217,57,115,-37,-2,1],54853]
[[-1979,6318,277,-214,-2,1],54857]
[[-2700,2100,50,-125,-2,1],54860]
[[3822,2440,36,-139,-1,1],54940]
[[28,-96,98,-31,-1,1],55036]
[[15839250,1424675,-15425,-2448,-1,1],55089]
[[-61009,15143,1038,-324,-1,1],55148]
[[-33293,50869,319,-470,-2,1],55151]
[[-25,1750,-1575,-275,0,1],55900]
[[308,244,-11,-32,-1,1],56359]
[[-824,268,442,-104,-2,1],56364]
[[150,475,-13,-45,0,1],56567]
[[18217,5212,-315,-161,-2,1],56639]
[[-17,20,11,-10,-2,1],56943]
[[-22637117,2313979,52554,-5712,-1,1],57124]
[[-2712835,443890,14991,-1715,-2,1],57220]
[[-389,409,91,-56,-1,1],57259]
[[667965528,-63859914,2031975,-22908,-1,1],57271]
[[8315,1048,-965,-191,-1,1],57563]
[[780,1197,42,-146,-2,1],57564]
[[-23399701,7889619,18446,-5764,-1,1],57644]
[[-29672,4046,2059,-327,-2,1],57815]
[[-637,259,81,-35,-2,1],57971]
[[1798128,526350,19869,-2580,-1,1],58059]
[[3523167,658677,4407,-2592,-1,1],58329]
[[359935631,-44920533,1771713,-23404,-1,1],58511]
[[-328532128,68876791,-618271,-23508,-1,1],58771]
[[-10701,51233,7241,-940,-1,1],58775]
[[-845,1157,93,-69,-2,1],58921]
[[487,364,-17,-45,-2,1],58948]
[[56,214,-1,-34,-1,1],59149]
[[95,-76,-171,-57,0,1],59204]
[[1081173,-276981,-76077,-3947,-2,1],59229]
[[35,127,14,-24,-1,1],59332]
[[-21119,-10534,5029,-467,-2,1],59356]
[[6528,16462,-87,-303,-1,1],59819]
[[-193789,21952,6491,-689,-2,1],59852]
[[-4048,1800,176,-99,-1,1],59924]
[[353,361,4,-38,-1,1],60044]
[[-297410246,-32062511,1846353,-24072,-1,1],60181]
[[-1825923406,6325873,1631597,-24100,-1,1],60251]
[[-17786,9981,420,-214,-2,1],60269]
[[445,592,-28,-51,0,1],60343]
[[-151201505,6895259,103826,-6036,-1,1],60364]
[[-5,22,-11,-28,-2,1],60427]
[[-97281,23895,1863,-396,-1,1],60451]
[[82,184,42,-35,-2,1],60508]
[[-19416064,-15167936,-1595808,-24252,-1,1],60631]
[[69590,19019,-855,-327,-2,1],60667]
[[58,75,-22,-23,0,1],60757]
[[2509009,-1191797,142715,-5207,-2,1],60767]
[[-3,-34,86,-27,-2,1],60921]
[[-14,18,14,-13,-1,1],60932]
[[5,-3,-37,-24,-1,1],61067]
[[6318,2710,-190,-115,0,1],61300]
[[-153,248,35,-33,-2,1],61461]
[[-247,139,167,-88,-1,1],61573]
[[380943,-949563,-110439,-3528,-1,1],61747]
[[-851,-1340,-655,-110,0,1],61825]
[[-70443232,-15359352,-1083980,-24748,-1,1],61871]
[[-90782,29875,-93,-444,-1,1],61913]
[[-1561,-381,959,-159,-2,1],61919]
[[463212197,-54070241,2025539,-24792,-1,1],61981]
[[-119773629,4471387,143942,-6204,-1,1],62044]
[[47434576,4740235,-12445,-4585,0,1],62225]
[[104577193,-20675299,1287971,-24912,-1,1],62281]
[[-1418,2127,-152,-148,-2,1],62392]
[[-1766494,112456,30710,-1871,-2,1],62420]
[[-5400,-1360,1586,-225,-2,1],62469]
[[-35617216,-26268816,-1705604,-25156,-1,1],62891]
[[-6349282472,125875842,924561,-25192,-1,1],62981]
[[5104,2409,-88,-110,0,1],63008]
[[254907,68292,843,-601,-2,1],63011]
[[80576,62904,6252,-1008,-1,1],63025]
[[396109,-175866,26201,-1349,-2,1],63028]
[[-344309,-140390,-19695,-1010,0,1],63125]
[[-564200,107100,1190,-720,-2,1],63140]
[[2838,-1578,-1440,-221,-1,1],63468]
[[301038304,158187025,-33057,-25428,-1,1],63571]
[[459,624,82,-61,-2,1],63677]
[[-107878,69698,-8000,-1119,-2,1],63788]
[[-4224,-5040,-1920,-235,0,1],63900]
[[1268527,468325,-14457,-1980,-1,1],64363]
[[1407616,375469,-4713,-1571,0,1],64411]
[[729,729,-4,-55,-1,1],64553]
[[74,285,-5,-35,0,1],64675]
[[220606,164699,-9066,-1511,0,1],64973]
[[803,-110,-363,-88,0,1],65153]
[[221,301,24,-39,-1,1],65179]
[[59976,24990,-105,-390,-1,1],65331]
[[830278,112660,-2620,-655,0,1],65500]
[[11,105,8,-21,-1,1],65611]
[[406,501,34,-67,-2,1],66197]
[[-1302320,112848,9044,-912,-2,1],66236]
[[-4831,484,3341,-545,-1,1],66357]
[[-197600,-146459,47870,-2345,-2,1],66487]
[[-165558,28203,1215,-328,-1,1],66501]
[[1557,785,-91,-68,-1,1],66637]
[[44142,39658,2160,-547,-2,1],66676]
[[540750,152200,-7830,-1171,-2,1],66748]
[[-259,226,38,-33,-1,1],66751]
[[-109685,23163,1176,-337,-1,1],66757]
[[207534751,9642591,-85458,-6676,-1,1],66764]
[[-1232191724,-96897864,-2653733,-26724,-1,1],66811]
[[3494,-7775,-3947,-424,-1,1],66843]
[[2421,2039,35,-93,-2,1],67177]
[[-5933732949,108086553,1236843,-27064,-1,1],67661]
[[9220542049,181867435,-826855,-27110,0,1],67775]
[[1276,85,-420,-110,0,1],67825]
[[54657,11785,-1285,-315,0,1],67975]
[[-6324,-73,1344,-203,-2,1],68189]
[[-129,125,83,-43,-1,1],68293]
[[-939,818,67,-62,-2,1],68341]
[[19032,-19215,-7320,-610,0,1],68625]
[[3678385248,78819898,-1332713,-27592,-1,1],68981]
[[-2620,-11921,-4061,-393,0,1],69037]
[[-25317237,1768693,21073,-2679,-2,1],69077]
[[-1,17,12,-12,-1,1],69248]
[[-17424,43560,-2420,-660,0,1],69300]
[[-9,25,-1,-19,0,1],69457]
[[145149611,14843365,-647563,-27792,-1,1],69481]
[[-53136,24520,599,-352,-1,1],69599]
[[49988,11501,-1030,-303,-1,1],69659]
[[1142428640,-98075308,2779277,-27876,-1,1],69691]
[[297,1683,-759,-209,0,1],69751]
[[238606,1001695,-2251,-2251,0,1],69781]
[[-1024350,164809,2793,-859,-2,1],69841]
[[67,884,-845,-203,-2,1],70004]
[[-10280,2336,875,-183,-1,1],70216]
[[5,13,-17,-28,-1,1],70263]
[[18496,-22712,6300,-512,-1,1],70333]
[[-300807712,-53007896,-2248796,-28180,-1,1],70451]
[[-10432283931,209457907,781151,-28200,-1,1],70501]
[[320075,69750,-3100,-775,0,1],70525]
[[27356,-28597,-13945,-1082,-1,1],70807]
[[88436,-811361,-182133,-6083,-2,1],70987]
[[325,535,13,-55,-2,1],71041]
[[217,213,-10,-31,-1,1],71161]
[[-208112,39364,1480,-395,-2,1],71388]
[[417,194,-101,-51,-1,1],71559]
[[302937,120018,-482,-723,0,1],71577]
[[562913,61824,-13312,-1385,-2,1],71641]
[[212993,47685,-2915,-715,0,1],71775]
[[-5,-53,-79,-33,0,1],71851]
[[2204749,506499,4409,-2176,-2,1],72133]
[[519,58,-206,-63,0,1],72221]
[[-7070856,633214,56559,-4128,-1,1],72247]
[[32807444,2501876,-20952,-3612,-1,1],72248]
[[-224,112,84,-38,-2,1],72296]
[[-788851,240324,-9373,-1504,-2,1],72457]
[[-94608,-9376722,-1980181,-28992,-1,1],72481]
[[399,364,14,-43,-2,1],72639]
[[3133010,1103194,-3496,-2183,-2,1],72820]
[[178252275,9212435,-122378,-7284,-1,1],72844]
[[77324688,-38744662,2330141,-29236,-1,1],73091]
[[196,590,17,-207,-1,1],73444]
[[189,639,39,-62,-1,1],73577]
[[-73,59,21,-18,-1,1],73657]
[[-66095488,-18697880,-1349836,-29472,-1,1],73681]
[[4854400,246000,-32800,-2050,0,1],73800]
[[-1365,1169,0,-83,-1,1],73801]
[[593480,74185,-6416,-802,0,1],74185]
[[3807051,491828,-4020,-1567,-1,1],74221]
[[6616630609,225075203,-426489,-29824,-1,1],74561]
[[-3586100,1000104,26509,-3408,-2,1],74585]
[[-29,-103,-109,-37,0,1],74623]
[[4432,1410,-335,-115,0,1],74675]
[[4499912401,207337460,-135495,-30110,0,1],75275]
[[2932524,1308085,-77580,-4310,0,1],75425]
[[-1424186182,-115303955,-3123007,-30232,-1,1],75581]
[[-1751509,287019,3470,-1084,-1,1],75908]
[[-10242375816,232518338,659081,-30372,-1,1],75931]
[[-6612,44652,-7938,-1265,-2,1],75996]
[[32,16,-176,-61,0,1],76012]
[[-69135,7360145,22527,-6088,-1,1],76105]
[[73877679,3583863,-136039,-6100,-1,1],76255]
[[20052601,1466860,-20945,-2485,0,1],76325]
[[-142627,64256,-3357,-883,-1,1],76351]
[[969,708,-207,-137,-2,1],76428]
[[-14792,-1720,3454,-389,-2,1],76477]
[[4186418375,65631747,-1694193,-30636,-1,1],76591]
[[-1593,620,143,-63,-1,1],76621]
[[-61,52,74,-29,-2,1],76675]
[[154,253,-88,-55,0,1],76736]
[[135,118,-23,-25,0,1],76828]
[[-13327725,4492915,178278,-7684,-1,1],76844]
[[-296364616,-54674345,-2346103,-30748,-1,1],76871]
[[-384,64,240,-63,-2,1],77108]
[[3719168249,43513493,-2016229,-30876,-1,1],77191]
[[-476,324,40,-40,-1,1],77216]
[[162293616,111817682,-1060021,-30904,-1,1],77261]
[[95343,17860,-1065,-290,0,1],77325]
[[17,51,5,-16,-1,1],77333]
[[410,281,-35,-37,0,1],77365]
[[-1,22,25,-23,-1,1],77371]
[[125,66,-120,-75,-2,1],77437]
[[19421487,653661,-82477,-3693,0,1],77553]
[[575,362,-33,-38,0,1],77607]
[[-31,-142,-179,-54,0,1],77731]
[[-22788693,4322979,25333,-4444,-1,1],77777]
[[-625,807,-41,-74,-1,1],77779]
[[992,558,-775,-217,0,1],77779]
[[-1428931124,-120127290,-3261445,-31210,0,1],78025]
[[-12334869032,234329590,989433,-31212,-1,1],78031]
[[399,845,101,-75,-2,1],78307]
[[23896889,2922731,8616,-3916,-1,1],78328]
[[13425286599,257899491,-886707,-31332,-1,1],78331]
[[781056,58176,-15264,-1236,-1,1],78399]
[[-23675,13159,-505,-388,-1,1],78651]
[[-107963,27027,843,-339,-2,1],78731]
[[108909,69552,129,-645,-1,1],78831]
[[-717554685,74529293,-1366219,-31552,-1,1],78881]
[[364,-1481,1069,-159,-2,1],79079]
[[495616,29568,-48692,-3528,-1,1],79389]
[[63155799,6214695,-69946,-7948,-1,1],79484]
[[-39852,3348,1971,-269,-2,1],79629]
[[-13099501,3283775,-118110,-7980,-1,1],79804]
[[-2304,1128,123,-72,-1,1],79821]
[[770304,425600,-24112,-2460,-1,1],79963]
[[169503,-211047,70515,-3050,-1,1],80073]
[[219,154,-69,-45,-1,1],80077]
[[-404471,-285245,-54485,-3205,0,1],80125]
[[147,226,-52,-49,0,1],80137]
[[-30051,12159,651,-269,-2,1],80157]
[[-314535,991,10334,-819,-1,1],80253]
[[-207280,-399014,-64775,-2591,0,1],80321]
[[13582964304,247336632,-1085940,-32128,-1,1],80321]
[[-1328025,314215,4767,-1288,-1,1],80525]
[[-90935,7079,3480,-424,-1,1],80636]
[[-77,164,114,-49,-1,1],80857]
[[-639692,81523,3463,-601,-2,1],81089]
[[96376,34450,-1022,-449,-2,1],81108]
[[1,7,-23,-26,-1,1],81199]
[[-8748,4617,189,-257,-2,1],81459]
[[11,-78,-145,-61,-2,1],81484]
[[18338,2479,-1307,-247,-2,1],81631]
[[16894356,4134148,-7352,-4084,-1,1],81688]
[[2,-18,46,-25,-1,1],81700]
[[539,1771,-209,-121,0,1],81829]
[[156752,11716,-4444,-505,0,1],81911]
[[975296,317520,-24700,-2520,-1,1],81913]
[[-57913,27606,1966,-451,-2,1],82057]
[[-201042,86922,-5307,-977,-1,1],82536]
[[-16,128,28,-36,-2,1],82564]
[[2737689,451999,-30481,-3672,-1,1],82629]
[[-1423,653,86,-53,-1,1],82769]
[[2046,1023,-155,-93,0,1],82863]
[[4051,2260,-195,-185,0,1],82900]
[[11776,-3840,-3320,-385,0,1],82975]
[[-3438272065,275864811,222657,-33232,-1,1],83081]
[[-195,398,69,-46,-2,1],83101]
[[-4405985020,28411947,2490229,-33336,-1,1],83341]
[[-1,-21,158,-87,-1,1],83461]
[[-250073,77840,25159,-1787,-2,1],83468]
[[144,224,-86,-71,-2,1],83468]
[[-63,39,42,-27,-1,1],83493]
[[10339133,4486377,22449,-4776,-1,1],83587]
[[-5,16,13,-17,-2,1],83700]
[[5225,1100,-1100,-275,0,1],83875]
[[-12503305707,273680525,662243,-33616,-1,1],84041]
[[256,336,19,-36,-2,1],84049]
[[32,-40,-110,-40,0,1],84100]
[[-3648,2181,534,-146,-2,1],84132]
[[-144,360,-4,-57,-1,1],84148]
[[-552686004,-74785855,-2872597,-33676,-1,1],84191]
[[10957920924,226564910,-1028155,-33710,0,1],84275]
[[1028619,-724380,-107917,-3856,-2,1],84385]
[[8,24,-2,-14,0,1],84388]
[[-4481,1842,191,-87,-2,1],84391]
[[1365371209,-120002017,3467193,-33760,-1,1],84401]
[[67,444,-9,-82,-2,1],84425]
[[-15808,9360,260,-288,-2,1],84708]
[[-23,-123,-130,-43,-1,1],84751]
[[43460,20541,-287,-287,0,1],84829]
[[288,1320,-122,-105,-2,1],84911]
[[-128,40,100,-35,-2,1],84996]
[[17557,25544,1051,-401,-2,1],85156]
[[407,-4400,-2255,-297,0,1],85481]
[[104,120,-170,-70,0,1],85500]
[[-43,38,21,-16,-2,1],85627]
[[719,23051,-652,-393,-1,1],85705]
[[-640,2368,-1528,-312,-1,1],85768]
[[-3982444,632808,-2293,-1896,-1,1],85769]
[[4,-77,82,-22,-2,1],85792]
[[-3136,1048,916,-224,-1,1],85943]
[[208582,31735,-2310,-440,0,1],86075]
[[662299,76010,-4455,-660,0,1],86075]
[[-16607983219,281928301,1299911,-34480,-1,1],86201]
[[-160957,55863,610,-508,-1,1],86428]
[[-8183,1830,6305,-1853,-2,1],86548]
[[219,247,-15,-61,-2,1],86749]
[[4793595,250145,-31651,-2042,0,1],86785]
[[-1075764,225545,-2284,-1142,0,1],86792]
[[-14473,-17671,-6273,-615,0,1],86797]
[[1066041569,-103708307,3297113,-34816,-1,1],87041]
[[-25678232,-4885029,-308246,-6701,0,1],87113]
[[4228331,1038655,-60309,-6701,0,1],87113]
[[-10020082856,264013494,304051,-34948,-1,1],87371]
[[28503379,8764847,-164470,-8748,-1,1],87484]
[[-3869289,-1338417,255570,-8752,-1,1],87524]
[[-14642305264,314580568,848268,-35052,-1,1],87631]
[[-1781017,209251,11522,-1252,-1,1],87668]
[[-59798,24368,1176,-819,-1,1],87724]
[[250263,55521,-651,-527,0,1],87761]
[[-235089,82291,7030,-976,-1,1],87876]
[[19,38,-19,-19,0,1],88084]
[[-61706352,3823072,32180,-3924,-1,1],88299]
[[-139,244,33,-35,-2,1],88372]
[[221,-309,-355,-82,0,1],88411]
[[-150,-350,-252,-63,-1,1],88444]
[[152356,36449,-492,-410,0,1],88601]
[[243,165,-115,-55,0,1],88625]
[[-394,445,-18,-50,0,1],88676]
[[-4420,1288,281,-92,-1,1],88903]
[[148,164,-36,-57,0,1],88948]
[[126267,21997,-6153,-747,-1,1],88981]
[[408619858,-56446699,-2964847,-35592,-1,1],88981]
[[-20,63,-7,-25,-2,1],89017]
[[13675119,318100,-73163,-3181,0,1],89068]
[[18621992128,335090328,-1062084,-35640,-1,1],89101]
[[2017,1642,-148,-97,0,1],89195]
[[-3601,4046,75,-141,-2,1],89404]
[[-3272,998,225,-79,-1,1],89491]
[[2125,1017,-47,-62,-1,1],89659]
[[-14915920527,314352711,778431,-35872,-1,1],89681]
[[22231,5925,-1030,-262,-1,1],89708]
[[134425,58710,-1843,-707,-2,1],89756]
[[-4788,1825,446,-139,-1,1],89995]
[[9019495,998369,-21969,-2441,0,1],90317]
[[97552,224,-5656,-573,-1,1],90524]
[[76,278,91,-59,-1,1],90684]
[[-30161,7000,1267,-258,-2,1],90761]
[[-1207,-3053,-1491,-213,0,1],90809]
[[-477553,148270,1629,-807,-2,1],90812]
[[-11675,7076,385,-185,-2,1],90812]
[[-153,167,93,-59,-2,1],90847]
[[-353901,-143447,-20217,-1051,-1,1],90871]
[[1157157,354510,-8585,-1515,0,1],90900]
[[1929807,172710,-18685,-1515,0,1],90900]
[[3772022949,-6957237,-3065519,-36364,-1,1],90911]
[[1028807,181127,-1155,-888,-1,1],91061]
[[-100,-32,102,-33,-1,1],91084]
[[3328,2080,-91,-94,0,1],91169]
[[-42037,12453,943,-379,-1,1],91327]
[[-227,-470,-320,-73,0,1],91393]
[[-463597,-1172093,-263474,-9148,-1,1],91484]
[[218,35,-290,-140,0,1],91825]
[[-319,-78,202,-49,-2,1],91931]
[[-111,223,212,-81,-1,1],92169]
[[-486136,172414,-7825,-1476,-1,1],92275]
[[-118925,301750,-15975,-1775,0,1],92300]
[[1996505,284784,-20995,-1979,-2,1],92428]
[[-2375,-1375,1195,-183,-2,1],92513]
[[1038561,-34819,-25611,-1480,-1,1],92525]
[[-25551747,2111827,25292,-3084,-1,1],92532]
[[-323,678,-34,-79,0,1],92551]
[[201,364,-21,-41,0,1],92668]
[[-173015116,-5447668,1510149,-37104,-1,1],92761]
[[-19758521,5581975,-137350,-9280,-1,1],92804]
[[-173187,518789,10923,-1799,-2,1],93031]
[[152,36,-122,-47,0,1],93176]
[[912,-1592,828,-136,-1,1],93269]
[[-23363,5130,695,-170,-2,1],93313]
[[5818,201,-888,-169,-1,1],93313]
[[-232954332,13089869,32527,-7997,-2,1],93317]
[[-18,-77,-103,-43,-2,1],93321]
[[-13,-45,107,-49,-2,1],93331]
[[146907,31860,-660,-365,0,1],93475]
[[236471901,11158466,-103682,-8015,-2,1],93527]
[[81085,27828,472,-393,-1,1],93573]
[[16551135,3546111,29966,-9364,-1,1],93644]
[[164,2038,201,-125,-1,1],93940]
[[-65,30,68,-39,-2,1],94285]
[[10,-78,102,-37,-1,1],94372]
[[716,818,57,-82,-2,1],94523]
[[55,-22,-121,-44,0,1],94589]
[[1294500016,-119889864,3646788,-37908,-1,1],94771]
[[-5564,4408,465,-513,-1,1],94828]
[[3224,2760,-430,-310,0,1],94900]
[[-111777,136856,-17916,-1637,-2,1],95585]
[[-316370,122432,-3645,-1057,-1,1],95788]
[[-112,144,52,-38,-1,1],95791]
[[-7865951072,143190303,2249877,-38328,-1,1],95821]
[[2575,500,-475,-125,0,1],95900]
[[8681475,-1831381,-295446,-9592,-1,1],95924]
[[-22658440031,389218855,1221477,-38532,-1,1],96331]
[[210554475,4112771,-356386,-9684,-1,1],96844]
[[-233,502,-139,-75,0,1],96964]
[[33781,11638,-275,-286,0,1],97031]
[[1492,1477,25,-77,-2,1],97101]
[[-150173,63169,1899,-578,-1,1],97123]
[[18445759,22970603,-7770,-9712,-1,1],97124]
[[252907324,-57477164,-3120169,-38856,-1,1],97141]
[[1197838080,-117994392,3742988,-38908,-1,1],97271]
[[-672,520,168,-70,-1,1],97493]
[[-1775608920,-153983258,-4265367,-39024,-1,1],97561]
[[277993679,14520255,-124882,-9756,-1,1],97564]
[[7,86,-154,-75,-1,1],97873]
[[199559419,14702107,-86490,-9828,-1,1],98284]
[[793,244,-915,-305,0,1],98332]
[[6732309000,76599350,-2695965,-39472,-1,1],98681]
[[-34043,11347,579,-260,-1,1],98797]
[[-120,76,74,-34,-2,1],98812]
[[4136,1972,-42,-93,-2,1],98957]
[[-348823333,9217827,328826,-9904,-1,1],99044]
[[9638,-305,-2135,-305,0,1],99125]
[[3280,30556,21741,-2073,-1,1],99227]
[[733591,102912,-4820,-859,-2,1],99631]
[[-164,312,48,-43,-1,1],99964]
[[-283,121,63,-30,-1,1],99997]
