[[-53768,24860,-1210,-440,0,1],100100]
[[-12019179,2057365,-36955,-4452,-1,1],100179]
[[1613620531,-159562461,4420515,-40296,-1,1],100741]
[[-2025290125,-181368525,-4657705,-40396,-1,1],100991]
[[209,114,-95,-55,0,1],101004]
[[-300571,109471,5550,-921,-1,1],101083]
[[1068657851,-89486590,-4030745,-40510,0,1],101275]
[[53,62,-29,-38,0,1],101353]
[[23968,7516,-987,-345,-1,1],101387]
[[38264193,1041810,-198440,-6765,0,1],101475]
[[3213281575,-216120485,4944963,-40632,-1,1],101581]
[[-4309,4712,-620,-403,0,1],101587]
[[-183026,51655,712,-732,-2,1],101656]
[[-28051,7549,619,-202,-1,1],101673]
[[-13,0,39,-16,-2,1],101725]
[[224,744,-92,-88,-1,1],102139]
[[-1136,640,146,-66,-1,1],102296]
[[-3498126336,-223276160,-4984592,-40924,-1,1],102311]
[[1088500,202150,-10885,-1866,0,1],102319]
[[-72,-188,318,-99,-1,1],102524]
[[-112739,39696,929,-401,-2,1],102724]
[[305,244,-61,-61,0,1],102724]
[[64226485,9235455,63297,-8220,-1,1],102755]
[[400,400,-25,-50,0,1],102875]
[[-87,-49,103,-29,-2,1],102907]
[[-133375,34665,297,-424,-1,1],102917]
[[-1881,666,135,-54,-2,1],102933]
[[187,568,27,-53,-2,1],102964]
[[4472885,1376103,-29884,-5152,-1,1],103048]
[[-13039119,-2687607,-185235,-4596,-1,1],103419]
[[413138395,19784899,-91066,-10348,-1,1],103484]
[[-451,-1394,-1148,-287,0,1],103525]
[[165248601,69805525,2598313,-41440,-1,1],103601]
[[-789341,-327642,-45745,-2219,-2,1],103628]
[[-1479608,304385,958,-1353,-2,1],103679]
[[8431884,-2203704,184275,-4899,-1,1],103752]
[[-23074983168,392191136,1504052,-41548,-1,1],103871]
[[8286643584,255739080,-158188,-41628,-1,1],104071]
[[-55,-21,263,-76,-1,1],104089]
[[7,-12,-86,-37,0,1],104179]
[[23705169895,454056009,-1141151,-41800,-1,1],104501]
[[-1265755540,-81591876,4002595,-41824,-1,1],104561]
[[95898407,7625199,-280446,-10464,-1,1],104644]
[[-94663520,7649778,10187,-5992,-1,1],104867]
[[517,666,121,-66,-2,1],104899]
[[-1836261301,-163271865,-4642105,-42010,0,1],105025]
[[-2,10,26,-17,-2,1],105028]
[[30725,2750,-1825,-275,0,1],105100]
[[73965176,21923860,-73570,-10510,0,1],105100]
[[3234197,450618,-18906,-2017,-1,1],105193]
[[-998484928,110748384,-2350988,-42132,-1,1],105331]
[[-65291,15222,1137,-291,-1,1],105679]
[[1,-21,36,-15,-1,1],105773]
[[1669412,229912,-3859,-977,-1,1],105885]
[[8204172,862803,-4777,-1951,-2,1],105891]
[[-169057,28865,2129,-444,-1,1],105949]
[[27980003023,461874429,-1412333,-42412,-1,1],106031]
[[301128776,26164260,-74270,-10610,0,1],106100]
[[-41,-51,94,-31,-1,1],106153]
[[1114932,259334,-2042,-1021,0,1],106184]
[[296876,52384,-2609,-645,-2,1],106201]
[[112813966,1828875,-333595,-9113,-2,1],106337]
[[-38125,15250,0,-305,0,1],106445]
[[27313,4393,-2101,-382,0,1],106769]
[[275693,31240,-11715,-1562,0,1],106997]
[[-263210,48391,3751,-791,-2,1],107001]
[[-66,41,35,-21,-2,1],107199]
[[-65370475,3677748,39380,-3785,-2,1],107287]
[[-16508619,5883287,11828,-5376,-1,1],107528]
[[-7941,16648,207,-291,-1,1],107539]
[[-26000,15625,-1000,-450,0,1],107575]
[[43064424,2758885,-26480,-3310,0,1],107575]
[[3708,14678,-691,-324,-2,1],107613]
[[40,86,-85,-43,0,1],107705]
[[22517,7590,-209,-187,0,1],108284]
[[7349646393,309241809,766771,-43320,-1,1],108301]
[[2947,3490,-8,-125,-1,1],108427]
[[-16,-92,125,-37,-1,1],108436]
[[-14368647217,379428921,73835,-43432,-1,1],108581]
[[19,-90,95,-26,-2,1],108601]
[[-18949068,4782836,11960,-5436,-1,1],108728]
[[-32087963484,501852837,1553107,-43504,-1,1],108761]
[[566996,177707,-523,-869,-2,1],108825]
[[-343719,135040,-5697,-1055,0,1],108876]
[[56,-249,-361,-115,-2,1],108911]
[[-30,-62,108,-37,-1,1],109084]
[[1925,242,-561,-132,0,1],109109]
[[1193,615,-65,-55,0,1],109125]
[[284,166,-45,-35,-1,1],109372]
[[1232,1511,-3,-87,0,1],109603]
[[391068,51546,-4118,-639,0,1],109624]
[[492347,-426350,-62885,-2437,-1,1],109683]
[[-174075,78375,-3025,-825,0,1],109725]
[[-88525,-601970,-99148,-3541,0,1],109771]
[[40,-116,-198,-62,0,1],109804]
[[22068,5535,-465,-165,0,1],110025]
[[-1209613,-1453650,-149770,-4405,0,1],110125]
[[5,51,61,-31,-2,1],110173]
[[1309,836,-33,-66,0,1],110297]
[[-8976,-8360,-2508,-264,0,1],110396]
[[42625,12500,-1125,-300,0,1],110525]
[[4,-14,-43,-22,0,1],110575]
[[91,90,-47,-31,0,1],110708]
[[-203732,41255,1582,-432,-2,1],110839]
[[-208,312,156,-258,-2,1],110968]
[[3651,1730,-52,-81,-1,1],111023]
[[7199520,1704544,54258,-4201,-1,1],111037]
[[-38368,17160,-110,-440,0,1],111100]
[[-245,248,30,-49,-1,1],111391]
[[-8561840,127776,110032,-4956,-1,1],111519]
[[-21774632291,459733745,700917,-44644,-1,1],111611]
[[529223,-317849,44801,-1913,-2,1],111685]
[[3576,2440,-292,-139,-1,1],111725]
[[-86911,50690,-757,-686,-2,1],111735]
[[-16798159962,503884365,791197,-44700,-1,1],111751]
[[-39820,8276,1176,-268,-1,1],111752]
[[162172304,14578840,-146295,-9581,-2,1],111797]
[[147,7,-126,-49,-1,1],112399]
[[-24772443,-1464045,275301,-7493,-2,1],112419]
[[9200,10660,197,-218,-2,1],112423]
[[-128975,100375,-12925,-1375,0,1],112475]
[[3596,-4815,2005,-246,-1,1],112673]
[[-11050265,5199507,-370522,-11296,-1,1],112964]
[[-13651,22010,-2405,-510,0,1],112975]
[[-95,292,-178,-75,0,1],113023]
[[247,517,-87,-71,-2,1],113041]
[[-37,-93,158,-52,-1,1],113188]
[[-12608,-1632,4428,-496,-2,1],113204]
[[313472,49184,-7958,-955,-1,1],113243]
[[109540825,8275450,-26133,-8711,0,1],113243]
[[276375,55000,-1375,-550,0,1],113575]
[[-177,277,0,-49,-1,1],113587]
[[-36461,-28785,-6565,-505,0,1],113625]
[[574,401,-64,-61,0,1],113771]
[[320,368,-116,-64,0,1],113932]
[[-2981,-12466,-5149,-542,0,1],114091]
[[11975616,515932,-47748,-2619,-1,1],114131]
[[-371,309,114,-91,-1,1],114139]
[[77437,10972,-5697,-633,0,1],114151]
[[-26421,18550,-317,-379,-2,1],114191]
[[-300656,141012,3982,-939,-1,1],114253]
[[46881,10281,-800,-242,-1,1],114332]
[[18209,5502,-917,-262,0,1],114363]
[[7868948,81172,-124792,-5724,-1,1],114488]
[[346233,37990,-5240,-655,0,1],114625]
[[-26257,-19840,-5115,-465,0,1],114700]
[[1088999,54560,-14105,-1085,0,1],114700]
[[1815126,203461,-4963,-936,-1,1],114709]
[[-22197,11543,-273,-280,-2,1],114961]
[[119831447,30008823,-32190,-11496,-1,1],114964]
[[25,-160,271,-68,-2,1],115261]
[[-403624,141012,3006,-939,-1,1],115412]
[[-87796,15464,2439,-393,-1,1],115772]
[[13826496,1524797,-15655,-3131,0,1],115847]
[[-1312049,452010,-17995,-2135,0,1],115900]
[[-89425,20138,3495,-807,-2,1],116003]
[[323,2530,627,-183,-2,1],116156]
[[13707,5790,-130,-203,-2,1],116237]
[[-30069112,13702918,3663359,-46548,-1,1],116371]
[[-175,150,30,-27,-2,1],116425]
[[-16574721,11574327,52281,-7763,-2,1],116469]
[[668256,287750,18111,-2882,-1,1],116497]
[[956,1194,-2033,-358,-2,1],116591]
[[-1233357140,-180572313,-5345171,-46764,-1,1],116911]
[[-914607,-432615,-55115,-2265,0,1],117025]
[[-56473,15535,383,-268,-1,1],117059]
[[9668,2860,-265,-115,0,1],117175]
[[-1181,454,151,-60,-2,1],117223]
[[-2162,1779,815,-581,-2,1],117491]
[[73,69,-23,-27,-2,1],117661]
[[-21040332416,473345400,480220,-47080,-1,1],117701]
[[17934,35861,-3605,-651,-2,1],117719]
[[180592151,26285155,-56642,-11800,-1,1],118004]
[[49,85,-55,-60,0,1],118075]
[[14993976,543260,-200770,-11810,0,1],118100]
[[-7761506971,9424605,4440293,-47388,-1,1],118471]
[[-1085,502,93,-51,-1,1],118493]
[[-5648180,-2141183,-239186,-7901,-2,1],118539]
[[4500,1852,-570,-225,-2,1],118844]
[[-22220785,1818443,13143,-2796,-1,1],118847]
[[-4550,-2575,2953,-351,-2,1],118859]
[[-335994917,33670143,85654,-11896,-1,1],118964]
[[-7657,2643,212,-103,-1,1],119273]
[[37159,11917,-53,-225,-2,1],119339]
[[-28,171,-115,-103,0,1],119467]
[[-936,3709,2284,-339,-2,1],119472]
[[79938,-4933,-9568,-841,-1,1],119599]
[[16581,6512,-47,-157,-2,1],119621]
[[8651,-7596,-4009,-422,0,1],119637]
[[-161,215,181,-116,-1,1],119661]
[[8191261,918306,-7390,-2051,-2,1],119735]
[[1,84,12,-31,-2,1],120013]
[[-19167397049,226858601,3501261,-48160,-1,1],120401]
[[1,11,9,-34,-1,1],120523]
[[10229,4315,-877,-356,-1,1],120527]
[[3534,1581,-124,-93,0,1],120528]
[[-176246093,4166627,424526,-12060,-1,1],120604]
[[1080,784,12,-60,-1,1],120800]
[[-108977,29938,1600,-433,-2,1],120827]
[[403894486,22842379,-47641,-10355,-2,1],120827]
[[-94357,130179,5555,-1104,-2,1],120925]
[[-47529560,4550547,27344,-4271,-2,1],121057]
[[20890,22257,464,-346,-2,1],121253]
[[13726503,4247019,136647,-6936,-1,1],121387]
[[814,-3683,2185,-323,-2,1],121725]
[[5319574160,-65879624,-5031991,-48712,-1,1],121781]
[[-177305,42029,744,-445,-1,1],121961]
[[207,-451,308,-65,-1,1],122021]
[[833,350,-125,-58,0,1],122239]
[[-18159178171,458073519,132031,-48900,-1,1],122251]
[[-837,-5549,-2387,-279,0,1],122543]
[[-1843960,27921,59707,-2884,-1,1],122587]
[[180950119,8267900,-71275,-5702,0,1],122593]
[[-22297850480,376156944,2271580,-49168,-1,1],122921]
[[151906,32357,-491,-351,-2,1],123041]
[[-1556618200,59319030,1216139,-49236,-1,1],123091]
[[21340,5390,-693,-198,0,1],123145]
[[116234928,44494914,3880571,-49308,-1,1],123271]
[[1148,1815,14,-96,-2,1],123403]
[[-327072173,21836091,-59234,-12340,-1,1],123404]
[[34255,19716,-589,-310,0,1],123411]
[[-3537,1761,143,-88,-1,1],123787]
[[-1494826732,33988463,2068837,-49612,-1,1],124031]
[[1852949,-664859,77487,-2952,-1,1],124135]
[[-172099469,13591073,-28653,-9551,0,1],124163]
[[103730,86494,9425,-1149,-1,1],124792]
[[-9,36,-7,-17,0,1],124900]
[[22208,6240,-668,-224,-1,1],125224]
[[1683320376,-23674015,-4619320,-50210,0,1],125525]
[[676457,142217,-270,-819,-1,1],125561]
[[-215,889,85,-68,-1,1],126097]
[[-1827,785,100,-57,-1,1],126337]
[[4704,9240,1824,-362,-1,1],126387]
[[-315151,97837,-723,-818,-1,1],126511]
[[-1201786181,39823035,192438,-12660,-1,1],126604]
[[-205062000,14520850,-23323,-10140,-1,1],126755]
[[-20,-45,115,-37,-2,1],126925]
[[2984,1284,-118,-76,0,1],126932]
[[-736897189,40235763,116954,-12712,-1,1],127124]
[[-2304,2814,627,-183,-2,1],127161]
[[-180,156,24,-32,-1,1],127392]
[[128018,53364,-3558,-841,-1,1],127412]
[[67454743,3984919,-341550,-12744,-1,1],127444]
[[-60,262,-23,-40,0,1],127471]
[[17356562,2781125,-5855,-3513,0,1],127639]
[[-8747,-77,1315,-203,-2,1],127751]
[[10976,4410,-245,-185,0,1],127825]
[[-910919,193683,142000,-6396,-1,1],127928]
[[-389584287,-84726561,-5082611,-51184,-1,1],127961]
[[-3,28,-9,-22,-2,1],128107]
[[-4416541440,-301009792,-6663984,-51340,-1,1],128351]
[[11016718336,39506432,-4816480,-51348,-1,1],128371]
[[3377,2321,-165,-110,0,1],128403]
[[3395,1357,-101,-73,0,1],128537]
[[50171553,1015535,-149495,-5155,0,1],128875]
[[427013,200683,-1081,-1799,-2,1],129043]
[[997,699,-31,-55,0,1],129069]
[[323511,54778,-1405,-477,-1,1],129177]
[[-3350117,1391740,-19882,-9941,0,1],129233]
[[158172183,17752363,-165586,-12936,-1,1],129364]
[[44874165616,690390314,-1829119,-51816,-1,1],129541]
[[5587,-5057,1587,-180,-1,1],129569]
[[39121,4615,-2485,-355,0,1],129575]
[[-29,-178,-184,-57,-1,1],129889]
[[-1018,-1715,-935,-165,0,1],129925]
[[10207227,-4805029,613430,-12996,-1,1],129964]
[[38844892597,663573699,-1367295,-51988,-1,1],129971]
[[144,316,-27,-73,-1,1],129980]
[[99,124,9,-22,-2,1],130099]
[[2568690200,-279241982,6751715,-52056,-1,1],130141]
[[-15670323606,208398679,3525843,-52080,-1,1],130201]
[[-265086,33093,3051,-451,-2,1],130231]
[[-619,658,105,-57,-2,1],130268]
[[243961245,15853222,-80168,-10021,0,1],130273]
[[-1,2,15,-13,-2,1],130300]
[[-2223712,299808,66508,-6520,-1,1],130408]
[[-315,621,-72,-74,-1,1],130572]
[[179035,52216,-61,-610,0,1],130601]
[[111,400,255,-93,-2,1],130669]
[[235252,33689,-3997,-571,0,1],130759]
[[2659426,239085,-10670,-1210,0,1],130900]
[[92578,25215,-410,-328,0,1],130913]
[[-51071910,1271641,161225,-5820,-1,1],130959]
[[366,379,-3,-43,-2,1],131203]
[[15307072,3706462,17871,-10512,-1,1],131405]
[[-6319,-1179,4089,-664,-1,1],131521]
[[-204322,37157,3116,-542,-2,1],131823]
[[6288,34816,960,-436,-1,1],132011]
[[-69,91,11,-31,-2,1],132093]
[[884,1262,-123,-100,-2,1],132271]
[[-41323095,2566677,133485,-5880,-1,1],132309]
[[220407156,-145984653,5331501,-52944,-1,1],132361]
[[275,226,-34,-41,-2,1],132377]
[[573527197,18092584,-294567,-11357,-2,1],132517]
[[-2248,976,126,-69,-2,1],132523]
[[16574152628,122840036,-4742223,-53104,-1,1],132761]
[[-56150227,8057063,41220,-6648,-1,1],132968]
[[-21084700,3576615,-2521,-4199,-2,1],133019]
[[4765993459,-313239233,6907355,-53256,-1,1],133141]
[[-564355,-247919,-34755,-1655,0,1],133393]
[[-257443,117055,8043,-1193,-2,1],133397]
[[28,69,-52,-38,0,1],133408]
[[-285387,95614,-1047,-867,-2,1],133421]
[[756818424,24632460,-177030,-9835,0,1],133475]
[[44907196329,718345621,-1777967,-53392,-1,1],133481]
[[-1107250324,-207030190,-6126895,-53510,0,1],133775]
[[-56,-19,102,-37,-1,1],133925]
[[-1651,-5552,2478,-279,-1,1],133991]
[[292403486,5823283,-428217,-11489,-2,1],134057]
[[-31,-117,-131,-49,-2,1],134089]
[[18000,8372,-696,-269,-2,1],134152]
[[-22184,3524,982,-183,-2,1],134332]
[[-9832491,1153353,9656,-2165,-1,1],134335]
[[4470178832,-338254808,7325980,-53788,-1,1],134471]
[[1297,408,-195,-78,-2,1],134683]
[[3360015,911386,14127,-5097,-1,1],134717]
[[-601776,112896,3918,-767,-2,1],134932]
[[-976,648,140,-64,-2,1],134956]
[[2,-72,126,-39,-2,1],135196]
[[81599911,21323651,-91966,-13524,-1,1],135244]
[[5343086,-270536,-135268,-4831,0,1],135268]
[[-3386897504,-152675190,6262193,-54124,-1,1],135311]
[[-23593167,1646235,96168,-6772,-1,1],135448]
[[-377,10660,1661,-340,-2,1],135603]
[[30279975676,735547485,-1194820,-54310,0,1],135775]
[[738,-2583,-1476,-205,0,1],135792]
[[-109125,53600,610,-477,-1,1],135873]
[[6,31,-51,-34,-1,1],135937]
[[-45079,5767,4733,-818,-1,1],136059]
[[58871,33058,135,-411,-1,1],136213]
[[6684,2263,-155,-93,0,1],136393]
[[169,230,-9,-32,0,1],136483]
[[1103,760,-32,-69,0,1],136603]
[[-21734181,3506642,273,-4103,-2,1],136820]
[[400,756,155,-92,-2,1],136963]
[[446209,103588,-1843,-707,-2,1],136996]
[[104,239,18,-40,-2,1],137593]
[[78811,62128,3865,-866,-2,1],137611]
[[1779755,217891,-5090,-1060,-1,1],137852]
[[-200089679,21201424,52738,-9197,-2,1],137979]
[[480,336,-50,-51,0,1],138132]
[[-85524,16724,1333,-313,-2,1],138149]
[[-98173119,4193275,153544,-6916,-1,1],138328]
[[-21,59,79,-115,-2,1],138391]
[[9,-20,-55,-25,0,1],138500]
[[10848616,-3858339,275191,-6156,-1,1],138519]
[[-6392,3039,58,-125,-1,1],138611]
[[-16918,28861,1760,-470,-2,1],138991]
[[-187,89,54,-27,-1,1],139123]
[[7049017,1580806,-28102,-3193,-1,1],139141]
[[-54052217216,763475144,2380115,-55740,-1,1],139351]
[[7816526381,-423217497,8016793,-55788,-1,1],139471]
[[63,-333,383,-80,-2,1],139813]
[[42176595,14980067,380702,-13996,-1,1],139964]
[[-27785648200,288918970,4522783,-56044,-1,1],140111]
[[57632,-49084,11240,-779,-2,1],140508]
[[361,-19,-253,-82,0,1],140713]
[[-1027800,-648930,-95036,-4161,-2,1],140888]
[[-1557717,1709383,-618,-2703,-1,1],140963]
[[-2420,1033,139,-67,-2,1],141061]
[[-2768,1784,84,-88,-1,1],141079]
[[2024699,133338,-18801,-1485,-1,1],141113]
[[12594,5195,-294,-169,-1,1],141163]
[[1191522,264026,-6870,-3029,-2,1],141428]
[[135628,43173,-287,-451,0,1],141737]
[[-1015101,-406565,-52155,-2135,0,1],141825]
[[-23474,-22565,-6245,-535,0,1],142075]
[[5948442,679873,-3147,-1717,-2,1],142115]
[[-296031593,16267762,48004,-9473,-2,1],142119]
[[9607,3259,-283,-136,-1,1],142399]
[[-11,27,5,-23,-2,1],142675]
[[28763,9394,-971,-353,-1,1],142693]
[[4027,10850,310,-225,-2,1],142703]
[[-179303349,-9160285,846110,-14292,-1,1],142924]
[[40250922916,540868003,-3337815,-57252,-1,1],143131]
[[307,207,-31,-37,-2,1],143167]
[[-4509,16982,-655,-351,-2,1],143172]
[[111357,26166,-573,-351,-2,1],143172]
[[18,1035,-315,-115,0,1],143325]
[[-1120,696,86,-63,-1,1],143353]
[[24527254,4827225,-34657,-4951,0,1],143579]
[[-156776518,-19182665,-808685,-12315,0,1],143675]
[[-12167,9661,1026,-279,-1,1],143891]
[[625,550,-25,-56,-2,1],144029]
[[-853586128,35129956,111960,-12347,-2,1],144067]
[[-1222430,47662,16424,-1139,-2,1],144476]
[[16140269,-3636185,275972,-7224,-1,1],144488]
[[-175227881,42881427,132962,-14452,-1,1],144524]
[[261,174,-29,-29,0,1],144652]
[[692663069,110444623,-4588647,-57864,-1,1],144661]
[[-31542953,2636177,29831,-4452,-1,1],144703]
[[11431229698,197873459,-4475701,-57900,-1,1],144751]
[[-23875013,2062372,11885,-3046,-2,1],144761]
[[5893047,802291,2482,-2068,-1,1],144788]
[[-697,483,150,-64,-1,1],144812]
[[-170624,-101752,-18789,-1107,-2,1],144841]
[[1508,1984,35,-104,-2,1],144925]
[[350992,49958,-7538,-893,-2,1],145124]
[[-93,62,31,-19,-2,1],145204]
[[284132,56560,-1535,-515,0,1],145225]
[[48733831185,856210693,-1588325,-58180,-1,1],145451]
[[-69,-325,295,-63,-2,1],145483]
[[5738015824,-67756440,-6141155,-58210,0,1],145525]
[[82241,6690,-3521,-451,-1,1],145729]
[[207392,17440,-6602,-766,-2,1],145844]
[[48300601968,837566718,-1477429,-58396,-1,1],145991]
[[-199,-129,399,-114,-1,1],146179]
[[-393324,35872,11093,-969,-1,1],146196]
[[-80737176,-12072323,-618805,-11251,0,1],146263]
[[20717224,1622196,-23854,-3137,-2,1],146468]
[[3550477055,-294070409,7485825,-58620,-1,1],146551]
[[-81,183,26,-40,-1,1],146660]
[[-17343893504,545374464,-1161872,-58680,-1,1],146701]
[[185,253,-5,-34,-1,1],146719]
[[-2852,2201,-124,-124,0,1],146816]
[[133551,26961,-1463,-418,0,1],146927]
[[-3138839,246046,28560,-1935,-2,1],146929]
[[-241791,-331870,-75856,-4741,0,1],146971]
[[482508,62820,-3552,-612,-1,1],146976]
[[-53165,-9485,6590,-588,-1,1],147100]
[[429156468,27204363,-79247,-11321,0,1],147173]
[[-616670641,46627463,47118,-14724,-1,1],147244]
[[16506,5895,-5895,-655,0,1],147375]
[[-311,72,101,-33,-2,1],147404]
[[-3070339,10815783,-13292,-7384,-1,1],147688]
[[-33720,8825,1115,-268,-1,1],147925]
[[-3450327,435664,3485,-1419,-1,1],148131]
[[-149744,52992,1074,-463,-2,1],148268]
[[496,9042,1383,-312,-1,1],148319]
[[523989487,3724119,-753486,-14832,-1,1],148324]
[[3057894401,-248242015,6627429,-59332,-1,1],148331]
[[16036,6541,-844,-422,0,1],148333]
[[688,505,-24,-50,0,1],148457]
[[-3798145,349416,13883,-1456,-2,1],148493]
[[78455,23572,-923,-355,0,1],148532]
[[5807299,593625,-19888,-2059,-1,1],148571]
[[2080,5746,871,-269,-2,1],148863]
[[-2442,4411,-418,-319,0,1],149281]
[[6045527,745054,-1891,-1891,0,1],149389]
[[-8183,-16716,9115,-729,-2,1],149492]
[[33,361,-52,-54,-1,1],149508]
[[6476273,3097323,165976,-7476,-1,1],149528]
[[-1741,667,199,-79,-2,1],149575]
[[39852669,-718825,-241337,-6648,-1,1],149589]
[[308196018,12255685,-99115,-6915,0,1],149825]
[[356517,132020,-23331,-3209,-2,1],149828]
[[108,813,-161,-85,0,1],149839]
[[-8134,2590,245,-105,-1,1],149912]
[[1568064,-407328,-162612,-9995,-2,1],149949]
[[271201856,-86851779,5262035,-60000,-1,1],150001]
[[-2043,1609,63,-97,-1,1],150113]
[[-41801,33333,388,-367,-1,1],150227]
[[-34680,38456,-1006,-609,-2,1],150307]
[[5533,51836,198,-495,-2,1],150317]
[[37647,32247,241,-385,-1,1],150347]
[[-431,862,0,-431,0,1],150419]
[[-8766,3117,970,-291,-2,1],150491]
[[-33421456,-1051036,288944,-7523,-2,1],150492]
[[312002,-197098,-75435,-3369,-1,1],150632]
[[-34664889600,714382632,735372,-60276,-1,1],150691]
[[32444847,23131419,-343742,-15076,-1,1],150764]
[[22008,2358,-1572,-262,0,1],150912]
[[-27864,-28080,-9072,-939,-1,1],150975]
[[-672,-184,520,-114,-1,1],150975]
[[409969593,25001460,-77165,-10065,0,1],150975]
[[257,-471,283,-58,-1,1],151069]
[[-2761,2651,-275,-176,0,1],151151]
[[-667008,136128,168,-840,-1,1],151272]
[[188061787,-3918081,-768726,-15132,-1,1],151324]
[[-710572920,26425130,226427,-12108,-1,1],151355]
[[1431967,382948,9431,-1745,-2,1],151372]
[[229000405,7293526,-407785,-11651,0,1],151463]
[[-9829964749,-90724123,6961877,-60696,-1,1],151741]
[[4714282,498873,-6160,-1442,-2,1],151979]
[[2129720,192422,-12160,-1265,-2,1],151992]
[[63,53,-28,-27,-1,1],152017]
[[755618735,21752631,-559522,-15204,-1,1],152044]
[[-233893,-128865,-22385,-1265,0,1],152075]
[[-154469153,22226032,10816,-10139,-2,1],152109]
[[268,194,-54,-47,0,1],152136]
[[172665,15144,-4451,-544,-2,1],152179]
[[1764,1238,-368,-146,-2,1],152192]
[[1447452,4832,-42219,-2440,-1,1],152525]
[[15,49,-15,-22,-1,1],152563]
[[-59196506014,800021185,3033509,-61036,-1,1],152591]
[[253382656,-161756672,-6214320,-61044,-1,1],152611]
[[252269439,9443779,-561730,-15264,-1,1],152644]
[[-2056,2019,48,-103,-1,1],152857]
[[-8566600,-2294625,-195175,-5275,0,1],152975]
[[-3861609992,-35611662,5124817,-61228,-1,1],153071]
[[-5077,-10744,-4672,-485,-2,1],153279]
[[176,11,-130,-51,-1,1],153373]
[[-9083456,-4886152,1607852,-61368,-1,1],153421]
[[-68351725987,973248429,2252367,-61372,-1,1],153431]
[[-52,4,109,-49,-1,1],153484]
[[-15280621,16265983,510098,-15364,-1,1],153644]
[[4707,3473,-103,-260,-1,1],153667]
[[-79,289,-53,-86,0,1],153763]
[[6040047,573188,-22811,-2176,-2,1],153793]
[[-4041,897,534,-131,-1,1],153843]
[[-35008409,-5484105,-301595,-6155,0,1],153875]
[[-40008,-47388,-13992,-1139,-2,1],153981]
[[-4529,2237,203,-97,-2,1],153983]
[[-6494016,-2188976,-217652,-6844,-1,1],153999]
[[173,196,-8,-29,0,1],154243]
[[25170541,2879551,-102161,-10283,-2,1],154269]
[[196,237,11,-31,-2,1],154291]
[[-88490527,8536499,16976,-7716,-1,1],154328]
[[181879,761,-8371,-761,0,1],154483]
[[227488887,-27469109,1099926,-15448,-1,1],154484]
[[-2784475409,-267669833,-7692231,-61884,-1,1],154711]
[[-45572,14898,497,-280,-2,1],154847]
[[-285149081,20368972,-9650,-10337,-2,1],155079]
[[-11935,-25234,-8525,-682,0,1],155155]
[[7011,3444,-82,-123,0,1],155349]
[[379156500,-292757496,-8160085,-62148,-1,1],155371]
[[2331419,-1426833,267570,-15556,-1,1],155564]
[[1139216,109548,-22154,-1669,-1,1],155647]
[[47677051922,960396555,-1699709,-62260,-1,1],155651]
[[-12023383,3145579,204056,-7788,-1,1],155768]
[[389,-660,367,-69,-1,1],155821]
[[292368,147064,-7380,-1272,-1,1],155869]
[[-7,-296,-281,-69,0,1],155908]
[[39175,11265,-288,-207,-1,1],155977]
[[37214352,2871531,-311445,-10403,-2,1],156069]
[[112519631,6339116,-37472,-5083,-1,1],156133]
[[150,125,-72,-43,-1,1],156271]
[[-4511088,8034,77208,-3911,-2,1],156504]
[[-2664,804,532,-123,-2,1],156563]
[[-85896,37326,-743,-664,-1,1],156889]
[[1863,1119,-44,-69,-1,1],157033]
[[-1488,1432,-45,-123,-1,1],157108]
[[446095,32726,-13005,-1107,-2,1],157132]
[[3961,2006,-141,-126,-2,1],157267]
[[-295080412,7039071,571916,-13487,-2,1],157367]
[[577584,77928,-2674,-573,0,1],157384]
[[76,1268,-19,-81,-1,1],157388]
[[175,-362,231,-47,-2,1],157444]
[[-819,752,23,-63,-1,1],157493]
[[1457,1425,-101,-86,0,1],157513]
[[19235232,6909480,103356,-12604,-1,1],157555]
[[918244256,23356804,-449919,-13523,-2,1],157787]
[[1440,1128,-12,-68,-1,1],157989]
[[-339,2720,65,-105,-1,1],158119]
[[6578041,445334,-27053,-2081,0,1],158156]
[[-49,-266,-317,-78,0,1],158167]
[[9,-61,108,-40,-1,1],158272]
[[-4273677873,-133546029,6885971,-63348,-1,1],158371]
[[-728,344,270,-78,-2,1],158404]
[[-16934482,1068483,44376,-2880,-2,1],158488]
[[7879994898,-482091439,9367193,-63420,-1,1],158551]
[[-4093,4612,80,-147,-1,1],158675]
[[-128,996,-215,-115,0,1],158803]
[[24272,8610,-205,-205,0,1],158875]
[[92132,-37975,-13020,-930,0,1],158875]
[[-1564,900,168,-76,-1,1],158912]
[[1983192,222940,-5402,-1008,-2,1],159012]
[[3229,1344,-109,-77,0,1],159172]
[[56,144,-34,-34,0,1],159292]
[[16,-40,-139,-84,-1,1],159457]
[[-5533,1775,351,-112,-2,1],159463]
[[1701,723,-109,-63,0,1],159561]
[[15217594,1086971,-42154,-3011,0,1],159583]
[[861565,63548,-11483,-1031,-1,1],159867]
[[25598484032,697693824,908124,-63952,-1,1],159881]
[[660428389,16495641,-430535,-12301,0,1],159913]
[[245,313,-43,-56,-1,1],160179]
[[-20449,41063,-5362,-809,-1,1],160247]
[[-17234976111,-5618819,7235385,-64200,-1,1],160501]
[[-512121,149644,-253,-1120,-2,1],160529]
[[87328,-60744,14076,-1104,-1,1],160891]
[[987678143,39279723,-206034,-16096,-1,1],160964]
[[3,38,31,-19,-2,1],161068]
[[2804,-1020,-1064,-180,-1,1],161128]
[[361,361,-19,-61,-2,1],161291]
[[-6826729,2316867,17843,-3796,-1,1],161347]
[[-1453,773,278,-125,-1,1],161447]
[[-1147,1279,-42,-95,-1,1],161569]
[[-4509,3810,-229,-181,-2,1],161612]
[[124497,28548,-987,-367,-1,1],161711]
[[162,486,-54,-60,-1,1],161888]
[[72,100,-154,-60,0,1],161932]
[[45525,11500,-1550,-325,0,1],162025]
[[1583496249,-313939640,-8781755,-64810,0,1],162025]
[[2280974992,-199454976,-7505276,-64812,-1,1],162031]
[[-43950536,3081924,29186,-3473,-2,1],162148]
[[-2465779,289791,6979,-1224,-1,1],162233]
[[-296,796,-86,-137,-2,1],162492]
[[28183,5119,-1307,-269,-2,1],162657]
[[-2296,555,316,-89,-1,1],162709]
[[-361116,-73544,23330,-1356,-1,1],162768]
[[343,466,76,-63,-2,1],162815]
[[21326868,1314060,-34390,-2715,0,1],162900]
[[-5575,-43030,-20269,-1413,-1,1],162923]
[[-56797,30210,2369,-606,-2,1],162967]
[[379435,62853,-1165,-482,-2,1],162967]
[[-36506542,5558071,75747,-7523,-2,1],163033]
[[63909,-13059,-6755,-601,-2,1],163357]
[[-1342,1351,41,-101,-2,1],163501]
[[-899132401,-256668840,-8208955,-65410,0,1],163525]
[[474115810,14157763,-319259,-10907,-2,1],163629]
[[1603,2734,35,-110,-2,1],163697]
[[424,789,91,-63,-2,1],163733]
[[-18611,8815,233,-236,-2,1],163735]
[[-2189378063,-142316937,7590429,-65604,-1,1],164011]
[[3448,1441,-136,-82,0,1],164104]
[[-856,6196,-782,-253,-1,1],164529]
[[22846845,-6462114,-540387,-10967,-2,1],164529]
[[-1066884407,32498691,338325,-13164,-1,1],164555]
[[73,883,12,-63,-1,1],164839]
[[-78598873,-25083621,-1167662,-16492,-1,1],164924]
[[-2605,1143,119,-72,-2,1],164971]
[[-19501321,-7453671,-744217,-14147,-2,1],165067]
[[15762,7171,-426,-284,0,1],165075]
[[3564,2706,-253,-132,0,1],165275]
[[-25,-60,101,-33,-2,1],165276]
[[1904,83184,2152,-695,-1,1],165676]
[[834184,537188,44376,-2880,-2,1],165692]
[[12995820576,539646108,2767729,-66372,-1,1],165931]
[[127094761,6538657,-152981,-7673,-2,1],166283]
[[674527,761319,2218,-1848,-1,1],166356]
[[-59421422950,667501177,4841849,-66600,-1,1],166501]
[[5658624,80288,-52753,-2546,-1,1],166577]
[[-14161,-9198,42822,-3823,-1,1],166591]
[[13,-18,-67,-35,-2,1],166876]
[[-384,224,178,-82,-2,1],166892]
[[-244,63,110,-40,-2,1],166925]
[[-12296,20651,270,-295,-1,1],167323]
[[81,315,-99,-81,-2,1],167571]
[[3456,2196,-18,-103,0,1],167689]
[[57419,25820,-217,-323,-1,1],167717]
[[609,19,-241,-72,-1,1],167787]
[[-31110,23063,-2137,-508,-1,1],167813]
[[-311719867,54986151,1390303,-67164,-1,1],167911]
[[-2523,370,369,-84,-2,1],167989]
[[-5865200,13630,69577,-3059,-2,1],168333]
[[-19226813216,21899052,7455025,-67344,-1,1],168361]
[[-13110252,2452519,-13032,-3865,-1,1],168421]
[[-45485,-40721,-11071,-832,-1,1],168561]
[[612994,141325,-1166,-1247,-2,1],168561]
[[892,-1206,541,-82,-2,1],168575]
[[86563150006,1145819315,-2920689,-67452,-1,1],168631]
[[208,809,56,-63,-1,1],168649]
[[-98730,55827,-4848,-864,-2,1],168792]
[[3466981,44420,-42199,-2221,0,1],168796]
[[-31802153,217861,406197,-14471,-2,1],168847]
[[67,-249,211,-49,-2,1],169147]
[[422,-1007,566,-95,-2,1],169157]
[[68120680,33031535,-31143,-13540,-1,1],169255]
[[579,514,-120,-65,0,1],169399]
[[4893841,13158958,8352,-7829,-2,1],169663]
[[29865724649,251674460,-6485405,-67910,0,1],169775]
[[-89781251528,1158602382,3106887,-67984,-1,1],169961]
[[-2447895,447979,3116,-1416,-1,1],169968]
[[-142438465,2889387,530662,-17008,-1,1],170084]
[[-44,96,1,-45,-1,1],170244]
[[2800,1532,-88,-80,0,1],170312]
[[-5488,-1470,2499,-357,-2,1],170401]
[[-252,186,73,-43,-1,1],170572]
[[-9398,3705,292,-172,-2,1],170624]
[[1087950128,27355684,-502302,-14657,-2,1],171017]
[[-833,-56,385,-84,-2,1],171199]
[[-260601462,25575669,-132642,-12615,-1,1],171209]
[[-185,433,-110,-74,-1,1],171232]
[[10050,6080,-154,-183,-2,1],171252]
[[-1783313,485050,-9776,-2835,-2,1],171287]
[[79,139,-19,-31,0,1],171581]
[[30215091951,393605235,-4775345,-68710,0,1],171775]
[[-19864,-16044,-4202,-382,0,1],171900]
[[154874,193487,-11394,-1688,0,1],171965]
[[-1028,1396,2377,-353,-1,1],171988]
[[2788447,-1268694,177824,-7937,-2,1],172003]
[[-4746918,-1122865,-93010,-2840,0,1],172175]
[[35408,10464,-261,-202,-1,1],172271]
[[17782093,1677100,-46685,-5200,-2,1],172303]
[[1063985,440575,-42204,-3711,-1,1],172315]
[[5453400,495625,-10675,-1525,0,1],172325]
[[4591040,-2545472,233648,-6083,-2,1],172397]
[[284,519,142,-64,-2,1],172411]
[[-8442404871,-546912481,-10505715,-68980,-1,1],172451]
[[1166945,-103575,-89765,-6905,0,1],172625]
[[667,798,67,-87,-2,1],172636]
[[2507,633,-331,-107,-2,1],172813]
[[-102984,65692,3456,-784,-2,1],172832]
[[9451,4644,-148,-137,0,1],172877]
[[36,-59,-108,-38,0,1],172896]
[[9888,1576,-844,-180,-1,1],172953]
[[-10459868244,-589116008,-10749307,-69216,-1,1],173041]
[[48258307327,1018607923,-366847,-69216,-1,1],173041]
[[-133336368,7332976,170860,-7696,-1,1],173169]
[[-90680,9688,5686,-637,-2,1],173197]
[[928,1633,256,-239,-2,1],173232]
[[12720825,1283964,-36899,-3713,-2,1],173348]
[[-1161,-504,579,-107,-1,1],173677]
[[-23,15,35,-25,-2,1],173683]
[[74524,73923,-1202,-601,0,1],173689]
[[68587,-31409,-18589,-1282,0,1],173711]
[[-947,1059,3,-81,-1,1],173888]
[[-72093,15470,893,-258,-2,1],173943]
[[192,248,-40,-46,-1,1],173977]
[[1783,598,-317,-115,-2,1],174020]
[[547,538,-11,-66,-2,1],174091]
[[2210610376,73226460,-295970,-17410,0,1],174100]
[[-86204,22512,2448,-603,-1,1],174124]
[[-36,-660,515,-100,-1,1],174337]
[[-26235956,416951,159516,-5685,-1,1],174623]
[[1804,1210,-55,-110,0,1],174625]
[[-45,119,-15,-58,-1,1],174821]
[[11340,8748,641,-257,-1,1],174988]
[[-5275,1,1199,-229,-1,1],174995]
[[112778,-672845,177219,-5525,-2,1],175009]
[[-1450625,144733,11879,-1231,-1,1],175409]
[[276648,54148,-1935,-573,-1,1],175436]
[[2856947,372109,-19911,-2147,-2,1],175469]
[[14124184,1175985,-22480,-2810,0,1],175625]
[[11619,3489,-227,-117,0,1],175659]
[[1204,731,0,-51,-2,1],175741]
[[13633200,-1623000,-392225,-13525,0,1],175825]
[[440613007,39797915,-119710,-17604,-1,1],176044]
[[6891368,827561,-7930,-2201,-2,1],176208]
[[82925775,5924466,-10233,-5291,-2,1],176420]
[[-55184417077,727836037,4430407,-70660,-1,1],176651]
[[-450707,223750,1361,-971,-2,1],176689]
[[19671385880,1238642542,-586747,-70692,-1,1],176731]
[[2356,2288,69,-105,-1,1],177032]
[[-163713584,-13016528,3097823,-70888,-1,1],177221]
[[-83,-315,-269,-69,-1,1],177435]
[[-1671,3872,55,-129,-1,1],177453]
[[-329733,76786,1571,-615,-1,1],177561]
[[-513,183,223,-67,-2,1],177635]
[[1191779,482168,-17247,-3121,-2,1],177748]
[[-45,144,-71,-53,0,1],177787]
[[-47,98,8,-25,-2,1],177795]
[[101468,9435,-6040,-640,0,1],177800]
[[-212,32,91,-29,-2,1],177991]
[[-441,-147,357,-77,-2,1],178059]
[[217268,-160207,32631,-1656,-1,1],178063]
[[1886,1055,-54,-72,0,1],178153]
[[45095643,-7277135,401767,-7924,-1,1],178299]
[[3964,2749,-148,-118,0,1],178531]
[[2058,4214,602,-383,-1,1],178636]
[[929151,160044,-2096,-795,-1,1],178637]
[[545,1339,114,-87,-1,1],179233]
[[-7587425504,-562466856,-11031828,-71728,-1,1],179321]
[[1764,1427,97,-95,-2,1],179609]
[[16605983280,639296728,2601636,-71868,-1,1],179671]
[[7305613,586453,-14735,-1684,0,1],179767]
[[-729665800,-239278454,-8724915,-71928,-1,1],179821]
[[391,164,-100,-45,0,1],179821]
[[-37725835056,248783960,7495356,-71932,-1,1],179831]
[[-24244391,653691,5521817,-71992,-1,1],179981]
[[-1088,-282,607,-115,-2,1],180059]
[[-102279538223,1313501259,3147641,-72028,-1,1],180071]
[[-20,40,0,-17,0,1],180100]
[[55533777953,1313369909,-1535483,-72088,-1,1],180221]
[[197628636,10231464,-207729,-12029,-2,1],180459]
[[4427,2280,-95,-95,0,1],180500]
[[122,126,-82,-43,0,1],180604]
[[961,713,-217,-93,-1,1],180637]
[[5207,2285,-111,-108,-1,1],180673]
[[229,-61,-199,-63,-1,1],180683]
[[-2605143,266618,30201,-2107,-2,1],180853]
[[34633101291,196561921,-7690635,-72348,-1,1],180871]
[[-1403,1507,-13,-87,0,1],180905]
[[19626978,-10699,-157699,-5572,-1,1],181103]
[[-108817371841,1364339575,3165995,-72448,-1,1],181121]
[[-100,246,1,-39,-1,1],181156]
[[-4259468,-607228,273624,-9060,-1,1],181208]
[[-12323578510,-661981911,-11624379,-72516,-1,1],181291]
[[56536567477,627436739,-5607373,-72540,-1,1],181351]
[[321064221,13574105,-94315,-7255,0,1],181375]
[[1960216,177890,-18311,-1787,-1,1],181719]
[[85254925,14968055,-295495,-14556,-1,1],181955]
[[-171412,33969,1348,-385,-1,1],182081]
[[365279,238535,-18297,-1776,-1,1],182081]
[[-149,-51,167,-51,-2,1],182173]
[[-92795697,1868613,209193,-6480,-2,1],182295]
[[159655,88609,1559,-679,-2,1],182327]
[[-33473,-19267,7443,-609,-2,1],182399]
[[917,2208,-136,-127,-2,1],182431]
[[9384,-172,-1978,-357,-2,1],182457]
[[-10773324,-5912190,-401445,-8110,0,1],182475]
[[45306729,1882773,-93471,-4451,0,1],182491]
[[-5328,1407,364,-99,-2,1],182617]
[[-915085,366034,0,-1383,0,1],183017]
[[-8063738,1658813,12763,-3137,-2,1],183085]
[[-3188479,592039,31920,-2616,-1,1],183148]
[[-989998,135174,9072,-1051,-1,1],183244]
[[-5547037,26348,68423,-3249,-1,1],183359]
[[315,491,-23,-47,0,1],183377]
[[7696,12608,-6492,-1708,-1,1],183653]
[[261,-945,809,-158,-1,1],183739]
[[2461,1484,-860,-351,-2,1],183803]
[[16532559,3342510,13887,-4083,-2,1],183807]
[[-34787,8929,734,-229,-1,1],183923]
[[10167793472,-616569240,11494508,-73588,-1,1],183971]
[[367,124,-106,-45,0,1],183989]
[[13225255,948411,-19571,-2104,-1,1],184135]
[[-65,-311,270,-59,-1,1],184489]
[[1275,-1730,759,-108,-2,1],184561]
[[451,320,-19,-37,0,1],184588]
[[902268,135610,-6390,-1065,0,1],184600]
[[55547,21577,-444,-477,-1,1],184853]
[[-124092588,6844129,93733,-6085,-2,1],184939]
[[-16824160,-4294900,-325820,-7405,0,1],185125]
[[3551,1160,-345,-110,0,1],185175]
[[-68,195,14,-44,-2,1],185359]
[[-32363,11729,124,-257,-1,1],185427]
[[-133,201,-19,-48,-1,1],185471]
[[670299482,14254535,-647210,-15915,0,1],185675]
[[19065073,81514,-160715,-6111,-2,1],185729]
[[17,18,-15,-18,-2,1],185827]
[[-824341,43046,11729,-939,-1,1],185867]
[[11655608,1231913,-11066,-2289,-2,1],185891]
[[-114078651987,1446065059,3176043,-74380,-1,1],185951]
[[55663,14793,-321,-241,-1,1],186304]
[[-242,-589,-408,-93,-2,1],186377]
[[-29216582,4143287,-59085,-5736,-1,1],186433]
[[14018716754,-706166009,12134231,-74580,-1,1],186451]
[[-1946080,969028,4796,-1997,-2,1],186536]
[[-122246,34073,1726,-495,-2,1],186607]
[[1421,-5130,3299,-358,-2,1],186713]
[[-32862680596,1354445328,1173801,-74764,-1,1],186911]
[[137,178,3,-38,-2,1],187129]
[[-83938894969,1396885623,2523065,-74868,-1,1],187171]
[[-227924498,30562327,75715,-12479,-2,1],187209]
[[31915371978,111118563,-8566145,-74944,-1,1],187361]
[[-114091949,7459616,45355,-5621,-2,1],187420]
[[-147397581,-22087865,-1102406,-18748,-1,1],187484]
[[-1386,2706,-550,-231,0,1],187484]
[[321133174,13206669,-88844,-7099,-1,1],187627]
[[729,675,16,-67,-1,1],187725]
[[3568,8536,-204,-228,-2,1],187780]
[[-13240008,967728,88476,-4173,-1,1],187803]
[[2707079,524990,4292,-1787,-2,1],187803]
[[182,259,-14,-44,0,1],187873]
[[38907,10692,-330,-209,0,1],187957]
[[-1000,-5100,-2770,-357,-2,1],188012]
[[9569,-8555,2456,-246,-1,1],188012]
[[-9365630,701779,18301,-1843,-2,1],188069]
[[-912,1184,-220,-114,-1,1],188077]
[[51,-83,-141,-51,-2,1],188077]
[[148324,35185,-780,-410,0,1],188200]
[[-538181,96372,1312,-667,-1,1],188363]
[[-27556,19876,513,-1353,-1,1],188365]
[[13,59,-135,-67,-1,1],188527]
[[-69735311251,897011019,5105961,-75420,-1,1],188551]
[[-4751586203,-541256009,-11486527,-75420,-1,1],188551]
[[-43,2094,-75,-126,-2,1],188551]
[[-69,-11,77,-28,-1,1],188575]
[[997,380,-193,-73,0,1],188612]
[[-599,1867,222,-111,-1,1],188671]
[[-19460169,-4578330,-332420,-7555,0,1],188875]
[[11361786,2187729,-9003,-3001,0,1],189063]
[[-313357,89060,-915,-915,0,1],189100]
[[46256812751,1048259775,582893,-75700,-1,1],189251]
[[-204,55,150,-48,-2,1],189439]
[[100,120,-70,-76,-1,1],189520]
[[-122682159909,1453497433,3768075,-75816,-1,1],189541]
[[-1169,1091,79,-72,-2,1],189733]
[[13408,-1632,-2254,-310,-2,1],189748]
[[-120,104,20,-24,-1,1],189824]
[[-9465006,1244983,23411,-3040,-1,1],190025]
[[2585099,278960,-11055,-1485,0,1],190025]
[[12771275,962500,-14300,-1925,0,1],190025]
[[-11594,-9942,4054,-385,-1,1],190076]
[[-226363341,24898723,-357358,-19008,-1,1],190084]
[[323083,89484,-685,-1139,-2,1],190100]
[[3470413,435156,-5294,-1353,-2,1],190165]
[[3459956271,89472835,-395874,-19032,-1,1],190324]
[[11406038995,-622268149,11561421,-76212,-1,1],190531]
[[104388459,-34143733,1471154,-19056,-1,1],190564]
[[12,52,32,-33,-1,1],190764]
[[-623508,-1203140,-523569,-15264,-1,1],190805]
[[-355,361,19,-50,-1,1],190807]
[[81,236,81,-46,-2,1],190867]
[[-630612,67097,6473,-754,-1,1],190937]
[[-17021236,-3696191,-262552,-6217,-1,1],190963]
[[1385132,208190,-1910,-955,0,1],191000]
[[-15025653180,-741834769,-12553243,-76404,-1,1],191011]
[[258621201,12576294,-167004,-8819,-2,1],191113]
[[-103121303,22680970,85813,-12743,-2,1],191169]
[[2073497,210789,-7807,-1055,0,1],191377]
[[-2549043,235657,10451,-1153,-2,1],191513]
[[-4549,9085,-2045,-435,0,1],191575]
[[-2016,1044,129,-65,-2,1],191619]
[[-9,5,38,-19,-1,1],191725]
[[-65266789,483163,304321,-8524,-1,1],191799]
[[-13480700351,-737875265,-12712055,-76810,0,1],192025]
[[-65576,60892,-11710,-1171,0,1],192044]
[[93,961,0,-70,-1,1],192076]
[[-26,81,12,-22,-2,1],192224]
[[-1755,945,72,-65,-1,1],192285]
[[1539,1386,110,-109,-2,1],192403]
[[38051,6535,-1145,-235,0,1],192425]
[[3728,1664,-712,-180,-1,1],192544]
[[-686,691,-35,-79,-2,1],192739]
[[-93465,39933,875,-445,-1,1],192832]
[[6223,2476,-86,-103,-2,1],192919]
[[-138831165,-24717069,-1328418,-19308,-1,1],193084]
[[55411976,-3359940,-714470,-19310,0,1],193100]
[[-55434172,2678511,72730,-4159,-1,1],193115]
[[91,21,-497,-139,-1,1],193151]
[[10710,-19413,-6442,-549,-1,1],193151]
[[-1608,228,432,-95,-2,1],193491]
[[662750,66275,-26510,-2651,0,1],193523]
[[-14099042640,-709464553,-12333707,-77424,-1,1],193561]
[[-170453889,6601359,117341,-5956,-1,1],193583]
[[-39640130,12737397,-565315,-77440,-1,1],193601]
[[-7331,7122,1234,-279,-2,1],193675]
[[-1618,-2765,-1410,-215,0,1],193825]
[[-315,-480,1563,-234,-2,1],193905]
[[109490107,23639949,209629,-77640,-1,1],194101]
[[3932,-115,-1860,-390,0,1],194275]
[[1436,962,0,-61,-2,1],194308]
[[-34377012,5327623,3214,-4944,-2,1],194733]
[[8698048868,-581840916,11746221,-77944,-1,1],194861]
[[-3707,27610,-4840,-2365,0,1],194975]
[[5821618149,-431038245,10042255,-78028,-1,1],195071]
[[148,144,-4,-25,-1,1],195196]
[[7582376192,87482304,-5456992,-78180,-1,1],195451]
[[-968,-5440,-2410,-290,0,1],195700]
[[4232,2760,-110,-140,0,1],195700]
[[3693904,1553921,20987,-3132,-1,1],195775]
[[-5332133,1139302,-32429,-3263,-2,1],195876]
[[-3704201136,404592320,-5001180,-78388,-1,1],195971]
[[1015476,402710,-4345,-1760,0,1],196075]
[[306,301,-1,-34,-1,1],196141]
[[2323251,323019,-2038,-1192,-1,1],196204]
[[10132,1225,-1010,-203,-2,1],196416]
[[-12804837050,-676559839,-12227763,-78736,-1,1],196841]
[[-30389,6268,2637,-584,-2,1],196847]
[[208,-1449,2555,-334,-1,1],197065]
[[2945706202,-453237287,-11693811,-78852,-1,1],197131]
[[117,100,-88,-73,0,1],197137]
[[-3477516549,84904339,536286,-19716,-1,1],197164]
[[-1451,-2504,-1307,-225,-2,1],197219]
[[76875,16195,-1927,-451,0,1],197333]
[[1604337,154240,-7953,-964,0,1],197379]
[[3796605,1163349,1953,-2612,-1,1],197485]
[[-103,-21,115,-34,-2,1],197531]
[[-1717362,218619,7299,-1104,-1,1],197537]
[[65992,33499,-542,-564,-2,1],197657]
[[6182211,257332,-61693,-3097,-1,1],197687]
[[729,1458,-63,-90,0,1],197901]
[[15333,6493,-19,-180,-1,1],197901]
[[6384170240,-482105472,10782736,-79168,-1,1],197921]
[[185969,32302,-1581,-403,0,1],198028]
[[-277,523,46,-92,-1,1],198148]
[[223,214,-1,-35,-2,1],198316]
[[-197200,57808,3372,-878,-1,1],198433]
[[1122905679,40242403,-611454,-19852,-1,1],198524]
[[399,327,-15,-41,-2,1],198531]
[[-6071,-9434,-4178,-467,-2,1],198671]
[[104069887,21891611,-652602,-19896,-1,1],198964]
[[1,2,-150,-81,0,1],199081]
[[822410424,32373660,-457930,-19910,0,1],199100]
[[-68,41,27,-15,-2,1],199225]
[[-32941678,6384319,41087,-6132,-1,1],199303]
[[2639,1169,-74,-70,-1,1],199584]
[[63240480,4104396,-53913,-4941,-2,1],199605]
[[17094644,-4803225,389718,-9136,-2,1],199885]
[[153,390,-99,-71,-2,1],199956]
