[[24541,18854,-2167,-440,0,1],200321]
[[585,-944,486,-79,-2,1],200461]
[[-1375,695,94,-61,-1,1],200597]
[[-23528,7748,310,-192,-2,1],200684]
[[339,216,-210,-73,0,1],200709]
[[-131,180,277,-148,-2,1],200783]
[[16,146,148,-51,-2,1],200888]
[[-33,113,-28,-40,-1,1],200992]
[[-620288,200336,840,-1035,-2,1],201143]
[[-37128297776,146254642,9312045,-80484,-1,1],201211]
[[-205,779,375,-112,-1,1],201269]
[[62383049,12039460,-293505,-11510,0,1],201425]
[[3994,1955,-114,-92,0,1],201547]
[[6893,3814,-14,-147,0,1],201667]
[[16642,-29992,8352,-637,-2,1],201748]
[[-3432,5260,-40,-165,0,1],201775]
[[-2975,-4375,-1925,-275,0,1],201775]
[[196,-392,-400,-93,-1,1],202108]
[[560,1004,-85,-81,-1,1],202268]
[[204,182,-44,-50,0,1],202336]
[[1376,4888,46,-148,-2,1],202532]
[[75433941,4009631,-342340,-10128,-1,1],202568]
[[178640359,11218402,-444818,-13505,-2,1],202599]
[[-27388997,26711319,-786414,-20268,-1,1],202684]
[[82115,9346,-5692,-893,-2,1],202847]
[[-366444,30420,7960,-780,-1,1],202904]
[[1443,1832,151,-105,-1,1],203191]
[[64,113,-40,-58,0,1],203263]
[[100491,27388,-615,-328,0,1],203319]
[[2899912,889956,938,-2345,-2,1],203372]
[[-5235,2182,409,-126,-2,1],203423]
[[-112,190,113,-66,-1,1],203447]
[[-7638060,666312,12214,-1696,-1,1],203568]
[[-283048209,18535608,66402,-9395,-2,1],203593]
[[3389,1522,-119,-93,-2,1],203852]
[[629472375,66749175,228350,-20388,-1,1],203884]
[[-13462492176,-723701360,-13036548,-81580,-1,1],203951]
[[12915,13270,651,-280,-2,1],203995]
[[-14700890799,-814182165,-13832895,-81610,0,1],204025]
[[10720100,11838360,-14895,-7141,-1,1],204040]
[[-3270,1561,111,-87,-2,1],204181]
[[576,657,-40,-58,0,1],204349]
[[181,-542,416,-79,-2,1],204507]
[[-2695,3314,-123,-138,0,1],204571]
[[-462209013,21390939,720206,-20460,-1,1],204604]
[[88440,23028,-2656,-736,-2,1],204684]
[[405,237,-47,-37,0,1],204757]
[[-616,408,226,-70,-2,1],204796]
[[-759905,342694,-6315,-2526,0,1],205027]
[[750832,110100,-3311,-757,-1,1],205039]
[[52,563,202,-95,-1,1],205047]
[[68134,-80101,17981,-1153,-2,1],205067]
[[2364,834,-372,-125,-2,1],205092]
[[39402,14358,-204,-351,-2,1],205164]
[[-29870841,2205986,47211,-4397,-2,1],205268]
[[770092,-320747,43314,-1983,-1,1],205303]
[[411,448,27,-49,-1,1],205339]
[[41641839,38655255,-468230,-20536,-1,1],205364]
[[-40704,62464,528,-508,-1,1],205451]
[[45410,45199,-196,-477,-1,1],205561]
[[-3662697864,-392535074,-10880405,-82240,-1,1],205601]
[[-704269413,-9674541,1384078,-20596,-1,1],205964]
[[377,181,-65,-37,0,1],205981]
[[348379024,19521985,-82480,-10310,0,1],206200]
[[-292,149,131,-56,-1,1],206251]
[[91825,23625,-725,-350,0,1],206275]
[[-14694475227,-276736901,11527541,-82516,-1,1],206291]
[[-79853686,4310380,101558,-6191,-2,1],206420]
[[-13383571751,659723460,-4997905,-82610,0,1],206525]
[[306350,257125,-6325,-1375,0,1],206525]
[[231,29,-310,-94,-1,1],206716]
[[5512,873,-1450,-269,-2,1],206723]
[[13032,15807,130,-254,-2,1],206752]
[[621,375,-33,-42,-1,1],206937]
[[-231801,82901,-2662,-838,-1,1],206980]
[[-3673,8221,255,-467,-2,1],206987]
[[8365753,664268,-13981,-1705,0,1],206987]
[[-9272821858,-692737619,-13278675,-82836,-1,1],207091]
[[62,129,-20,-58,-2,1],207271]
[[-187830,43173,624,-462,-2,1],207339]
[[433,-676,349,-60,-2,1],207419]
[[4565041760,-357068772,-11644395,-82996,-1,1],207491]
[[1618,1149,37,-69,-2,1],207631]
[[-32,-128,266,-104,-2,1],207812]
[[-19712136,-4312348,-280142,-6233,-2,1],207820]
[[2349,1035,-85,-65,0,1],207875]
[[1249,2204,69,-93,-2,1],207892]
[[-712354656,24046616,436188,-16648,-1,1],208105]
[[-57351,6544,5159,-747,-1,1],208161]
[[-1152,512,106,-48,-2,1],208444]
[[3438,-4202,-6876,-1337,0,1],208572]
[[279,144,-72,-45,-2,1],208701]
[[-2386,1030,131,-71,-1,1],208968]
[[6876979,-2494313,-1187370,-20904,-1,1],209044]
[[22677786258,36870089,-9725983,-83628,-1,1],209071]
[[67364,34776,-5001,-720,-2,1],209141]
[[74473,78516,-473,-625,-2,1],209188]
[[376745630,14378328,-228015,-10459,-1,1],209188]
[[306393,72910,-640,-565,0,1],209425]
[[389918,52979,-3782,-620,0,1],209653]
[[17438078693,-875494375,14404325,-83892,-1,1],209731]
[[40395375,2247025,-198695,-9328,-1,1],209889]
[[73368,1712208,27178,-3314,-1,1],209912]
[[412326,70735,-1795,-535,0,1],210025]
[[-17,50,0,-15,0,1],210125]
[[232,-1052,640,-104,-2,1],210144]
[[64414226272,1675144552,-992196,-84084,-1,1],210211]
[[-341488,150688,-4942,-1106,-1,1],210216]
[[80,-51,-587,-133,0,1],210367]
[[-23,75,57,-27,-2,1],210421]
[[213820124,-80980101,6624053,-84168,-1,1],210421]
[[10179302,-440861,-130546,-4389,-1,1],210433]
[[-2947204,446519,16557,-2673,-2,1],210547]
[[-6648,1626,380,-103,-2,1],210552]
[[575,500,-25,-50,0,1],210625]
[[-21953,4589,858,-198,-1,1],210676]
[[-251136,65504,1292,-570,-1,1],210769]
[[4185,3999,-3937,-496,0,1],210769]
[[-72607765,3756438,63516,-4317,-2,1],210947]
[[5147715,1084868,-2869,-2073,-2,1],211068]
[[1666478,810029,-9284,-2321,0,1],211211]
[[682,421,-67,-60,-1,1],211613]
[[-743,837,161,-86,-2,1],211699]
[[-128,208,178,-68,-2,1],211932]
[[-8656,-70871,-17312,-1082,0,1],212072]
[[6784,12612,982,-325,-2,1],212077]
[[1195,999,26,-76,-1,1],212236]
[[-13307,-34115,-22101,-1599,-2,1],212759]
[[1125,635,-103,-77,0,1],212837]
[[-651,1183,63,-72,-1,1],212891]
[[-1166,470,98,-48,-1,1],213088]
[[62175,35500,-1275,-450,0,1],213275]
[[256,1320,63,-96,-1,1],213397]
[[93,-248,-341,-93,0,1],213404]
[[5913,2727,-333,-180,-1,1],213733]
[[-7468,23797,299,-335,-2,1],213961]
[[315,-258,-394,-103,-2,1],213973]
[[-2868,-7620,-5103,-925,-1,1],214164]
[[-100572,52078,-1967,-720,-2,1],214225]
[[66944156,8504834,8129,-6590,-2,1],214227]
[[76713,245875,-21637,-2248,0,1],214403]
[[469,293,-45,-38,0,1],214497]
[[20618,11651,-122,-244,0,1],214537]
[[26623203552,-1092118386,15850289,-85816,-1,1],214541]
[[26138983,-6378826,400733,-8121,-1,1],214637]
[[-9549,11835,-445,-310,0,1],214675]
[[10935,-13284,3786,-335,-2,1],214797]
[[-4001,-4115,-1455,-185,0,1],214825]
[[-3285952429,-256094341,11409599,-85980,-1,1],214951]
[[-139839281683,1492753291,5823581,-86020,-1,1],215051]
[[621,634,58,-57,-2,1],215073]
[[-1284,274,257,-70,-2,1],215091]
[[-25463916,3433395,-8605,-8605,0,1],215125]
[[6065982,256743,-37551,-2182,-1,1],215171]
[[2044,-36,-529,-118,-1,1],215431]
[[187296,36413,-1130,-411,-1,1],215721]
[[-93198393,21612339,-750998,-21580,-1,1],215804]
[[-166501174023,1939160487,4118437,-86340,-1,1],215851]
[[258651,57210,-2995,-610,0,1],216275]
[[-419716881,22489143,102981,-9624,-1,1],216549]
[[88170919,18169499,-797250,-21664,-1,1],216644]
[[343,-289,-375,-87,0,1],216709]
[[-9832644,2466897,-7679,-3589,-2,1],216817]
[[22320,6200,-310,-155,0,1],217000]
[[851,1192,38,-89,-1,1],217089]
[[3296,1471,-353,-146,-1,1],217099]
[[162301,-160473,30417,-1527,-1,1],217109]
[[1000954615,7096927,-1233946,-21724,-1,1],217244]
[[-735,437,48,-46,-1,1],217268]
[[2240073,612447,25445,-2474,-1,1],217541]
[[209,332,5,-41,-2,1],217593]
[[5339,7565,-169,-344,-1,1],217669]
[[219,-623,450,-99,-1,1],217711]
[[21224831,986853,-116129,-4999,-1,1],217831]
[[8600,1873,-556,-147,-1,1],217867]
[[-649638144,22295232,176256,-9684,-1,1],217899]
[[8969784,898175,-31490,-2655,-1,1],217899]
[[4518,2303,-116,-113,-2,1],217963]
[[997336,237232,1606,-1146,-2,1],218044]
[[-5,30,-7,-23,0,1],218060]
[[-923,486,77,-46,-2,1],218227]
[[991,488,-251,-126,-2,1],218273]
[[-95125,56240,-1122,-601,-2,1],218639]
[[26051,-4415,-5045,-560,0,1],218725]
[[-58,86,82,-45,-2,1],219100]
[[826716,-170860,-43423,-2073,-1,1],219188]
[[2023945,10514,-38301,-2253,0,1],219292]
[[4322,5910,-74,-169,-1,1],219340]
[[-50593752,4475472,2702,-5066,-1,1],219544]
[[3382357,786696,9328,-2367,-2,1],219551]
[[157883,54932,-62,-527,0,1],219635]
[[-56959830,-49740067,5422961,-87892,-1,1],219731]
[[136109281051,1417993221,-6358091,-87940,-1,1],219851]
[[3688,-1383,-3688,-922,0,1],219897]
[[27269,23320,-495,-352,0,1],220187]
[[-70520,-44075,-8815,-615,0,1],220375]
[[-108698768,6637768,44704,-5138,-1,1],220523]
[[27660280640,-1136252864,16431852,-88248,-1,1],220621]
[[-59643,21285,-135,-365,0,1],220675]
[[-179,118,44,-25,-2,1],220761]
[[4393,2674,-573,-191,0,1],220796]
[[-3300681069,79522119,777230,-22080,-1,1],220804]
[[54208,74244,-4607,-840,-1,1],220987]
[[-399198865,-22996793,3863447,-88408,-1,1],221021]
[[-689817,100270,3268,-699,-2,1],221247]
[[-544,2012,105,-139,-2,1],221293]
[[-53670654,-13512923,-954450,-16311,-1,1],221369]
[[-137218530575,1786571213,3517277,-88596,-1,1],221491]
[[773263,-487433,64226,-2512,-1,1],221548]
[[195570,36244,-2214,-533,0,1],221564]
[[9545,3987,-96,-124,-1,1],221624]
[[6322660940,61488116,-5703693,-88704,-1,1],221761]
[[-160101,43152,1311,-432,-2,1],221949]
[[-80559943187,570759055,9743159,-88816,-1,1],222041]
[[23734723,1513395,-39697,-3085,-2,1],222101]
[[201,31,-149,-63,-2,1],222273]
[[48851,36100,137,-389,-2,1],222332]
[[29460663,1786229,-37025,-3101,-2,1],222353]
[[-15624552083,-240800953,12069755,-88944,-1,1],222361]
[[81,108,-83,-74,-2,1],222469]
[[-1583671,108749,19055,-1500,-1,1],222673]
[[21353,7336,-1179,-393,0,1],222700]
[[-7600,1814,416,-110,-2,1],223200]
[[-447808,84692,1700,-707,-2,1],223209]
[[-2427505,-184469,103574,-4464,-1,1],223220]
[[-1148,540,84,-51,-1,1],223252]
[[-104276309,5590326,143435,-6701,-2,1],223420]
[[-1075,905,273,-94,-2,1],223591]
[[8354244,1228952,-87582,-4793,-2,1],223748]
[[24,74,-4,-45,-2,1],223848]
[[6551,460,-845,-160,0,1],223975]
[[6848755,4123441,271,-4073,-2,1],224103]
[[95,351,26,-48,-1,1],224212]
[[-118623944887,1338826689,6164341,-89728,-1,1],224321]
[[-1369972489,28487639,1014306,-22440,-1,1],224404]
[[125,94,-102,-63,0,1],224513]
[[29206,118755,-800,-747,-1,1],224523]
[[-338884,103614,1667,-667,-1,1],224644]
[[1207682899,20398611,-1096458,-22468,-1,1],224684]
[[-32,339,97,-69,-2,1],224947]
[[-48714428,2900779,71933,-4915,-2,1],225029]
[[-2288353,-788323,-87084,-3249,-1,1],225137]
[[-4006309,402595,6958,-1268,-1,1],225292]
[[1881,1968,-17,-97,-1,1],225893]
[[-194529152216,2151797013,4491707,-90376,-1,1],225941]
[[-929,618,115,-55,-2,1],226012]
[[122826241515,1261572293,-7170655,-90424,-1,1],226061]
[[684,858,49,-74,-2,1],226063]
[[-2803,2611,-99,-141,0,1],226189]
[[-1034871040,39798528,209440,-12928,-1,1],226247]
[[-24514281,1724731,24557,-2757,-1,1],226269]
[[-14755258512,-856210974,-15239969,-90552,-1,1],226381]
[[54,99,-6,-22,0,1],226400]
[[-4443870821,120755339,525350,-22644,-1,1],226444]
[[714048903,34013893,-16833,-12948,-1,1],226597]
[[-40,-212,-238,-67,-1,1],226684]
[[-7028,3876,-20,-159,-2,1],226732]
[[-25,282,511,-142,-2,1],226741]
[[69857818517,568774005,-9370591,-90712,-1,1],226781]
[[-2431567,-1031650,-115687,-3779,-2,1],226836]
[[-1383475,2247925,-28400,-3890,-1,1],226940]
[[-421030773,39226491,-427294,-22728,-1,1],227284]
[[96768,25216,-812,-390,-2,1],227304]
[[-6576,2008,301,-106,-1,1],227449]
[[261,276,10,-41,-2,1],227575]
[[54845,5283,-3462,-477,-1,1],227821]
[[-12385,12896,-185,-357,-2,1],227909]
[[17543,5479,-673,-257,-2,1],227999]
[[228,210,-20,-30,0,1],228000]
[[1921437,350409,-2715,-1226,-2,1],228129]
[[229,608,-9,-53,0,1],228132]
[[385,611,-115,-101,0,1],228281]
[[2781,1256,-120,-91,-2,1],228455]
[[1948,11936,207,-229,-1,1],228532]
[[-403232068,9638484,413708,-11428,-1,1],228568]
[[61204136,3300579,-39941,-3631,0,1],228753]
[[33,17,-59,-33,-1,1],228816]
[[1391927971,-272120127,12245369,-91588,-1,1],228971]
[[258423,212872,-4059,-1353,0,1],229108]
[[-261,99,81,-33,-2,1],229293]
[[2328,756,-210,-79,0,1],229464]
[[5488,4964,-2098,-477,-1,1],229493]
[[-468,-162,425,-101,-1,1],229588]
[[4180032,420660,-14760,-1640,0,1],229600]
[[-91552049,-12803340,-607495,-10210,0,1],229725]
[[1050,-3924,-2301,-329,-1,1],230580]
[[200148,59097,-108,-809,-1,1],230679]
[[-693,-2041,-1061,-168,-1,1],231129]
[[31449257104,-121613736,-12555036,-92452,-1,1],231131]
[[163405,43714,-1276,-451,0,1],231143]
[[24116176,-12206040,-785995,-13210,0,1],231175]
[[13926,-715,-2695,-385,0,1],231275]
[[-29931598224,-1217395118,-17423851,-92532,-1,1],231331]
[[30240,10674,-75,-203,-2,1],231539]
[[-84,262,39,-39,-1,1],231628]
[[-218740659,-24126251,-930519,-13236,-1,1],231637]
[[-8480,2886,321,-115,-2,1],231803]
[[98222112,5553144,-112692,-7132,-1,1],231803]
[[-65,34,94,-33,-2,1],231835]
[[-645528,-443,21735,-1384,-1,1],231887]
[[-828928504,68523207,7022265,-92764,-1,1],231911]
[[-126322135,5937948,66659,-4973,-2,1],232148]
[[-5072,2403,234,-111,-1,1],232207]
[[41576661,-13827636,997057,-19913,-2,1],232337]
[[-35095003,1532275,70179,-3612,-1,1],232343]
[[3715,1609,-107,-86,-1,1],232409]
[[6875703296,242279302,-1891075,-93156,-1,1],232891]
[[1488160,-459697,48994,-1872,-2,1],233029]
[[-429209485,98308471,401042,-23316,-1,1],233164]
[[3699,26835,241,-344,-1,1],233249]
[[-1611,-2055,1303,-180,-2,1],233353]
[[3105,2952,-63,-122,0,1],233371]
[[862263,140909,-1787,-751,-2,1],233519]
[[19926875,3837100,-20605,-4646,-2,1],233671]
[[67,-255,255,-73,-2,1],233791]
[[314182804,34791469,-300341,-15587,-2,1],233829]
[[2923,1800,-131,-103,-1,1],233861]
[[-1675,100,467,-98,-2,1],234061]
[[19343651765,369850743,-4617655,-93664,-1,1],234161]
[[-1412,-885,770,-127,-1,1],234181]
[[-56,-1427,-848,-143,-1,1],234263]
[[-184390202672,1956726728,5830404,-93736,-1,1],234341]
[[-38710467,1680291,189060,-7812,-1,1],234372]
[[75434257150,1379603217,-5748003,-93768,-1,1],234421]
[[-5927,-69258,14905,-877,-2,1],234548]
[[-13584,4724,256,-147,-2,1],234568]
[[783,870,-116,-87,0,1],234639]
[[-57440,44400,2022,-525,-1,1],234655]
[[-1962,1401,-29,-94,-1,1],234673]
[[-374327,68991,5521,-794,-1,1],234679]
[[90699,28210,-930,-435,0,1],234775]
[[-53,-164,-157,-48,0,1],234907]
[[8411,4181,25,-129,-2,1],235001]
[[66774460,3218188,-95436,-5039,-2,1],235228]
[[130,11,-183,-82,-1,1],235273]
[[-34,16,28,-13,-2,1],235548]
[[-2420,1111,96,-69,-1,1],235597]
[[1126359403,124626871,-207402,-23568,-1,1],235684]
[[-397,-468,443,-87,-1,1],235733]
[[220735472,-577676256,14172932,-94360,-1,1],235901]
[[-1091,650,68,-51,-1,1],236107]
[[-1431,-14399,-6063,-637,-2,1],236251]
[[-1602,2121,-436,-163,-1,1],236257]
[[-12207,5348,1315,-393,-1,1],236321]
[[378,252,-26,-33,0,1],236628]
[[-88045,75331,-5156,-1159,-1,1],236995]
[[-125,189,67,-40,-1,1],237109]
[[5472,2390,-137,-108,-1,1],237213]
[[5002510184,-567530970,14019743,-94920,-1,1],237301]
[[5765,2407,-76,-96,-1,1],237368]
[[-12945818,1260091,35305,-2954,-1,1],237583]
[[-112935379783,1890366559,4441749,-95112,-1,1],237781]
[[-440,328,28,-41,-1,1],237827]
[[-38502,54777,-1240,-589,0,1],237863]
[[349600,74000,-3168,-867,-2,1],237956]
[[590943,-98160,-84357,-3965,-2,1],237996]
[[-7136,1672,486,-125,-1,1],238067]
[[1649,958,-54,-75,-2,1],238093]
[[3106260657,75685210,-660085,-20415,0,1],238175]
[[61905217560,317603806,-11560909,-95308,-1,1],238271]
[[-4940585,-5131918,-374803,-7863,0,1],238511]
[[-46828,-92836,-50739,-5022,-2,1],238621]
[[-85938537,-41342933,1938114,-23868,-1,1],238684]
[[19409,17689,-1825,-2546,-1,1],238725]
[[-3,35,61,-57,-2,1],238819]
[[-2804,2248,497,-170,-2,1],238843]
[[1881,16962,-11,-275,0,1],239492]
[[-300999,84910,-1445,-760,0,1],239525]
[[19085,8085,-803,-253,0,1],239635]
[[8,-20,-102,-45,-1,1],240052]
[[-1207273231,37461891,218480,-12004,-1,1],240088]
[[15646855784,-1002329094,17077041,-96100,-1,1],240251]
[[-713,485,64,-56,-1,1],240288]
[[-15572066896,-944601424,-16517608,-96144,-1,1],240361]
[[616476,173881,-2460,-902,0,1],240424]
[[-133523090,-170223,445873,-10692,-1,1],240579]
[[-174818823,-30205738,-1299031,-17739,-1,1],240749]
[[-44,74,-4,-22,0,1],240800]
[[5287,1874,-136,-85,0,1],240841]
[[-220,380,117,-78,-1,1],241265]
[[-4587503774,109191249,505094,-20699,-2,1],241507]
[[-2091,7579,465,-211,-1,1],241600]
[[1773200,159929,-9207,-1023,0,1],241769]
[[-3374596,785104,5321,-2330,-1,1],241779]
[[-52921151,5543032,-17043,-5565,-2,1],241933]
[[-294749,413651,168,-1413,-1,1],241997]
[[-62624,-29972,19040,-1391,-2,1],242017]
[[1,-10,-45,-33,0,1],242068]
[[-51,-296,-309,-88,-2,1],242213]
[[-40950,27450,-292,-385,-1,1],242228]
[[1880,2544,-712,-301,-1,1],242297]
[[316,412,63,-54,-1,1],242383]
[[-2708588,-1138092,-120277,-3929,-2,1],242387]
[[92561,130635,-1064,-787,-1,1],242389]
[[2847,-10834,4415,-420,-2,1],242451]
[[309338411,-42737373,1776154,-24264,-1,1],242644]
[[214353079632,2456105664,-4446832,-97092,-1,1],242731]
[[9496116976,-836881520,16339688,-97144,-1,1],242861]
[[62802892171,1532713257,2496611,-97144,-1,1],242861]
[[319,924,-11,-77,0,1],243100]
[[6404445,1993941,-5578751,-97360,-1,1],243401]
[[-4403757,-1542835,237509,-7492,-1,1],243503]
[[36499,8397,-999,-280,-2,1],243551]
[[19074,-45407,-12674,-877,-1,1],243581]
[[-20125484,2218469,13777,-5039,-2,1],243629]
[[-2559496036,-692330239,-15436213,-97512,-1,1],243781]
[[2745140177,-463565661,14110623,-97516,-1,1],243791]
[[32015906592,-265851160,-14412924,-97516,-1,1],243791]
[[12550,9750,-514,-265,-2,1],243908]
[[10436099,1240588,-18867,-2648,0,1],243947]
[[8,-132,-466,-115,0,1],244081]
[[-10999,9266,398,-203,-2,1],244431]
[[550277859,-67676105,2229694,-24448,-1,1],244484]
[[5328,2906,5,-114,-1,1],244645]
[[654484,1036308,-71064,-12252,-1,1],245048]
[[520,-280,-422,-104,-2,1],245060]
[[80606063984,1000206200,-6843220,-98040,-1,1],245101]
[[-10265350488,316798198,2324221,-98068,-1,1],245171]
[[-37758919200,-42042650,13114419,-98088,-1,1],245221]
[[73068,32560,-1115,-490,0,1],245275]
[[-50868,21132,485,-467,-2,1],245447]
[[131,385,-4,-44,-1,1],245472]
[[-114,295,35,-37,-2,1],245493]
[[125649,21360,-3530,-635,0,1],245725]
[[-26,79,-5,-97,-2,1],245743]
[[-4238,1311,649,-141,-2,1],245753]
[[-5402,2698,58,-125,-1,1],245828]
[[9247,2302,-513,-149,-1,1],245837]
[[4861,11322,-371,-279,-1,1],245861]
[[-4357,9210,-1735,-367,-1,1],245927]
[[-2235197229,101386859,570822,-24604,-1,1],246044]
[[-52505291917,198306217,12078637,-98440,-1,1],246101]
[[-5321596697,-325180401,13950705,-98452,-1,1],246131]
[[159604810782,2128496483,-3476217,-98476,-1,1],246191]
[[-67240,26896,0,-533,0,1],246205]
[[-437,793,-5,-61,0,1],246227]
[[102617951,5204416,-73677,-5438,-2,1],246293]
[[109598918,6416117,-37352,-5137,-1,1],246293]
[[5,24,-7,-16,0,1],246517]
[[-7,-824,611,-109,-1,1],246523]
[[-1242,771,264,-128,-2,1],246552]
[[-117104,-208136,-35691,-1740,-2,1],246623]
[[-388125,56250,7050,-885,-2,1],246729]
[[-2768752773,103104663,198815,-21149,-2,1],246757]
[[234174164,-38780612,1608855,-21149,-2,1],246757]
[[117,-290,201,-42,-2,1],246793]
[[-1743733176,45143526,505827,-16457,-2,1],246879]
[[106608909081,855890843,-10501207,-98788,-1,1],246971]
[[-11059,4653,129,-148,-1,1],247049]
[[-22318439,2004314,17293,-2849,-2,1],247052]
[[2161705,-342072,-109273,-4751,0,1],247052]
[[23609788,2383090,-106785,-6480,-2,1],247111]
[[621301,267199,14911,-2213,-2,1],247297]
[[307,248,-5,-33,-2,1],247444]
[[1287,-990,-935,-165,0,1],247500]
[[-71743,5283,3996,-499,-1,1],247511]
[[464,328,-267,-101,-1,1],247528]
[[-83238823984,2322096232,2396100,-99012,-1,1],247531]
[[-8669132,730635,20649,-2029,-2,1],247577]
[[-3063191,347032,6602,-1171,-2,1],247599]
[[9252,4965,-504,-203,-2,1],247632]
[[-1369,568,91,-49,-1,1],247653]
[[116676591,11131463,-103883,-7991,0,1],247721]
[[46666,29114,20,-351,-1,1],247988]
[[-8,300,-388,-121,0,1],248013]
[[74374722,3836907,-74566,-4863,0,1],248013]
[[509980,23071,-12154,-1024,-2,1],248067]
[[1317,580,-167,-81,-2,1],248436]
[[-1578286054,45898249,626237,-21299,-2,1],248507]
[[1971964319,81237675,-318162,-24856,-1,1],248564]
[[75420500,4307750,-47495,-4579,-1,1],248596]
[[144208712,15788555,121403,-11258,-1,1],248623]
[[-325,764,-335,-126,-2,1],248641]
[[-10517465,-2186972,-157295,-4145,-2,1],248796]
[[-170630691,14673670,-109505,-9955,0,1],248875]
[[57472451,2588560,-91045,-4585,0,1],248900]
[[225391,-108193,17275,-962,-1,1],249021]
[[-1400,636,130,-60,-2,1],249076]
[[-1777421,347507,1105,-1391,-2,1],249191]
[[-13,-135,-212,-73,-1,1],249217]
[[-7,-265,-315,-90,0,1],249325]
[[-52,24,165,-57,-1,1],249416]
[[2767,1480,-115,-85,0,1],249500]
[[-2925,455,2015,-489,-2,1],249535]
[[-99,1804,-33,-121,0,1],249579]
[[-230915973096,2515448462,5164437,-99892,-1,1],249731]
[[42140,32010,1661,-462,-2,1],249795]
[[68423157,33313335,-372185,-16665,0,1],249975]
[[-6390,87543,-4331,-1065,0,1],250133]
[[283250,55275,-1265,-473,0,1],250151]
[[2366,1209,-17,-67,-2,1],250169]
[[-5,173,45,-55,-2,1],250297]
[[89376,21212,-581,-313,-2,1],250481]
[[98288,9232,-6680,-856,-1,1],250497]
[[40167615224,2502093385,-801680,-100210,0,1],250525]
[[140717977,11491505,-48365,-8714,-1,1],250539]
[[-14,946,-88,-77,0,1],250636]
[[-2668896,273024,13554,-1391,-2,1],250668]
[[22903,8133,-31,-181,-2,1],250943]
[[42294,7637,-1911,-356,-1,1],250943]
[[2917791568,84509076,-273732,-18495,-1,1],251009]
[[-8738409519,-668240403,-15101603,-100476,-1,1],251191]
[[4161,3077,-167,-145,-2,1],251191]
[[32022,15957,-81,-269,-2,1],251289]
[[-4148,-5354,2907,-323,-1,1],251372]
[[-2709,2457,315,-128,-1,1],251433]
[[-472108921,17919911,1337682,-25144,-1,1],251444]
[[184966363951,2537987860,-3471045,-100610,0,1],251525]
[[461,-255,-367,-85,0,1],251653]
[[5508000767,109429183,-976534,-25168,-1,1],251684]
[[373,1915,-119,-125,-2,1],251707]
[[-1720029,193688,6802,-969,-2,1],251723]
[[638344,201388,-2170,-994,-2,1],252044]
[[-52295624,11243660,-176470,-25210,0,1],252100]
[[-1018808,40803,31858,-2524,-2,1],252109]
[[-7777916928,-544141056,-12687232,-100852,-1,1],252131]
[[24792622601,-1175967297,18533199,-100888,-1,1],252221]
[[-15403265676,-920198290,-17205155,-100910,0,1],252275]
[[4016,1660,-74,-79,-1,1],252387]
[[49,103,-37,-62,-2,1],252421]
[[-156978324,15803709,254703,-11220,-1,1],252459]
[[-789790880,8748073,876625,-16835,-2,1],252549]
[[2426,1160,-170,-85,0,1],252700]
[[1127775,224125,-4675,-1375,0,1],252725]
[[52806104,8437888,-93814,-8426,-1,1],252792]
[[-3402,1512,126,-83,-1,1],252924]
[[202463153933,2047939829,-7216159,-101208,-1,1],253021]
[[98,161,-18,-43,-2,1],253111]
[[3649,-16203,-6493,-601,-2,1],253223]
[[916794,544470,-800,-1555,-1,1],253308]
[[-2042396080,-323739648,-14120061,-101364,-1,1],253411]
[[-576,936,84,-72,-1,1],253413]
[[153179576,37342604,-45622,-12671,-2,1],253452]
[[-191642035129,2356773057,5241987,-101392,-1,1],253481]
[[-508507,97524,2393,-645,-2,1],253516]
[[-190981,61846,1300,-511,-2,1],253517]
[[-296,28,136,-40,-2,1],253888]
[[2713,2641,30,-107,-1,1],253909]
[[-25,396,-33,-105,-1,1],254059]
[[-3746,1404,284,-113,-2,1],254332]
[[2249,2616,-43,-152,0,1],254401]
[[-215,277,115,-73,-2,1],254477]
[[1843,977,-46,-63,-1,1],254479]
[[-64,208,4,-37,-1,1],254484]
[[123683159,7101199,-51094,-5511,-1,1],254497]
[[-637,-1352,962,-155,-2,1],254527]
[[55,705,2,-58,-1,1],254560]
[[-1432124,84497,17197,-1259,-2,1],254603]
[[4086820641,-761357597,16572687,-101860,-1,1],254651]
[[27676,59110,-295,-610,0,1],254725]
[[-1063414,940381,1973,-2028,-1,1],254933]
[[545,287,-377,-152,0,1],255181]
[[2252,1356,-34,-73,-1,1],255284]
[[-15846939,-7728575,-658609,-13441,0,1],255379]
[[-65010227,-17558984,1119346,-17027,-2,1],255429]
[[-226342495692,2634490140,4263925,-102252,-1,1],255631]
[[-32,56,108,-64,-1,1],255679]
[[-31,106,27,-27,-1,1],255755]
[[1584610,202917,-7256,-1294,-2,1],255881]
[[-5,61,-157,-60,0,1],255907]
[[449,798,-23,-130,0,1],255993]
[[-292,719,-316,-119,-1,1],256093]
[[169078895110,2679214823,-3311409,-102520,-1,1],256301]
[[-126,-362,318,-67,-1,1],256508]
[[374467033,-456356,-1091032,-21995,-2,1],256627]
[[224,1153,-358,-133,-1,1],256681]
[[-1,9,44,-31,-1,1],256753]
[[877443,108560,-3290,-665,0,1],256825]
[[-8305065,626751,39899,-3184,-2,1],256839]
[[887,-554,-590,-119,-1,1],256909]
[[7882,1235,-985,-215,0,1],256975]
[[-7671531472,-664925664,-15811932,-102808,-1,1],257021]
[[-237656,-386537,-89922,-3711,-1,1],257147]
[[8282675,-3124765,329947,-7912,-1,1],257153]
[[-861784485,60031909,549283,-20572,-1,1],257155]
[[254800,316862,16487,-2329,-2,1],257179]
[[70454645549,421776635,-12400655,-102910,0,1],257275]
[[-635337,68921,6596,-804,-1,1],257408]
[[-285,-541,-339,-76,-1,1],257443]
[[55087,18153,-1152,-345,-1,1],257543]
[[-259859291,47139703,-90443,-17171,-2,1],257589]
[[2176,976,-98,-71,-1,1],257599]
[[-437382,-393343,-80783,-3324,-1,1],257641]
[[5997969139,144246631,-690486,-25764,-1,1],257644]
[[-3314455,610934,-9287,-2008,0,1],257777]
[[-3757,1227,237,-81,-2,1],257911]
[[419818,100275,-2674,-764,0,1],258041]
[[-5187206,-1417385,-131161,-4231,0,1],258091]
[[15985310,1906553,7748,-3227,-2,1],258288]
[[-97021,23653,1411,-367,-1,1],258467]
[[12,-32,-84,-43,-1,1],258508]
[[-43939325824,-251562922,15801457,-103480,-1,1],258701]
[[-25,128,55,-72,-2,1],258703]
[[-155748077,9266293,109167,-7968,-1,1],258973]
[[-33760,6944,740,-191,-1,1],259028]
[[-18467,32626,-5079,-1553,-2,1],259100]
[[15124,5668,-184,-180,-1,1],259160]
[[71393,42385,-315,-415,0,1],259175]
[[1589,2074,-95,-100,0,1],259201]
[[-4815,2793,96,-117,-1,1],259263]
[[-1043,-1540,-721,-116,0,1],259441]
[[1229,994,-51,-67,0,1],259516]
[[1064,964,18,-65,-1,1],259621]
[[729,423,-197,-111,0,1],259623]
[[20,-92,128,-51,-1,1],259636]
[[3,57,12,-20,-1,1],260064]
[[-3503567,60162,48172,-2655,-1,1],260073]
[[-40415994999,561228393,7149499,-104068,-1,1],260171]
[[429,-518,-504,-111,-2,1],260299]
[[-475525819,39965797,1114559,-104164,-1,1],260411]
[[-3189854115,-437607819,-14512887,-104184,-1,1],260461]
[[9108,3549,-426,-167,-1,1],260481]
[[1088,-459,-602,-125,-1,1],260491]
[[1200,740,-17,-57,-1,1],260532]
[[-42176384,3803256,25040,-3911,-2,1],260840]
[[-125,-564,419,-76,-2,1],260891]
[[142021,36234,-385,-407,0,1],261019]
[[188188978892,1915057868,-7758733,-104424,-1,1],261061]
[[4510500,426250,-11625,-1550,0,1],261175]
[[-16485635253,-1034123159,-18424831,-104508,-1,1],261271]
[[-53,728,-81,-81,-2,1],261379]
[[-1099981323,38473119,185628,-13072,-1,1],261448]
[[-323919,52482,2251,-496,-2,1],261551]
[[1273378,143787,-5002,-820,0,1],261621]
[[4549049,425094,-10105,-1419,-1,1],261683]
[[-29657,17370,563,-279,-2,1],261812]
[[16794211,2533958,-19255,-3851,0,1],261868]
[[-67328,15824,670,-261,-2,1],261893]
[[176917290,19768859,-45155,-9031,0,1],261899]
[[177,190,9,-27,-2,1],261988]
[[-6577,3711,521,-169,-1,1],262099]
[[15064600,1664623,-32382,-3272,-2,1],262229]
[[22232792,6188686,276541,-11668,-1,1],262539]
[[12,12,-18,-19,-1,1],262764]
[[-10142,-12477,5655,-513,-2,1],262973]
[[-110497953650,1404747725,7016333,-105192,-1,1],262981]
[[-91995,42866,1102,-549,-1,1],263097]
[[618,-979,509,-88,-1,1],263257]
[[1019,3155,-7,-126,-1,1],263297]
[[-21879,47253,-6573,-900,-1,1],263367]
[[-2368593,456479,3514,-2928,-1,1],263556]
[[-70431798628,182437792,14308805,-105444,-1,1],263611]
[[99026230335,665855699,-12477385,-105472,-1,1],263681]
[[710293,125241,-2315,-840,-1,1],263771]
[[6573796326,3680133,-8050291,-105508,-1,1],263771]
[[126972,2427,-7001,-693,-2,1],263797]
[[-4128335,1573989,913,-2659,-2,1],263801]
[[-431,391,66,-45,-1,1],264019]
[[-3422431,255506,22221,-1821,-1,1],264103]
[[-1508,1774,509,-147,-1,1],264308]
[[5835516,563345,-6703,-1473,-2,1],264317]
[[1994559,205360,-7550,-1057,0,1],264401]
[[-68711392,-1862572,369552,-8611,-1,1],264493]
[[2833,2059,101,-106,-1,1],264613]
[[22722649444,571678765,-2784865,-105888,-1,1],264721]
[[-8106934448,2318965920,-1886736,-105996,-1,1],264991]
[[776,-704,-746,-154,-1,1],265016]
[[-31316,4987,1993,-313,-2,1],265045]
[[-520092,124996,9056,-1104,-1,1],265056]
[[-929907176,75977660,-609730,-26510,0,1],265100]
[[159,409,-111,-130,0,1],265297]
[[-228849,45227,1018,-444,-1,1],265428]
[[1432,764,-90,-65,0,1],265448]
[[-2027,1474,197,-89,-2,1],265564]
[[3113,1650,-704,-187,0,1],265617]
[[9832,-10461,-5692,-589,-1,1],265651]
[[-41940154304,-167257552,15539364,-106288,-1,1],265721]
[[8648914782,-663340777,15500207,-106384,-1,1],265961]
[[148932843008,2866605560,-2745956,-106432,-1,1],266081]
[[-274,1577,-64,-104,-2,1],266112]
[[-1435,758,177,-103,-2,1],266188]
[[1352,1028,-26,-67,0,1],266188]
[[-502559589,-60335669,-2257410,-26620,-1,1],266204]
[[-27912,-1783,11639,-2476,-1,1],266213]
[[619939155,27345623,-216533,-11832,-1,1],266229]
[[486647658,-102704323,6464817,-106504,-1,1],266261]
[[-4649,4910,-445,-510,0,1],266275]
[[-223,100,162,-59,-2,1],266293]
[[-119,26,190,-65,-1,1],266841]
[[7292,-8610,2731,-279,-1,1],266860]
[[-24626957399,-1301640065,-20240495,-106810,0,1],267025]
[[-12618,3805,446,-165,-1,1],267039]
[[-1934298821,84509519,-29003,-22895,-2,1],267127]
[[-2999136,530152,4541,-1485,-1,1],267372]
[[284634892514,2927212703,-5914689,-106956,-1,1],267391]
[[2839024,522385,-15280,-1910,0,1],267400]
[[172,277,-125,-69,-2,1],267451]
[[502940672,-919021538,18811215,-107064,-1,1],267661]
[[231219103059,2222994997,-8175423,-107148,-1,1],267871]
[[25,0,-65,-36,-2,1],267925]
[[26501,10560,-70,-235,0,1],268025]
[[-16884,10228,2457,-451,-1,1],268156]
[[-2947912032,54948500,1106619,-23021,-2,1],268597]
[[156039,99729,-846,-746,-1,1],268704]
[[-23128,6034,393,-155,-1,1],268727]
[[-12803544,-2570556,-177472,-4480,-2,1],268896]
[[-10,-167,548,-110,-2,1],268904]
[[869947,140364,-2711,-877,-1,1],268919]
[[70551,25002,-297,-327,-2,1],268956]
[[887091,41479,-56182,-2988,-1,1],268956]
[[-793307,389371,-16507,-1942,0,1],268967]
[[-4104,28967,-15692,-2523,-2,1],268967]
[[-60736543,4037092,49733,-4361,-2,1],269027]
[[1309,228,-265,-76,0,1],269199]
[[864,468,-192,-111,-2,1],269292]
[[305,82,-109,-43,0,1],269356]
[[129297,177436,917,-1353,-1,1],269367]
[[-7095984,-33818624,6271888,-107764,-1,1],269411]
[[3082778775,-355764769,11390697,-107764,-1,1],269411]
[[-5501916,2674371,-136007,-21588,-1,1],269855]
[[-14406,26981,-8803,-928,-1,1],269869]
[[120757,21035,-2385,-440,0,1],270025]
[[350,-800,510,-95,-1,1],270140]
[[-2788706200,102402241,356765,-23165,-2,1],270277]
[[-1033,1171,51,-92,-2,1],270277]
[[81,36,-109,-58,-2,1],270317]
[[-1232,558,91,-49,-2,1],270349]
[[-555657,130191,918,-815,-1,1],270441]
[[-3967,1712,161,-92,-2,1],270441]
[[-2816,1056,173,-70,-2,1],270479]
[[46425,11500,-1525,-325,0,1],270700]
[[-7488,2724,308,-115,-2,1],270888]
[[-2436992,402852,8349,-1776,-1,1],270901]
[[51250,26445,-902,-451,0,1],270928]
[[-189551,30826,2070,-401,-2,1],271051]
[[84721,-44459,8132,-543,-1,1],271073]
[[-4846759501,81321947,1387950,-27108,-1,1],271084]
[[-364,123,166,-52,-2,1],271393]
[[-2454,-10942,-4474,-477,-1,1],271436]
[[88593,21856,-475,-291,-1,1],271467]
[[2719246033,71401151,-636525,-21724,-1,1],271555]
[[406573,-380049,75431,-2977,-2,1],271727]
[[-165888,16872,5810,-609,-2,1],271859]
[[-22,49,36,-95,-1,1],271861]
[[-69962188,3917665,232410,-8585,-2,1],271909]
[[-95,-33,123,-39,-2,1],271987]
[[125336326400,1518475198,-9287157,-108876,-1,1],272191]
[[-1549678549,180862091,141650,-27240,-1,1],272404]
[[129304757612,2546081784,-468547,-108964,-1,1],272411]
[[-36548861899,-1496598290,-21202445,-109010,0,1],272525]
[[50,165,71,-42,-1,1],272801]
[[-52424,-46990,-10045,-685,0,1],273575]
[[-1136904,914236,47440,-4560,-2,1],273696]
[[-180938719,13771648,-48905,-9781,0,1],273868]
[[-35211600,9389760,-156496,-9781,0,1],273868]
[[10769,3740,-270,-135,0,1],273875]
[[-4245,1717,284,-105,-1,1],274231]
[[-50206893,5358683,162055,-9683,-2,1],274397]
[[12351,4360,-720,-285,0,1],274825]
[[1805,1184,-11,-77,0,1],274948]
[[271303,54332,-679,-477,-1,1],275077]
[[-16,1054,-66,-93,-2,1],275116]
[[35406257,4073835,-18685,-4040,0,1],275225]
[[-2842131,377461,3939,-1377,-1,1],275267]
[[-112,108,57,-57,-1,1],275476]
[[-10845200333,-1024795665,-19317429,-110196,-1,1],275491]
[[-2870,1753,123,-137,-2,1],275539]
[[-37086556,2314832,45279,-3711,-1,1],275704]
[[-702,1369,98,-81,-1,1],275949]
[[-24176,-33940,-10630,-935,0,1],276025]
[[5940455476,-412270940,-16506295,-110410,0,1],276025]
[[-120,340,-162,-109,-2,1],276035]
[[-186843776,-22703640,-939080,-13810,0,1],276200]
[[-5864,2026,235,-97,-2,1],276469]
[[133574,-41741,-31359,-2249,-2,1],276551]
[[9,18,-204,-71,-1,1],276561]
[[-52476,15641,7780,-1431,-1,1],276597]
[[77635017,-2292392,-444645,-9881,0,1],276668]
[[-23,-4,37,-15,-2,1],276700]
[[-3601,6061,1625,-296,-2,1],276737]
[[-14392709,3355058,-135627,-6769,-1,1],276749]
[[-79,243,45,-33,-2,1],276871]
[[-1396,1213,88,-109,-1,1],276893]
[[938,549,-96,-78,-2,1],276923]
[[-473,-4191,-1969,-253,0,1],277013]
[[-124850,43497,2260,-538,-2,1],277184]
[[814023,298566,-10836,-1853,-2,1],277347]
[[-88,150,21,-34,-1,1],277445]
[[-2218917654,71168445,278802,-18503,-2,1],277569]
[[-8879958,-247122,125226,-4625,-2,1],277596]
[[-49827334047,1529523769,-5252211,-111040,-1,1],277601]
[[978318,209916,-652,-955,-1,1],277628]
[[130052900,10670625,-47425,-6775,0,1],277775]
[[-1837392,318508,1708,-1555,-2,1],277835]
[[3012081,-2199497,416141,-12348,-1,1],277839]
[[-1169287,348145,-770,-1363,-1,1],277893]
[[-59725805187,-165713861,17092731,-111208,-1,1],278021]
[[211152624,32382224,-219816,-13912,-1,1],278248]
[[-23418,25335,-1710,-640,0,1],278325]
[[51107,-465,-5585,-715,0,1],278325]
[[-309880,94306,-1586,-793,0,1],278404]
[[440251,67585,-2695,-585,0,1],278425]
[[173115206724,3125174140,-3151839,-111372,-1,1],278431]
[[381094,66583,-14571,-1835,-2,1],278551]
[[87,160,-13,-82,-2,1],278683]
[[5,54,13,-19,-2,1],278708]
[[-1268,583,118,-58,-2,1],278752]
[[-169908914968,2720587994,5097579,-111544,-1,1],278861]
[[-1214840,577049,0,-5522,0,1],278861]
[[113571310675,607077085,-14312173,-111552,-1,1],278881]
[[-1481,3844,82,-125,-1,1],278887]
[[-383702826,13903981,177697,-8584,-1,1],278993]
[[126313601849,2997956210,-1729955,-111610,0,1],279025]
[[19893275584,-1117628880,19898596,-111664,-1,1],279161]
[[-67270293632,191223796,15155573,-111684,-1,1],279211]
[[-84,52,36,-19,-2,1],279268]
[[-144,-588,-480,-111,-2,1],279324]
[[-10583,4989,266,-163,-1,1],279373]
[[655,478,-68,-63,-2,1],279439]
[[319,-124,-355,-106,0,1],279637]
[[45643,13360,-365,-265,0,1],279700]
[[2572456,536082,-533,-1776,-1,1],279783]
[[25871157,2071260,-41985,-4665,0,1],279900]
[[-45972574717,-1739832715,-22992861,-111996,-1,1],279991]
[[84566772038,831021097,-10339483,-112020,-1,1],280051]
[[181739567,11392482,-64085,-7324,0,1],280143]
[[-723,394,97,-51,-2,1],280404]
[[229127360991,2948266939,-3062525,-112180,-1,1],280451]
[[-7458444919,-730445953,-17325483,-112284,-1,1],280711]
[[267786966,-2721451,-1474481,-24065,-2,1],280777]
[[1076397568,38021289,-153509,-12480,-1,1],280809]
[[3690,-1763,-3198,-410,0,1],280932]
[[2625,1425,-63,-80,-1,1],281115]
[[12,169,-25,-33,0,1],281131]
[[2543,1208,-191,-95,0,1],281332]
[[3,-44,125,-46,-2,1],281349]
[[-5895,5488,-103,-291,-1,1],281511]
[[7500,3350,-95,-136,-2,1],281527]
[[1320,1144,-132,-209,0,1],281699]
[[-15201,3393,741,-164,-2,1],281899]
[[-3483,-12402,-8967,-1843,-2,1],281903]
[[20797217,1505387,-77757,-5934,-2,1],281941]
[[3,148,431,-141,-1,1],281943]
[[24565607,4273491,57005,-10669,-1,1],281977]
[[1494927,220947,-3365,-1107,-2,1],282211]
[[-89778597,-2374573,1445294,-28228,-1,1],282284]
[[2165789708,347096653,12286187,-113028,-1,1],282571]
[[420128,776684,-40769,-3455,0,1],282619]
[[-371,-890,657,-107,-2,1],282679]
[[-244,-80,199,-53,-1,1],283012]
[[6568436,525058,-25567,-2327,-1,1],283167]
[[143,491,91,-108,-2,1],283183]
[[-671682,114143,2780,-849,-1,1],283309]
[[-7,-317,305,-68,-1,1],283473]
[[-4,-535,519,-123,-2,1],283627]
[[71050,42625,-400,-425,0,1],283675]
[[-320864841472,3304949464,6150204,-113472,-1,1],283681]
[[981,743,9,-55,-2,1],283681]
[[2608092,342924,-2665,-1230,0,1],283761]
[[40793,37810,-365,-415,0,1],283825]
[[3,-41,84,-33,-1,1],283933]
[[183924,192963,-2096,-1048,0,1],284008]
[[35501742,2322995,-69364,-4317,-2,1],284031]
[[2623093,349635,-2915,-1265,0,1],284075]
[[1886,25235,-1095,-570,-1,1],284177]
[[-63660128,58260385,0,-15362,0,1],284197]
[[-11648,48,1388,-203,-2,1],284207]
[[12736,5304,-16,-154,-1,1],284233]
[[91479089536,1182481886,-11063049,-113700,-1,1],284251]
[[-492800,514560,6448,-1764,-1,1],284309]
[[8401,9920,-837,-341,0,1],284332]
[[684503496,23067768,-159338,-9484,-1,1],284532]
[[9,117,45,-41,-2,1],284553]
[[-6028065,518412,21034,-2073,-2,1],284581]
[[-185163741,4593654,1043876,-20973,-1,1],284639]
[[-17276027839,-1036712499,-19052191,-113880,-1,1],284701]
[[-14327,6712,137,-265,-2,1],284859]
[[-1245,-4649,4733,-756,-1,1],284859]
[[834012,-126444,-35252,-1780,-1,1],284864]
[[488,380,-90,-75,0,1],284875]
[[-1234,1095,45,-94,-1,1],285091]
[[-98,314,64,-53,-1,1],285156]
[[-194,339,46,-49,-1,1],285275]
[[857,-5013,-3319,-400,-1,1],285329]
[[-52785263,6069992,-69610,-6961,0,1],285401]
[[468,48,-419,-135,0,1],285433]
[[12381201,1027710,-117195,-6010,0,1],285475]
[[-74536400,8847472,-103656,-8784,-1,1],285493]
[[-2195495,-713750,-77085,-2855,0,1],285500]
[[41115951,3087135,-33945,-4185,0,1],285975]
[[57959,-50831,11810,-794,-1,1],285984]
[[908,966,-1,-148,0,1],286171]
[[-945,276,159,-51,-2,1],286236]
[[1987764,136051,-14496,-1208,0,1],286296]
[[43147,17014,-494,-527,-2,1],286325]
[[-34829538041,-1504271073,-22033811,-114580,-1,1],286451]
[[949,243,-219,-75,-1,1],286525]
[[-49,117,-9,-31,-1,1],286573]
[[-5486337971,-751576665,18661755,-114700,-1,1],286751]
[[29,80,27,-22,-2,1],286831]
[[2075,1170,-127,-103,0,1],286940]
[[-26318400,1745240,26300,-2776,-1,1],287105]
[[23389560454,-1428436887,22362541,-114856,-1,1],287141]
[[-28863,6978,1190,-269,-2,1],287287]
[[-1400,7084,-266,-234,-2,1],287308]
[[-47628,37800,-5229,-756,-1,1],287371]
[[-2488,17487,6910,-817,-1,1],287371]
[[-67,290,0,-35,0,1],287375]
[[-12,-21,42,-14,-2,1],287712]
[[5,47,33,-24,-1,1],287713]
[[-4303672,1445580,-6400,-2887,-2,1],287749]
[[-86032,20584,1004,-312,-1,1],287749]
[[-308,34,393,-95,-1,1],287863]
[[-2968224,1034488,2040,-2367,-2,1],287876]
[[-138916,22600,1757,-353,-1,1],287928]
[[-79174,29410,-120,-485,0,1],288100]
[[-409,-765,-479,-106,-2,1],288149]
[[4112,2665,-251,-129,0,1],288257]
[[-607,212,218,-65,-2,1],288261]
[[-108027377632,1581043432,9710988,-115332,-1,1],288331]
[[933857,66908,-118243,-4805,-2,1],288396]
[[1561,-1977,-1581,-268,-1,1],288431]
[[295912,51715,-1219,-467,-2,1],288563]
[[-63,-49,105,-34,-1,1],288631]
[[-2680437289,116539311,670118,-28884,-1,1],288844]
[[14483,11314,-179,-241,-1,1],288899]
[[475,349,-47,-49,0,1],288913]
[[-160,-2444,-1299,-185,0,1],289021]
[[531257496,23159785,-113784,-9482,0,1],289201]
[[11303320,805732,-21998,-2141,-2,1],289251]
[[-6742617885,158058719,787070,-28936,-1,1],289364]
[[392,522,20,-46,-2,1],289376]
[[-15981,4352,496,-161,-2,1],289537]
[[31384451,-8656799,723165,-16548,-1,1],289597]
[[4033,2155,-141,-108,-1,1],289699]
[[-29977176,-11887750,768721,-12876,-1,1],289719]
[[377177,55707,-3689,-620,0,1],289819]
[[-28139957,-966038,223995,-6209,-2,1],289828]
[[25462,8323,-107,-177,-2,1],289855]
[[128516437,6143761,-55475,-4898,-2,1],289893]
[[4047,3165,9,-137,-2,1],289917]
[[-605636533,184425223,-81190,-28996,-1,1],289964]
[[272750,79494,1408,-751,-2,1],289964]
[[8563570,2702531,2133,-3381,-2,1],290123]
[[-971296,-29104,23538,-1362,-1,1],290296]
[[-61524,21985,-45,-385,0,1],290475]
[[-11,14,29,-33,-1,1],290579]
[[342936457728,3530243477,-5964569,-116268,-1,1],290671]
[[2492391957,32572210,-1428460,-24915,0,1],290675]
[[1701,12960,-3645,-535,0,1],290700]
[[-233621632973,3393815569,4383771,-116280,-1,1],290701]
[[-36433,1081,2907,-356,-1,1],290807]
[[754191,389304,6246,-1795,-2,1],290911]
[[78351,16660,-3395,-585,0,1],291025]
[[1603771801,403241110,-13340395,-116510,0,1],291275]
[[43979841,4168683,-207889,-9197,-2,1],291289]
[[148544,30800,-1100,-385,0,1],291500]
[[272974491,-5871377,-1948182,-29164,-1,1],291644]
[[592,9816,-420,-1339,-1,1],291772]
[[292316571,18174398,-27036,-9215,-2,1],291859]
[[321854520008,3282877766,-6579691,-116868,-1,1],292171]
[[-184,162,23,-28,-1,1],292549]
[[219662100,13857333,6129,-8357,-2,1],292551]
[[-1765961,271374,19351,-1743,-2,1],292556]
[[4826,2633,-249,-141,0,1],292597]
[[152374451,12759782,59123,-9002,-2,1],292617]
[[-594192345,100494491,-608866,-29272,-1,1],292724]
[[3081186,516262,2320,-1933,-1,1],292772]
[[15488,6050,-127,-155,-1,1],292819]
[[-173,-61,281,-73,-2,1],292837]
[[-718572215,-204721629,-10577417,-117136,-1,1],292841]
[[-137,-40,369,-91,-1,1],293113]
[[1925,375,-475,-125,0,1],293125]
[[-384392,-293521,128344,-4757,-1,1],293373]
[[-6240,4168,180,-136,-1,1],293473]
[[-168,156,18,-31,-1,1],293868]
[[23509310,2436895,-19827,-5039,-2,1],294035]
[[371363062124,3540110148,-7092269,-117616,-1,1],294041]
[[32319,25326,-4596,-665,-2,1],294063]
[[165528845792,1646034684,-10156509,-117688,-1,1],294221]
[[10029,3503,-123,-115,-1,1],294439]
[[2009501,273573,-2219,-1082,-1,1],294503]
[[11612899,2890518,23971,-5175,-2,1],294668]
[[244,1870,-7,-123,-1,1],294748]
[[-82,234,-46,-48,-1,1],294752]
[[-6880,9496,-1996,-512,-1,1],294813]
[[-52518102,12329499,93069,-19661,-2,1],294939]
[[719,729,71,-67,-2,1],294979]
[[-16004,13930,145,-258,-2,1],295163]
[[-6291,2028,497,-137,-2,1],295196]
[[378097664,36145536,332465,-16876,-1,1],295337]
[[32823,-4689,-4689,-521,0,1],295407]
[[-28592917,-5541284,-360563,-8133,0,1],295499]
[[-95,-433,370,-77,-1,1],295551]
[[819,-69,-336,-87,-1,1],295659]
[[511250,80625,-2500,-625,0,1],295675]
[[-4255,2548,135,-101,-1,1],295753]
[[121,418,-21,-53,0,1],295852]
[[109671,24655,-779,-346,-2,1],295889]
[[29433499,-605815,-277855,-9110,0,1],296075]
[[-1524,1711,-195,-180,-1,1],296101]
[[-32108,16108,-229,-335,-2,1],296153]
[[-1616875,632875,-2299,-1768,-1,1],296207]
[[-1692672,-3299200,291030,-6842,-1,1],296504]
[[7692,-44870,-19871,-1282,0,1],296783]
[[37739649,-9035640,-733155,-13210,0,1],297225]
[[805325193,9887685,-1076615,-19815,0,1],297225]
[[-11670387,1435201,262559,-9148,-1,1],297323]
[[-5794,6529,228,-162,-2,1],297368]
[[-136,378,185,-75,-1,1],297397]
[[3284111401,113527114,-720648,-25493,-2,1],297437]
[[-60237,28889,454,-345,-1,1],297693]
[[-13853,-52045,-16401,-1192,-1,1],297829]
[[4853,633,-1055,-211,0,1],298143]
[[3047193423,34099031,-1932362,-29820,-1,1],298204]
[[-673047,56842,13946,-1353,-1,1],298253]
[[-10035248357,227195867,692390,-29844,-1,1],298444]
[[2751750,-1080075,125215,-4163,-2,1],298463]
[[849626688,33574504,-133651,-11607,-1,1],298476]
[[75957,27275,-89761,-3852,-1,1],298561]
[[-194288493,9771730,65619,-6544,-2,1],298643]
[[-1940797,2522743,27877,-6637,-1,1],298683]
[[-224778648,-39153544,-1969694,-25601,-2,1],298697]
[[1513,-395,-881,-192,-2,1],299029]
[[-2000,866,151,-71,-2,1],299053]
[[114912,23328,-2064,-451,-2,1],299212]
[[2033,1191,-223,-114,-1,1],299231]
[[-91894432667,604847505,15293403,-119760,-1,1],299401]
[[392827,116452,-979,-916,-2,1],299491]
[[53412480,4200669,-74184,-6182,0,1],299827]
[[-464,-152,292,-64,-2,1],299876]
[[38088,3380830,489299,-13332,-1,1],299979]
[[-2281,694,263,-80,-2,1],299987]
