[[-414689,71083,1624,-545,-1,1],300071]
[[15605356,867421,-78109,-4111,0,1],300103]
[[-46493,15967,1295,-401,-2,1],300181]
[[20241738,1414665,-22032,-2514,-2,1],300217]
[[739424,277284,-23107,-3301,0,1],300391]
[[27592459,4892980,-34199,-5280,-2,1],300391]
[[186,215,-23,-39,-2,1],300397]
[[-64143,21303,3423,-651,-2,1],300447]
[[-7700,-8745,-3113,-341,0,1],300487]
[[17587691496,-1035779678,19316847,-120204,-1,1],300511]
[[7462026,808335,-7645,-2035,0,1],300575]
[[130676,25113,-2465,-508,-1,1],300653]
[[2144449,288334,-9789,-1353,-1,1],300677]
[[39334,16942,-142,-265,-2,1],300700]
[[-8,-112,-250,-79,0,1],300739]
[[120348752960,1316512704,-9840900,-120304,-1,1],300761]
[[-914905150,28390675,357043,-13372,-1,1],300879]
[[5756,6564,188,-940,-1,1],300928]
[[207,345,62,-70,-1,1],301024]
[[5105227,1242239,-6486,-2316,-1,1],301132]
[[-494,2938,-2954,-434,-1,1],301184]
[[-220,157,38,-29,-1,1],301191]
[[-2,153,316,-82,-2,1],301573]
[[-52102,27491,-1440,-549,-1,1],301637]
[[-306287322,15583760,70076,-8121,-1,1],301652]
[[-5,16,9,-41,-2,1],301676]
[[-275966244183,3067900003,6964413,-120700,-1,1],301751]
[[-232216636160,3158848128,2439360,-120760,-1,1],301901]
[[-95472283653,3424699345,689155,-120904,-1,1],302261]
[[-16300,5035,340,-161,-1,1],302755]
[[45080,-16352,-13174,-1442,-1,1],302904]
[[404876,84714,-1024,-597,-2,1],302908]
[[-5488,1232,1058,-239,-2,1],303156]
[[2512928,47938,-41371,-2450,-1,1],303237]
[[32172039008,-360940632,-17936476,-121356,-1,1],303391]
[[7306,1171,-774,-167,0,1],303883]
[[923301,137560,-2395,-760,0,1],303925]
[[-764,-1374,-755,-142,-2,1],303997]
[[-16671624349,-1431228090,-23653145,-121610,0,1],304025]
[[-1900,398,343,-90,-2,1],304069]
[[-10949,-9040,-2545,-260,0,1],304075]
[[328992,185248,-4170,-1602,-2,1],304684]
[[-304,200,60,-37,-1,1],304852]
[[122600,-635,-7055,-699,-2,1],304885]
[[164,-120,-228,-67,-1,1],304900]
[[1531376,-19965,-35695,-2035,0,1],304975]
[[480,425,-40,-50,0,1],305125]
[[-3552,2324,124,-107,-2,1],305143]
[[-1930157073,95024655,158706,-30520,-1,1],305204]
[[3823101,1835560,-61045,-4210,0,1],305225]
[[8693611,616124,-29503,-2353,0,1],305347]
[[8316,5370,-125,-150,0,1],305375]
[[-17160337943,216893347,8270259,-122160,-1,1],305401]
[[128,1945,-56,-98,0,1],305401]
[[458,483,-109,-109,-2,1],305419]
[[-180157,95110,-990,-715,0,1],305425]
[[3964029328,79591080,-7795620,-122188,-1,1],305471]
[[-53572,84352,-27395,-2412,-2,1],305579]
[[1179223323,33848137,-10550037,-122248,-1,1],305621]
[[9273,4100,-212,-151,-2,1],305887]
[[-451624,-465904,-80092,-3633,-1,1],305893]
[[26,-852,-700,-141,-2,1],305908]
[[1885139795,124678994,-47102,-23551,0,1],306163]
[[-6494033925,188483131,526602,-30616,-1,1],306164]
[[124677802199,497513110,-17212655,-122510,0,1],306275]
[[120016957631,1339738711,-12781381,-122544,-1,1],306361]
[[-39292056,18323636,80027,-9759,-1,1],306724]
[[-52014776,-9800340,-589930,-11935,0,1],306900]
[[-439275,86925,4392,-818,-1,1],306900]
[[-315392,-255488,53056,-2367,-2,1],307007]
[[-126996363,6190017,57475,-4912,-1,1],307025]
[[-1246058,491865,-32791,-2981,0,1],307043]
[[-18016,4344,444,-135,-2,1],307112]
[[-81382749177,3530681623,2420271,-122856,-1,1],307141]
[[149,-434,-432,-93,0,1],307177]
[[243,906,-32,-85,-2,1],307189]
[[-7929,2793,567,-158,-1,1],307209]
[[3740,1177,-836,-242,0,1],307373]
[[319351825,21516070,-25243,-9707,-2,1],307439]
[[264,-618,451,-100,-1,1],307551]
[[-42412322833,-1770270411,-24765617,-123028,-1,1],307571]
[[5633,-7289,2785,-291,-2,1],307571]
[[-331108675,133579603,-2128945,-123060,-1,1],307651]
[[306007,49910,-5035,-715,0,1],307675]
[[61698791,22041299,-12309,-9468,-1,1],307723]
[[-2079,772,133,-57,-2,1],307764]
[[-1143,636,69,-57,-2,1],307764]
[[-4768,1384,342,-105,-2,1],307873]
[[-339428,57247,3017,-664,-1,1],308099]
[[2266,1169,-18,-67,-2,1],308101]
[[-175339574603,2926768573,-529951,-123244,-1,1],308111]
[[-33529,11421,1367,-334,-1,1],308231]
[[-9404,8023,1773,-335,-2,1],308231]
[[2311,1038,-240,-115,-2,1],308275]
[[-156897221,811413,426531,-10039,-1,1],308353]
[[-399527536,17001768,248911,-10795,-1,1],308440]
[[170775872,16610176,-37708,-8138,-1,1],308581]
[[203,145,-29,-29,0,1],308647]
[[6847348532,-532869476,13920749,-123520,-1,1],308801]
[[-112,112,35,-34,-1,1],308917]
[[7058,2303,-191,-99,0,1],309007]
[[-28538497,2941111,45549,-4433,-1,1],309517]
[[344287,-200273,34802,-1669,-1,1],309821]
[[-31,179,-39,-62,0,1],309861]
[[117535131,-18470295,891333,-13776,-1,1],309969]
[[342,4943,365,-357,-2,1],310013]
[[-9867186,379185,57356,-2810,-2,1],310057]
[[-9224402785,237712527,595438,-31012,-1,1],310124]
[[-358267749,-58766017,2766306,-31012,-1,1],310124]
[[3897250481,-554807193,17583893,-124092,-1,1],310231]
[[-762798213,-59472399,8527621,-124128,-1,1],310321]
[[1556268,212965,-2865,-955,0,1],310375]
[[-589,33,232,-63,-1,1],310529]
[[-4225,3237,553,-202,-1,1],310541]
[[1664,1120,8,-79,-1,1],310564]
[[-56135184,-20142276,-1372158,-20705,-2,1],310599]
[[24030,7445,-238,-173,-1,1],310655]
[[141,251,49,-60,-1,1],310725]
[[136867069,9886529,-41127,-9564,-1,1],310843]
[[2200252953,47418690,-835236,-20741,-2,1],311139]
[[-1370672,213440,2415,-994,-2,1],311387]
[[-4726315,741583,4197,-1787,-1,1],311471]
[[117,81,-57,-33,0,1],311499]
[[272,345,-56,-50,0,1],311713]
[[65184515,58121539,-87294,-31176,-1,1],311764]
[[-134712,-3908910,-516993,-13860,-1,1],311859]
[[389484532408,3980131582,-6150885,-124764,-1,1],311911]
[[1593,1324,-26,-79,-1,1],312021]
[[8,196,-2,-30,0,1],312524]
[[773121240,125500137,439562,-26801,-2,1],312697]
[[-176,-32,420,-99,-2,1],312724]
[[-7650227061,-1062954007,-21692377,-125172,-1,1],312931]
[[4832,1400,-480,-150,0,1],313000]
[[-9346290,-384671,145454,-4759,-2,1],313101]
[[22540,24787,-119,-357,-2,1],313313]
[[-2093842,601145,-2259,-1757,0,1],313499]
[[38,-288,318,-79,-1,1],313532]
[[-10983852,899490,15927,-2079,-1,1],313596]
[[3012225,460828,-4989,-1795,-1,1],313813]
[[-7845825,808366,19658,-2107,-2,1],313857]
[[-216,212,34,-34,-2,1],313900]
[[40232,21260,-910,-515,0,1],313900]
[[-432894,124755,2730,-815,-1,1],313929]
[[-21744,16308,-1812,-453,0,1],313929]
[[-267134,27669,4457,-533,-2,1],314039]
[[-1913062689,4417971,2298802,-31404,-1,1],314044]
[[-368818406544,3326711248,9770029,-125740,-1,1],314351]
[[-49756542458,-2015055295,-26694687,-125740,-1,1],314351]
[[12079,4016,-452,-167,-1,1],314397]
[[523863,111719,-2411,-1158,-1,1],314397]
[[-4701,-14465,-5505,-585,0,1],314425]
[[-90,576,507,-129,-1,1],314436]
[[194157,38610,-1035,-390,0,1],314475]
[[-2637,2638,-54,-117,0,1],314533]
[[7257,2018,-422,-143,-2,1],314587]
[[-27756035648,-1483638840,-23632076,-125836,-1,1],314591]
[[-640,2266,107,-106,-1,1],314791]
[[685994,116049,-1568,-730,-2,1],315487]
[[17297603,763510,-59945,-3155,0,1],315500]
[[132840568,15108760,-427240,-14565,0,1],315575]
[[-78996100324,-30081564,19534959,-126276,-1,1],315691]
[[3648,3425,-448,-194,0,1],315704]
[[-2019,736,141,-58,-2,1],315761]
[[-278073819,40002625,-789830,-23269,-1,1],315799]
[[-6132,4110,-40,-165,0,1],315900]
[[-516032,132384,1642,-746,-1,1],315976]
[[5770335,519850,-8430,-1405,0,1],316125]
[[1280,3328,80,-124,-1,1],316291]
[[-477,209,134,-58,-1,1],316348]
[[-1,4,46,-19,-2,1],316467]
[[-161385168,12469952,231769,-11177,-2,1],316727]
[[-9373,9628,-1669,-433,-1,1],316987]
[[191252070,-23543407,967873,-14088,-1,1],316989]
[[2624,8528,-4100,-533,0,1],317053]
[[-30973209065,2134291869,-7142691,-126868,-1,1],317171]
[[-1975,905,120,-66,-1,1],317180]
[[770772662,25545399,-165112,-9897,-1,1],317299]
[[-40616613103,-197096687,17733015,-126936,-1,1],317341]
[[-8018,11183,-2110,-422,0,1],317344]
[[-15,42,-9,-23,-2,1],317412]
[[-6495301,-2397578,-249049,-6803,-2,1],317548]
[[4285417279,93057679,-952809,-24431,0,1],317603]
[[1297,1307,-33,-75,0,1],317623]
[[167144563184,839189568,-17513884,-127096,-1,1],317741]
[[940175991,23288986,-691567,-18691,0,1],317747]
[[-9261,3997,651,-181,-2,1],317779]
[[116449,33460,-655,-385,0,1],318100]
[[-110,4092,-2684,-407,0,1],318164]
[[73899,41760,-42,-511,-2,1],318505]
[[7364427,878168,-10805,-2133,-2,1],318548]
[[27555129,1814237,-20860,-2618,-1,1],318572]
[[199090704,-24526096,994060,-14160,-1,1],318609]
[[-1305520384,-386026584,-13423265,-127476,-1,1],318691]
[[3328,2808,240,-138,-1,1],318721]
[[278783,6141,-11085,-939,-1,1],318725]
[[513,426,-31,-43,0,1],318772]
[[-27,136,65,-39,-1,1],318915]
[[-144707,120339,-9956,-1276,-1,1],319100]
[[130699008,3941476,-268928,-8404,0,1],319352]
[[-17584,-16249,-4902,-496,-2,1],319397]
[[-43691,24292,112,-511,-2,1],319517]
[[34656870329,-1626196365,24634845,-127840,-1,1],319601]
[[177024,37810,-955,-385,0,1],319675]
[[1753977,563757,983,-6556,-2,1],319683]
[[632,526,-30,-57,-2,1],319876]
[[8487,2706,-287,-123,0,1],319923]
[[33897,-47565,-137576,-5332,-1,1],319944]
[[1007991,105525,-6117,-818,-1,1],319951]
[[16561,5981,-245,-171,-2,1],320029]
[[624588638,23134435,-241536,-12111,-1,1],320087]
[[-7215462181,202160155,486710,-32020,-1,1],320204]
[[9225,-14760,-6929,-615,0,1],320292]
[[-679139456,38957224,50267,-14783,-2,1],320333]
[[-23344029,4398954,-67771,-6161,0,1],320372]
[[21929535,-3411842,-513572,-11415,-2,1],320543]
[[-412708,-260322,76397,-3272,-2,1],320881]
[[-691,372,135,-72,-2,1],320911]
[[-45658884951,-1893598065,-26388255,-128410,0,1],321025]
[[41256,10572,-3606,-539,-1,1],321036]
[[-110170488,6422827,39581,-5140,-1,1],321275]
[[35086993,2139585,-25915,-2840,0,1],321275]
[[-4798094941,181071807,-282730,-32128,-1,1],321284]
[[3199837699,187428483,-89982,-32136,-1,1],321364]
[[225140,63712,886,-596,-1,1],321488]
[[2397,1310,-175,-95,0,1],321500]
[[4578,182480,1344,-877,-2,1],321644]
[[-45064210,2509337,57896,-4019,-2,1],321648]
[[2553,1632,-9,-82,-2,1],321651]
[[-5968,-7040,-2760,-365,0,1],322100]
[[76158485,-11664024,602716,-10849,-1,1],322291]
[[-297556,-3128,10356,-791,-2,1],322324]
[[3638088935,98343631,-992758,-32232,-1,1],322324]
[[93626,245297,8268,-1339,-1,1],322361]
[[18063,5823,-225,-164,-1,1],322513]
[[76823840,-20025344,1067700,-16128,-1,1],322568]
[[18590305,2307762,-163577,-8842,0,1],322733]
[[859134,-358205,48502,-2143,-1,1],323041]
[[249,339,-35,-46,-1,1],323175]
[[-1679,835,155,-73,-2,1],323383]
[[29050480,2576337,-27536,-3442,0,1],323548]
[[522,-1132,-800,-141,-1,1],323604]
[[2490976,-747135,75390,-2653,-2,1],323657]
[[-30693,-37390,-9935,-740,0,1],323725]
[[-2565358544,53533326,716275,-18508,-1,1],323897]
[[-26933,45889,4735,-779,-2,1],323949]
[[-119,-27,116,-37,-1,1],324223]
[[1057601776,29482860,-425095,-14410,0,1],324225]
[[100700,10250,-2975,-400,0,1],324325]
[[-960906,126349,3479,-703,-2,1],324387]
[[13436589,-609576,-169047,-5405,-2,1],324396]
[[9993,2281,-533,-142,0,1],324469]
[[-1343,544,157,-65,-1,1],324479]
[[22408,7100,-971,-353,-1,1],324756]
[[5121491,566832,-10363,-1687,0,1],324868]
[[403613,229047,4553,-1252,-1,1],324917]
[[-33499,-24735,-6028,-513,-1,1],325103]
[[-56517356,2373800,91525,-4433,-1,1],325116]
[[2294489520,59707428,-1401566,-27881,-2,1],325297]
[[1064,100,-358,-103,-1,1],325684]
[[-30848,23136,-1928,-482,0,1],325832]
[[7969855040,176884000,-620428,-26068,-1,1],325855]
[[-9642831056,-736531920,20363544,-130368,-1,1],325921]
[[85117,-22952,-9552,-761,-2,1],325991]
[[255331,48841,-978,-458,-1,1],326228]
[[-702383349,37778435,-61045,-14735,0,1],326275]
[[-160,1956,-11,-103,0,1],326317]
[[-10569933,835785,13911,-1826,-1,1],326469]
[[-81,522,41,-47,-2,1],326492]
[[-55777995,4303670,22527,-4615,-1,1],326515]
[[5343,2383,-75,-100,-1,1],326629]
[[-10624,-9340,-2745,-285,0,1],326725]
[[9677473083,216852411,-876478,-32704,-1,1],327044]
[[5076408824,91784260,-1733630,-32710,0,1],327100]
[[-4206133,2897075,86386,-6544,-1,1],327220]
[[-162652172544,1820510528,9979792,-130968,-1,1],327421]
[[-546448,45272,7656,-751,-2,1],327452]
[[22140,227979,39438,-3921,-1,1],327717]
[[-523,834,-140,-145,-2,1],327871]
[[-72,153,-37,-37,0,1],328081]
[[24164819,2865194,-56799,-6311,0,1],328172]
[[-89244032,11097460,-183115,-10365,0,1],328225]
[[9380800,1670504,-10824,-2706,0,1],328328]
[[82,38,-64,-39,-1,1],328388]
[[-143618,41569,-132,-491,-2,1],328400]
[[81,90,-45,-45,0,1],328500]
[[116736,24608,-605,-311,-2,1],328751]
[[18676,-9840,-4745,-460,0,1],328825]
[[-248,336,-22,-62,0,1],328852]
[[18415982,832759,-86092,-3981,-1,1],329051]
[[-971271,426257,4370,-1413,-1,1],329093]
[[265,-656,486,-93,-2,1],329417]
[[64367784,7766874,98262,-9309,-2,1],329452]
[[162,187,-36,-39,-1,1],329587]
[[171283994624,3834123840,-501100,-131868,-1,1],329671]
[[-33760,10552,674,-279,-1,1],329747]
[[7118432,-10494664,-949744,-16487,-2,1],329772]
[[965633917,30702561,-356345,-14664,-1,1],329949]
[[-1623649,285913,-401,-1203,0,1],330023]
[[28379991,2232323,-17555,-2957,-2,1],330377]
[[700,730,-21,-96,0,1],330511]
[[13733465,-1582238,-319483,-10439,-2,1],330619]
[[-11919753,3210162,-30457,-12304,-2,1],330713]
[[312,2723,98,-108,-2,1],330859]
[[-3564179,346826,18528,-1783,-1,1],330893]
[[81,2493,-105,-126,0,1],331137]
[[-251,138,53,-26,-2,1],331189]
[[-7874,2625,324,-130,-2,1],331327]
[[-11823460,-11465575,-742280,-13255,0,1],331375]
[[-192692250,6496025,282910,-9075,-2,1],331645]
[[-229212455,10859732,177344,-8893,-2,1],331837]
[[-500990261,-23736947,6600975,-132816,-1,1],332041]
[[-12284152293,216182699,1368186,-33208,-1,1],332084]
[[11379536,912112,-26228,-2546,-1,1],332093]
[[767725,30750,-13325,-1025,0,1],332100]
[[-128,400,-18,-48,0,1],332116]
[[4179284,614506,-29583,-2703,-1,1],332132]
[[3780,1701,-147,-95,0,1],332311]
[[-729,387,108,-63,-1,1],332361]
[[492257775,74773615,1502466,-33240,-1,1],332404]
[[-33082556992,-366850184,21316276,-133060,-1,1],332651]
[[-24614369,1997091,26614,-3696,-1,1],332676]
[[-3030233120,41420810,1535997,-26620,-1,1],332755]
[[397,459,9,-51,-1,1],332821]
[[1117568967,46094929,-78421,-14796,-1,1],332919]
[[-58763435501,-2247222143,-28940101,-133180,-1,1],332951]
[[2092468176,89524710,-276895,-24535,0,1],332975]
[[-5928,2644,178,-126,-2,1],333036]
[[20740,8357,-732,-366,0,1],333121]
[[736,960,168,-103,-1,1],333212]
[[10783499224,465718485,-1066480,-133310,0,1],333275]
[[-164,364,-125,-92,-1,1],333281]
[[3240,1395,-111,-77,0,1],333365]
[[8128,13676,-3363,-532,-1,1],333377]
[[-1016113,-861043,-105873,-3591,-2,1],333487]
[[1377101,161535,-11495,-1210,0,1],333575]
[[-7737985453,277741343,507078,-33360,-1,1],333604]
[[283,585,79,-61,-2,1],333613]
[[-10891897028,-6010188,19050507,-133500,-1,1],333751]
[[-1838424553,2145435,2242894,-33376,-1,1],333764]
[[4572180595,62890483,-2096038,-33376,-1,1],333764]
[[-10484,15370,-1735,-411,-1,1],333916]
[[1147,1372,125,-129,-1,1],333967]
[[92,-155,-260,-78,0,1],334073]
[[-6330,-661,1165,-171,-2,1],334079]
[[-1737,-3681,-1747,-247,-2,1],334103]
[[108898021,5218711,-71751,-5100,-2,1],334337]
[[-415488772500,3589391425,11196415,-133768,-1,1],334421]
[[-1792,784,152,-74,-2,1],334516]
[[-533763,-237134,-33064,-1567,-2,1],334521]
[[-13953563,452244,92353,-4005,-1,1],334737]
[[-34829119678,-1869825735,-27488931,-133896,-1,1],334741]
[[1489482607,56869960,-190735,-15465,0,1],335075]
[[-990558639,597884085,15916293,-134088,-1,1],335221]
[[6658673229,232161889,-5004183,-134160,-1,1],335401]
[[3325339,1151518,53195,-7187,-2,1],335468]
[[-3973,2385,554,-157,-1,1],335473]
[[27253336,2375340,-6710,-3355,0,1],335500]
[[-181,-419,-294,-71,-1,1],335557]
[[8816875150,204102089,-688577,-28769,-2,1],335657]
[[52893,8910,-1665,-315,0,1],335700]
[[5230079401,150966039,-468635,-24739,-1,1],335749]
[[196993,38101,-3349,-751,-2,1],335759]
[[-44113688,3365568,25024,-4433,-1,1],335789]
[[29017592651,-1836850491,27766507,-134332,-1,1],335831]
[[-12960360,-224394,250495,-7660,-1,1],336013]
[[12683170,6229557,-152038,-8002,0,1],336084]
[[1149,160,-605,-135,0,1],336100]
[[1679,1055,-135,-80,0,1],336125]
[[17371917,3559027,68331,-5380,-1,1],336275]
[[-4376,1770,256,-115,-2,1],336344]
[[-169865,15331,4654,-545,-1,1],336431]
[[-626139,-837669,-157735,-5431,-2,1],336585]
[[-84108641464,81147487,19617689,-134644,-1,1],336611]
[[2723,4093,-41,-136,-1,1],336877]
[[-24800335029,-1315478433,-22815613,-134764,-1,1],336911]
[[-824207,-777102,-191519,-8035,-2,1],336919]
[[-17416944,-125524,250685,-9073,-1,1],337012]
[[-8,14,57,-88,-1,1],337061]
[[6268,935,-790,-165,0,1],337075]
[[-83280156982,-2704131147,-31190435,-134848,-1,1],337121]
[[-731329,117170,4117,-807,-2,1],337124]
[[-6785134500,-789528220,-22712489,-134952,-1,1],337381]
[[5515,1878,-214,-109,-2,1],337591]
[[7693,2062,-490,-147,0,1],337741]
[[-538,225,108,-46,-2,1],337888]
[[487609576,84726804,1054238,-28961,-2,1],337897]
[[620,998,-11,-67,-1,1],337924]
[[393,671,91,-62,-2,1],337973]
[[-19771,6082,396,-177,-2,1],338167]
[[-8287762,1682478,-44510,-4451,0,1],338276]
[[-21750796,5595058,-5451,-5510,-2,1],338351]
[[3136,26096,585,-357,-2,1],338393]
[[515847969824,4545510585,-9207880,-135410,0,1],338525]
[[-721550,1396545,-11800,-2794,-2,1],338605]
[[355649,90885,-1955,-685,0,1],338675]
[[-52954788400,1798814880,-7832848,-135516,-1,1],338791]
[[49218205,-4405375,-582865,-13555,0,1],338875]
[[-534,685,-106,-81,-1,1],338949]
[[527214265201,4814629635,-8068795,-135610,0,1],339025]
[[4,80,-62,-59,-1,1],339156]
[[-467032959,-48500881,-1655933,-19951,0,1],339167]
[[-11142589,1636897,7088,-3025,-1,1],339277]
[[1863,1641,-25,-85,0,1],339349]
[[-16373926,4429634,16138,-5443,-1,1],339412]
[[-4530,20657,-8588,-1010,-2,1],339448]
[[1238,370,-180,-65,0,1],339500]
[[-989797,1351737,-12119,-3672,-1,1],339697]
[[-4473,1104,323,-93,-1,1],339697]
[[9280,3825,-78,-123,-1,1],339785]
[[336696080,170805294,-26141,-26141,0,1],339833]
[[-3480439294,-1053627839,23480361,-135960,-1,1],339901]
[[1103946264,50452620,-465166,-17891,0,1],339929]
[[10807,-465,-1735,-265,0,1],340075]
[[69783,171727,-574,-928,-1,1],340132]
[[41976,36960,-5170,-935,0,1],340175]
[[9047,2202,-1157,-291,-1,1],340225]
[[140079195936,4204430946,-313215,-136180,-1,1],340451]
[[-261063,81217,2251,-831,-2,1],340461]
[[-24744251095,-1301847867,-22793019,-136240,-1,1],340601]
[[-97,313,33,-60,-2,1],340765]
[[-776276372,47909593,137959,-22739,-2,1],341109]
[[1154400568,43134067,-544259,-22739,-2,1],341109]
[[-309772,-296684,-54772,-2913,-1,1],341284]
[[-57,-194,211,-51,-2,1],341316]
[[-8065,2977,331,-136,-1,1],341341]
[[5,31,-5,-25,0,1],341341]
[[2458495,497051,-4321,-1744,-2,1],341483]
[[13003,-2141,-2495,-346,-2,1],341693]
[[-366829453,31174112,81636,-12169,-2,1],341713]
[[-152154,64493,-2593,-1022,-1,1],341723]
[[57624,17934,-142,-265,-2,1],341868]
[[-417168974916,3373203276,12950831,-136756,-1,1],341891]
[[19369136,1145884,-147856,-9241,0,1],341917]
[[-3136,3072,157,-147,-1,1],341924]
[[13,442,-39,-77,-2,1],342004]
[[-3150140,405978,56111,-3235,-1,1],342028]
[[1636834,254357,-2888,-1031,-1,1],342081]
[[565934528,16816704,-543920,-17104,-1,1],342088]
[[2,-51,251,-67,-2,1],342175]
[[833192888,-3947636,-1289024,-20141,0,1],342397]
[[10825,-4461,-3689,-433,-2,1],342473]
[[-473508,695792,9225,-1933,-1,1],342488]
[[160043741,15344991,-236372,-17128,-1,1],342568]
[[-47776,23096,10840,-1066,-1,1],342829]
[[201,559,217,-189,-2,1],342945]
[[-1908,2312,128,-99,-2,1],342972]
[[-138969,4194,5931,-584,-2,1],343003]
[[44543,15047,-471,-268,-1,1],343003]
[[-6292,1640,541,-132,-2,1],343051]
[[550,-26875,-12400,-925,0,1],343075]
[[980,492,-112,-67,-1,1],343444]
[[-4473,3095,-94,-159,-1,1],343565]
[[5807,3508,-187,-171,-1,1],343747]
[[6699,1672,-1727,-297,0,1],343772]
[[-2492081,252215,11241,-1305,-1,1],344101]
[[-10090,3264,249,-115,-1,1],344156]
[[1402,1243,-41,-101,-2,1],344203]
[[291,251,1,-33,-2,1],344323]
[[-10000,6625,-52,-389,-1,1],344619]
[[2289949,-714401,72445,-2546,-1,1],344825]
[[-3522340133,126361359,1076038,-34488,-1,1],344884]
[[418048,112535,-3337,-923,0,1],344989]
[[316710694544,2831896169,-12609297,-138108,-1,1],345271]
[[1261,1561,-113,-103,0,1],345277]
[[980677163,-108940953,3427598,-34552,-1,1],345524]
[[656,528,-28,-54,-1,1],345607]
[[-1303,1174,133,-79,-1,1],345663]
[[-2395,4368,391,-167,-1,1],345703]
[[39301,13010,-2820,-585,0,1],345725]
[[-2544180,997538,-3935,-4173,-1,1],345796]
[[-32927,1179,2842,-353,-1,1],346177]
[[-1555025,-169670,70643,-3502,-2,1],346211]
[[-271111,-228304,-45060,-2253,0,1],346211]
[[-9800,16000,-4350,-600,0,1],346300]
[[4,36,-40,-111,-2,1],346444]
[[17,60,29,-30,-2,1],346581]
[[-3510295,1505934,3924,-2547,-1,1],346609]
[[-4721148,1052658,-3347,-2362,-2,1],346765]
[[14586,4411,-242,-132,0,1],346775]
[[7200047,831387,-4371,-1900,-1,1],346823]
[[105,449,231,-109,-1,1],347113]
[[-104,-928,634,-108,-2,1],347164]
[[106741052884,-158695556,-23248075,-138960,-1,1],347401]
[[226716215316,1327968820,-18662919,-138964,-1,1],347411]
[[14210476,1540162,-27217,-3202,0,1],347417]
[[-7,117,5,-24,-1,1],347431]
[[9751,3178,-283,-126,0,1],347467]
[[-2183,1078,92,-73,-2,1],347533]
[[312648192,-32682944,1177168,-15448,-1,1],347589]
[[459,670,-63,-88,-2,1],347689]
[[-130,-407,-326,-79,0,1],347728]
[[1815825,-35500,-33725,-1775,0,1],347900]
[[656471,102587,-3717,-864,-1,1],347921]
[[-134199,89435,-4495,-1085,0,1],347975]
[[133045,27306,-779,-328,0,1],348049]
[[375369071,20011008,-55985,-9199,-1,1],348263]
[[-234683,66264,11617,-1231,-1,1],348329]
[[832,-28891,-9062,-725,-1,1],348471]
[[-232742679388,1486008736,18082307,-139416,-1,1],348541]
[[-86601501,7718310,-5730,-6685,0,1],348575]
[[81428,-74924,20697,-1542,-1,1],348727]
[[-95452,45669,322,-451,-1,1],348859]
[[-121787473,24704707,-650359,-27912,-1,1],348905]
[[18909,10621,429,-252,-1,1],348943]
[[-2530525631,61207083,527304,-17460,-1,1],349208]
[[4175,2485,-317,-159,-2,1],349235]
[[-121939559,108063507,-796261,-29933,-2,1],349237]
[[-2291,1290,99,-73,-1,1],349297]
[[10700,14625,-100,-250,0,1],349600]
[[-684484,174286,-2321,-1266,0,1],349627]
[[-48,6019,-166,-207,-1,1],349713]
[[-332,-1115,-940,-190,0,1],349825]
[[-1177757,256575,-1555,-1555,0,1],349875]
[[1127500,399135,-7216,-1804,0,1],349976]
[[460107352,20700668,-75688,-9461,0,1],350057]
[[65068,25660,-915,-415,0,1],350075]
[[3224,545,-512,-122,0,1],350077]
[[-3868,1573,213,-89,-2,1],350143]
[[1408,1890,-109,-137,-2,1],350173]
[[361620,95571,-1189,-615,0,1],350181]
[[-1345,154,446,-119,-1,1],350241]
[[150,85,-78,-49,-1,1],350443]
[[10864129,-2829427,231277,-5978,-2,1],350471]
[[579,385,-177,-81,-2,1],350555]
[[4719,1996,-67,-87,-1,1],350829]
[[653064,614488,-202,-2776,-1,1],350836]
[[-53,72,105,-73,-2,1],351028]
[[3,10,-5,-10,0,1],351125]
[[-853815,53975,20981,-1896,-1,1],351265]
[[5335557,489942,-10128,-1477,0,1],351315]
[[488884,86428,-3116,-697,0,1],351452]
[[4048641,1000332,-8261,-2253,0,1],351468]
[[422158259792,4713528216,-4752564,-140608,-1,1],351521]
[[2119,2402,-99,-123,0,1],351572]
[[-5393419456,146177836,1127183,-30137,-2,1],351617]
[[-144,468,6,-77,-2,1],351729]
[[-81562581695,-2750825503,-32406987,-140716,-1,1],351791]
[[-1099,11260,-2345,-485,0,1],352300]
[[711,-542,-567,-117,-1,1],352357]
[[832,358,-265,-87,0,1],352489]
[[-67246986929,482540369,14906279,-141024,-1,1],352561]
[[77786751877,-2710398045,32396061,-141036,-1,1],352591]
[[-865972,156392,1268,-969,-1,1],352652]
[[1075072,268672,-54624,-3369,-1,1],352796]
[[-23949226379,3645983943,5464765,-141208,-1,1],353021]
[[-636049215,54494371,-102384,-17652,-1,1],353048]
[[5,64,189,-98,-2,1],353105]
[[15803361,-1738980,-223299,-5885,-2,1],353196]
[[20122164,1867156,-20488,-3532,-1,1],353240]
[[-27147,6824,585,-181,-2,1],353276]
[[5379,2585,-55,-110,0,1],353375]
[[1162078,-473889,57310,-2199,-1,1],353475]
[[-61824843,3158564,49085,-3696,-2,1],353583]
[[-16195311,4215549,-46507,-20220,-1,1],353857]
[[6694,4729,348,-170,-2,1],353911]
[[-473,2020,-19,-135,0,1],354124]
[[-17722424,703932,111987,-5391,-1,1],354292]
[[-573052880,30553156,544894,-23621,-2,1],354339]
[[5229,2724,-106,-149,0,1],354367]
[[-126074,6814,5044,-515,-2,1],354404]
[[1159,583,-85,-64,-2,1],354451]
[[-1021795,-355020,-41415,-1744,-2,1],354575]
[[3607,1353,-194,-94,-1,1],354584]
[[-3388,352,595,-124,-2,1],355019]
[[-13,36,57,-45,-2,1],355100]
[[119151,42210,-437,-411,-1,1],355223]
[[262007,64560,-1910,-565,0,1],355325]
[[8091,5250,-32,-155,0,1],355339]
[[425,597,-161,-127,0,1],355599]
[[25,250,-75,-50,0,1],355625]
[[656,4260,-131,-164,0,1],355753]
[[1517966,1956463,-41962,-4899,-1,1],355927]
[[-3216,944,499,-123,-1,1],355932]
[[7,1292,183,-88,-2,1],355981]
[[-5,34,44,-59,-2,1],356023]
[[-927822784,73040058,-189203,-20344,-1,1],356027]
[[-61005646888,-2366535690,-30820241,-142488,-1,1],356221]
[[10700333550,220968315,-863112,-30533,-2,1],356237]
[[1385,-1475,-1145,-185,0,1],356375]
[[308772261213,2130090623,-17440029,-142600,-1,1],356501]
[[-3255,1213,176,-78,-1,1],356652]
[[-54593,-39765,-9185,-715,0,1],356675]
[[270222,49213,-1134,-451,-2,1],356903]
[[-2152687,414615,6520,-1552,-1,1],357052]
[[3344,2184,-196,-121,-1,1],357124]
[[-51226668,5437897,-30297,-5716,-1,1],357275]
[[285132,45685,-1435,-415,0,1],357325]
[[732362905,58034419,110784,-17868,-1,1],357368]
[[-94128478,-21621827,2290023,-30641,-2,1],357497]
[[-52731680732,-2253026716,-30800043,-143056,-1,1],357641]
[[-24923908801,-1653492940,-27978005,-143110,0,1],357775]
[[573,1226,-104,-123,-2,1],357877]
[[729,-135,-445,-108,-1,1],357967]
[[16409,7869,-4087,-671,0,1],358009]
[[463,639,-41,-60,-1,1],358029]
[[16660449,2174730,-38812,-6929,-2,1],358081]
[[7849286888,-490058198,-18376717,-143232,-1,1],358081]
[[191038092,10692116,-59977,-6484,0,1],358241]
[[5497,2794,-321,-150,-2,1],358297]
[[1841059,302126,-11935,-2387,0,1],358391]
[[-90282348,-16799256,-925619,-16547,-2,1],358553]
[[-592,3840,9,-147,-2,1],358579]
[[-180224,-161040,-43120,-3410,0,1],358600]
[[1144,1405,-4,-79,0,1],358693]
[[-5000,2050,268,-109,-2,1],358856]
[[-14897781736,-645730930,24371703,-143616,-1,1],359041]
[[-12120484,3943325,10772,-4487,-2,1],359088]
[[-110038743,6429969,171621,-7560,-1,1],359119]
[[-199,226,15,-38,-2,1],359173]
[[9111,4207,-12,-135,-1,1],359393]
[[8885,4582,87,-146,-2,1],359407]
[[3753780141,108335649,-557577,-23963,-2,1],359469]
[[10451896,859328,-15588,-2005,-1,1],359617]
[[-999922868,32461213,197639,-11357,-2,1],359689]
[[-145993,29846,1862,-411,-1,1],359777]
[[-5119600,596056,6662,-1604,-1,1],359844]
[[5468761438,238975601,-316754,-30851,-2,1],359947]
[[-4016032,479037,9300,-1611,-1,1],360263]
[[186410048,8566936,-68020,-5764,-1,1],360275]
[[-71639,49132,-71,-568,0,1],360467]
[[-168370150,11246475,55193,-7457,-2,1],360499]
[[-197056512,19147968,-108784,-11100,-1,1],360763]
[[-1929598,-2110064,-235994,-6941,0,1],360932]
[[462138130553,4754019281,-8996145,-144400,-1,1],361001]
[[-581252,154160,3156,-831,-2,1],361276]
[[-14468,1022,1417,-218,-2,1],361303]
[[12656424,2588432,-46222,-4202,0,1],361372]
[[-832,104,260,-72,-1,1],361387]
[[2752,-4102,1521,-177,-2,1],361423]
[[63368920,6191681,30102,-6931,-1,1],361423]
[[-8876665,1679408,37023,-4213,-2,1],361483]
[[-12280503449,312028651,766346,-36148,-1,1],361484]
[[-4017,1561,138,-82,-1,1],361568]
[[84006,7835,-3638,-477,-1,1],361647]
[[-1181832192,-476611648,-19646512,-144672,-1,1],361681]
[[82161044000,5168505400,-839100,-144672,-1,1],361681]
[[148,307,85,-57,-2,1],361843]
[[-3100712341,-7216261,3012206,-36204,-1,1],362044]
[[-62912412992,-388519031,23276495,-144844,-1,1],362111]
[[-2417,2100,-133,-118,0,1],362143]
[[-218784013056,1720749696,16836032,-144888,-1,1],362221]
[[6107,2569,-232,-125,-1,1],362331]
[[257633622,11876625,-101511,-7632,-1,1],362539]
[[3467207,767310,-17196,-3069,-2,1],362567]
[[7834351,285510,-50995,-2635,0,1],362700]
[[-448420,79578,3865,-911,-1,1],362731]
[[271255526,11395060,-89770,-6685,0,1],362900]
[[-92947327661,499302289,21007025,-145176,-1,1],362941]
[[-15506353,3342333,2747,-3924,-1,1],363007]
[[-104429933917,2726311349,-7884599,-145204,-1,1],363011]
[[-65601400192,-2508144472,-32210772,-145224,-1,1],363061]
[[-363852,95140,1664,-756,-1,1],363072]
[[-5188,1858,231,-102,-2,1],363383]
[[-11835,3495,401,-132,-2,1],363395]
[[-156160155279,327182611,23219805,-145396,-1,1],363491]
[[1323,903,-10,-64,-1,1],363628]
[[224865828,8909091,-1065588,-24249,-1,1],363741]
[[364735,116681,202,-1010,-1,1],363744]
[[58693712,10290456,-17324,-8662,0,1],363804]
[[-1297,1214,475,-291,-2,1],363836]
[[111522291,6263756,-198405,-11489,-2,1],363869]
[[199515,274204,26625,-3216,-2,1],363991]
[[9044739176,280575460,-254870,-36410,0,1],364100]
[[9312989007,153026335,-1529535,-31215,0,1],364175]
[[2020554,298254,-6330,-1419,-1,1],364212]
[[4127848,656289,-586,-2563,-1,1],364369]
[[-411831452,58416604,-644713,-28031,0,1],364403]
[[2267,2501,365,-137,-2,1],364419]
[[-1982916,1822221,-361269,-16200,-1,1],364509]
[[152197,49141,871,-544,-2,1],364529]
[[26449078368,542085850,-6898251,-145840,-1,1],364601]
[[-11,47,7,-17,-1,1],364608]
[[16241,8518,83,-199,-1,1],364853]
[[-5844325125,-667892651,-18293349,-145996,-1,1],364991]
[[341,355,-41,-43,0,1],365047]
[[-15159834,1408866,43115,-4915,-1,1],365144]
[[-80058102063,577616003,15879809,-146088,-1,1],365221]
[[227182,60760,-660,-515,0,1],365300]
[[4715,2577,-181,-159,-1,1],365407]
[[838996,267445,-2404,-1202,0,1],365408]
[[-1092651,-903998,-107435,-3591,-2,1],365508]
[[-525,1048,-248,-123,-2,1],365621]
[[-165716,30660,1158,-345,-1,1],365948]
[[1294012,-13130,-33835,-2020,0,1],366125]
[[-1120522,301111,-426,-1207,0,1],366289]
[[5225,2750,-825,-275,0,1],366300]
[[63632140,3012983,-113587,-5855,0,1],366523]
[[216444294289,5142671443,-1950477,-146652,-1,1],366631]
[[2059,-4073,2185,-261,-2,1],366731]
[[13942238,2508193,18180,-4338,-2,1],367153]
[[383,632,171,-82,-2,1],367177]
[[36,376,-3,-49,-1,1],367249]
[[919208,28468,-22082,-1518,-2,1],367324]
[[-1638,4305,211,-137,-2,1],367367]
[[-296,15459,1938,-412,-2,1],367499]
[[6444817,306131,-37688,-2273,-1,1],367533]
[[3903,-3706,1219,-142,-2,1],367619]
[[-45011,-28200,-6092,-489,-2,1],367631]
[[1864,1992,274,-129,-2,1],368029]
[[23548,7830,-117,-184,-2,1],368131]
[[-133803,80067,-7761,-1104,-1,1],368217]
[[-97137,75300,-251,-753,0,1],368217]
[[232179,43046,-1569,-451,-1,1],368257]
[[-25,0,59,-30,-2,1],368343]
[[261,608,187,-81,-1,1],368343]
[[36564,-43924,-15018,-1093,-1,1],368348]
[[226919,911465,-6315,-2105,0,1],368375]
[[-23307307824,-956957888,26260336,-147364,-1,1],368411]
[[-158720,31570,9156,-995,-2,1],368440]
[[2123,-5170,-2365,-275,0,1],368500]
[[15837155501,-1047200640,-25723045,-147410,0,1],368525]
[[2517717520,181393336,-347916,-29484,-1,1],368555]
[[-619,562,111,-59,-2,1],368812]
[[6292,3464,81,-133,-1,1],368812]
[[-294944,65002,729,-587,-1,1],368819]
[[76613716479,880190101,-18928407,-147532,-1,1],368831]
[[-5743,1708,484,-137,-1,1],368963]
[[-281,187,57,-30,-2,1],369199]
[[-13238,-4499,3893,-467,-2,1],369413]
[[1984,760,-384,-122,-1,1],369643]
[[-43964909,1508411,128351,-5196,-1,1],369653]
[[290031,72184,-793,-544,-2,1],370233]
[[-5122,2221,229,-117,-2,1],370295]
[[151546248,28676151,1038975,-31739,-2,1],370307]
[[-1825484198,41408305,645262,-17099,-2,1],370513]
[[11598934277,233145811,-929469,-31757,-2,1],370517]
[[-13,92,-15,-37,-1,1],370525]
[[-701061,-1320085,143633,-4185,-1,1],370531]
[[50587,49585,75,-513,-2,1],370543]
[[38611580836,-2015034657,30194125,-148228,-1,1],370571]
[[-8360750,-5881,80879,-3348,-1,1],370607]
[[39168,19232,213,-304,-1,1],370607]
[[-1894742390,4694015,2067051,-29656,-1,1],370705]
[[50723607,-4209590,-554510,-11715,0,1],370975]
[[-243398115,66923397,2775611,-148428,-1,1],371071]
[[151993161,5845646,-160015,-6891,-2,1],371140]
[[-276700056,35232888,89110,-12376,-1,1],371292]
[[-33,-428,418,-81,-2,1],371421]
[[597,698,97,-69,-1,1],371457]
[[-3483056,419743,23633,-2436,-1,1],371551]
[[81,288,-105,-70,-2,1],371675]
[[723217065,31143005,-782383,-29748,-1,1],371855]
[[68014,19995,-310,-310,0,1],372000]
[[-15,-260,-233,-58,0,1],372035]
[[212195,-46338,-19093,-1259,-2,1],372068]
[[-6575305,857702,9344,-3089,-1,1],372083]
[[1111,-662,-775,-151,0,1],372148]
[[2319207,256545,-5310,-1034,-1,1],372384]
[[3472,4524,-88,-151,-1,1],372491]
[[-91841629,-15247815,-819775,-14905,0,1],372625]
[[3037,2314,-955,-236,-2,1],372713]
[[5432381,643229,-5543,-1928,0,1],372827]
[[37136,9020,-2024,-352,0,1],372856]
[[-1780,639,123,-51,-2,1],372973]
[[-4632,11784,-63,-257,-1,1],373032]
[[2168,1475,-6,-91,-1,1],373067]
[[-22480,5364,1230,-291,-1,1],373147]
[[2071,826,-259,-96,0,1],373147]
[[7736553,3320568,-8235,-3849,-2,1],373212]
[[-1895,1681,263,-129,-1,1],373213]
[[-118,-130,266,-80,-1,1],373216]
[[321399245,13067616,-153685,-8782,0,1],373235]
[[7132006793,-865877317,26082081,-149296,-1,1],373241]
[[-67,47,31,-22,-1,1],373329]
[[-10879,2671,535,-139,-2,1],373363]
[[-175669,72384,1157,-544,-2,1],373373]
[[5936,3845,-165,-135,0,1],373375]
[[2156,1957,-113,-112,-1,1],373783]
[[-88,245,-66,-82,-2,1],373996]
[[-12658358976,236849288,903596,-29920,-1,1],374005]
[[-23181076,1033366,60857,-3193,-1,1],374084]
[[-118859,65395,-3075,-1025,0,1],374125]
[[13,70,-191,-91,-2,1],374156]
[[-2101,2091,-18,-108,-1,1],374236]
[[-1931,1485,148,-94,-1,1],374708]
[[-657,437,57,-55,-2,1],374887]
[[13728,3564,-1221,-319,0,1],374913]
[[478,-1401,837,-127,-2,1],374947]
[[724767,148273,-3090,-1093,-1,1],374951]
[[-10308,32849,542,-411,-1,1],375089]
[[-12285,4488,260,-141,-2,1],375149]
[[224399211192,1060971129,-22273533,-150192,-1,1],375481]
[[283090061,14799736,-37015,-8045,-2,1],375508]
[[-105952,71104,-836,-682,0,1],375716]
[[-529,-1163,938,-158,-1,1],375804]
[[26663,36061,311,-400,-1,1],375881]
[[-545351661849,5349961277,7774253,-150372,-1,1],375931]
[[-81808,29164,498,-389,-1,1],375991]
[[-31394699696,-1765703704,-28545996,-150400,-1,1],376001]
[[-140,-702,-695,-199,-1,1],376019]
[[-44156,7388,2379,-433,-2,1],376175]
[[-1658965564,95342553,-6449,-21496,-1,1],376187]
[[44800,-13820,-7989,-738,-1,1],376229]
[[-1432,1443,-14,-91,-1,1],376291]
[[20274,92203,556,-609,-2,1],376371]
[[112090497,-843080,-572090,-15055,0,1],376375]
[[-18919551169,344930123,1174630,-37648,-1,1],376484]
[[-14468729,-6534961,-759529,-21516,-1,1],376537]
[[-11717405,-3423656,344883,-8069,-2,1],376628]
[[16629108979,-1260506583,27978379,-150664,-1,1],376661]
[[-64,73,82,-54,-2,1],376816]
[[48387787575,-2152172113,30855741,-150736,-1,1],376841]
[[10877147,687445,-28015,-2155,0,1],377125]
[[-91416993,7565510,-6685,-7640,0,1],377225]
[[-5350800,365060,27685,-2031,-1,1],377260]
[[16587259072,-1095082600,22969476,-150916,-1,1],377291]
[[10474228,875056,-31252,-3005,0,1],377428]
[[-28134752,4034476,17038,-4909,-2,1],377431]
[[-168988168,14516128,13362,-8714,-1,1],377624]
[[-1330,433,244,-82,-2,1],377784]
[[45472,-23993,-9930,-849,-1,1],377797]
[[837,5724,-405,-269,-2,1],377916]
[[2752857168,155159216,323615,-30244,-1,1],378055]
[[-945,5262,145,-148,-2,1],378059]
[[2143614,114050,-49393,-2647,-1,1],378200]
[[10151478225,256080573,-516537,-32417,-2,1],378217]
[[656,616,12,-56,-1,1],378313]
[[-3046,1893,416,-190,-2,1],378341]
[[80640,13764,-2703,-477,-1,1],378477]
[[-1524422853,50031043,1559354,-37848,-1,1],378484]
[[-229870,39495,2966,-601,-1,1],378665]
[[-2623,1198,127,-78,-2,1],378823]
[[-119747,93190,1276,-665,-2,1],379053]
[[59525,41500,-1050,-625,0,1],379175]
[[-26,50,22,-20,-1,1],379296]
[[-52901,18660,-55,-335,0,1],379300]
[[739819,262086,-37,-1093,-1,1],379495]
[[-535,504,98,-71,-2,1],379579]
[[1503,1010,-95,-80,0,1],379625]
[[1952,980,-80,-65,0,1],379625]
[[6722,-20049,8120,-709,-2,1],379643]
[[1264,1484,248,-123,-1,1],379717]
[[262000,47422,-3013,-655,0,1],379769]
[[6733474,638935,-13530,-1760,0,1],379775]
[[-429,574,-79,-72,0,1],379825]
[[-9,-172,335,-81,-2,1],379908]
[[96054392,9531488,-102710,-10271,0,1],380027]
[[268304465,25339495,231122,-15205,-1,1],380135]
[[10661241843,214187163,-1703314,-38020,-1,1],380204]
[[-9919616,327220,244934,-12005,-2,1],380209]
[[-3092624,463741,7054,-1405,-2,1],380323]
[[5951,1623,-613,-178,0,1],380323]
[[-648618,62481,6740,-730,-2,1],380463]
[[7296179231,238857959,-791490,-38052,-1,1],380524]
[[5838952,1018175,6034,-2312,-2,1],380539]
[[-6609,3228,121,-121,-1,1],380541]
[[8174071,-4640076,-380005,-8153,-2,1],380548]
[[2188,1446,-163,-108,-2,1],380921]
[[-699952737232,5886571562,10620635,-152376,-1,1],380941]
[[7211,2608,-141,-110,-2,1],381037]
[[-1199,1720,-207,-158,0,1],381061]
[[23360252750,-1956319505,31361927,-152464,-1,1],381161]
[[271757,-122897,18281,-959,-1,1],381177]
[[-5035487744,112781760,614320,-21784,-1,1],381227]
[[-11569416,30545650,-420439,-21784,-1,1],381227]
[[-1350,2325,105,-120,-1,1],381285]
[[-1684,2121,-405,-180,-1,1],381307]
[[-4495,1606,291,-96,-2,1],381343]
[[20641903,1263328,-49153,-3365,-2,1],381548]
[[7904700468,186922479,-1197721,-32723,-2,1],381787]
[[12061,4956,0,-141,-2,1],381815]
[[2197,1453,-119,-107,-2,1],382029]
[[-524506097848,4108470226,15086137,-152848,-1,1],382121]
[[5761,6914,-8,-179,-2,1],382357]
[[12,28,-6,-33,-1,1],382396]
[[1778033887,45073225,-443845,-15305,0,1],382625]
[[307916,-177984,26243,-1245,-2,1],382923]
[[-2900929810,225553755,143991,-30636,-1,1],382955]
[[1323,1434,-33,-93,-2,1],383004]
[[25439780389,-1440316201,25859753,-153288,-1,1],383221]
[[10267,3637,-238,-135,-1,1],383431]
[[675,500,-25,-50,0,1],383525]
[[-597619799616,5195706730,11766731,-153412,-1,1],383531]
[[8367117,753610,-10230,-1705,0,1],383625]
[[-2992,-9944,-3476,-352,0,1],383636]
[[-631864,98692,2842,-649,-1,1],383719]
[[3334141,301429,-18093,-1653,-1,1],383825]
[[-525976,504460,-8030,-1760,0,1],383900]
[[275968,-341440,-57640,-2365,0,1],383900]
[[-2373,6593,-236,-213,-1,1],384053]
[[1968,1665,-37,-91,-2,1],384177]
[[-66501,10782,1539,-279,-2,1],384300]
[[249266304,12086100,-72532,-6891,-2,1],384395]
[[11784807,3564378,-38025,-6407,-2,1],384516]
[[247,30581,-531,-408,-1,1],384917]
[[-621746282536,6112782042,8269177,-153988,-1,1],384971]
[[-879446755,36421261,961767,-22008,-1,1],385147]
[[3993,1711,-245,-118,-1,1],385147]
[[-18917784921,-2079086959,-32711269,-154080,-1,1],385201]
[[-207432,156886,-9161,-2023,-2,1],385247]
[[468179,101680,-2296,-697,0,1],385277]
[[-160,-92,2191,-322,-1,1],385299]
[[51239352240,-2205853512,31473836,-154132,-1,1],385331]
[[-59,-188,-187,-62,-2,1],385357]
[[22444,19220,-2790,-527,0,1],385516]
[[-3271174370,-465634047,-17936763,-154228,-1,1],385571]
[[12918843,7469743,-4410,-5512,-1,1],385868]
[[45844263,4417440,10198,-4957,-1,1],385969]
[[1129315864,60357368,-297828,-17431,-1,1],385981]
[[2592,1434,-39,-75,-1,1],386109]
[[157390836,5824258,-300127,-11223,-1,1],386217]
[[294,-730,546,-109,-1,1],386396]
[[9908692,1626181,18078,-3245,-1,1],386443]
[[-229,229,59,-40,-1,1],387239]
[[-9558,2457,684,-159,-2,1],387376]
[[1462265,162394,-5567,-916,-2,1],387407]
[[110742179,6485845,-32548,-5243,-1,1],387429]
[[-2202014552,52280790,563107,-17220,-1,1],387459]
[[2842414,453961,-1348,-1442,-2,1],387767]
[[19158,11811,-1798,-372,0,1],387903]
[[-3375,795,541,-132,-1,1],388063]
[[1712,1853,-164,-107,0,1],388123]
[[1576,32,-1188,-229,-1,1],388213]
[[-1716,2365,-44,-154,0,1],388256]
[[22382,17385,-185,-265,0,1],388275]
[[-72029276,18846760,-80792,-11651,-2,1],388420]
[[1108632,185254,-7377,-1368,-1,1],388439]
[[-469570146624,3237148800,18686340,-155460,-1,1],388651]
[[-15,286,169,-67,-1,1],388813]
[[6449,2485,-755,-260,0,1],388825]
[[75250944,10574336,50768,-8188,-1,1],388949]
[[-8002386,265016,48995,-2489,-1,1],389084]
[[50171,4785,-2695,-385,0,1],389125]
[[306461,55615,-3978,-663,-1,1],389143]
[[375145,84825,-669,-577,-2,1],389455]
[[-1195999,1060883,6096,-2244,-1,1],389512]
[[-1101167776,18194304,977916,-19480,-1,1],389608]
[[397979552,10100913,-763669,-22264,-1,1],389627]
[[7776,-10440,-5770,-660,0,1],389700]
[[2414,2557,53,-101,-2,1],389761]
[[-1603573,144042,10491,-1071,-2,1],389887]
[[-308408760875,3107163025,12429725,-155956,-1,1],389891]
[[138050084,-15147131,-1097141,-17332,-1,1],389979]
[[1121,1030,-30,-65,0,1],390025]
[[3898650,1971165,25011,-3713,-2,1],390033]
[[-10935,10827,-272,-257,-1,1],390071]
[[-14163,5986,545,-178,-2,1],390169]
[[-315,-1782,-1599,-327,-2,1],390321]
[[86920,23452,-246,-328,0,1],390484]
[[-3499661,-1296460,-128865,-3905,0,1],390500]
[[1103930,98129,-9743,-1000,-1,1],390583]
[[-1414112,4908115,-42631,-5425,-2,1],390589]
[[2950642171,66369263,-832551,-22320,-1,1],390607]
[[-26754,4865,1252,-226,-2,1],390652]
[[-568,2602,-27,-113,0,1],390689]
[[-13465,5828,345,-166,-2,1],390817]
[[625697261701,6115787410,-7742295,-156410,0,1],391025]
[[-8139,3062,409,-181,-2,1],391028]
[[-49161412,5637378,-10862,-5431,0,1],391032]
[[7238733,638206,-10860,-1629,0,1],391141]
[[-61564477,3664100,37646,-3965,-2,1],391251]
[[-40766645197,-1928081707,-29785071,-156516,-1,1],391291]
[[47625948,1757713,-167697,-6211,0,1],391293]
[[-31270,-35460,16206,-1611,-1,1],391340]
[[1218278362,23310295,-673165,-15655,0,1],391375]
[[103124,92722,-415,-631,-1,1],391468]
[[896,1256,155,-119,-2,1],391509]
[[-2534,-715,1179,-183,-2,1],391531]
[[-13609,575472,32561,-2656,-2,1],391543]
[[7076,1902,-791,-187,-1,1],391639]
[[409558566,19886813,-99654,-8989,-1,1],391681]
[[119531,28583,-754,-353,-1,1],391685]
[[-16400,10300,46,-269,-2,1],391743]
[[-770,-116,580,-113,-2,1],391932]
[[-39728,15711,1190,-310,-2,1],392288]
[[642277553345,6161492923,-7580801,-156952,-1,1],392381]
[[-559,243,108,-48,-1,1],392384]
[[611,-2990,-1578,-225,-2,1],392431]
[[24937130,-536583,-522675,-22432,-1,1],392567]
[[73799,12936,-2090,-385,0,1],392733]
[[179101,60041,-811,-510,-1,1],393107]
[[98,4326,300,-169,-1,1],393580]
[[-2144,6835,-3166,-500,-2,1],393701]
[[-1183,281,653,-138,-1,1],393847]
[[1869759792,133221192,447476,-31512,-1,1],393905]
[[339,1345,-117,-115,-2,1],393959]
[[375860699676,6230480910,-4649495,-157610,0,1],394025]
[[403759245776,3555445185,-14500120,-157610,0,1],394025]
[[228125,80286,-3238,-761,-2,1],394133]
[[-1709,712,163,-65,-2,1],394188]
[[604223853191,5207476851,-12504373,-157684,-1,1],394211]
[[-14079,9006,354,-203,-2,1],394227]
[[889,-255,-709,-160,-2,1],394309]
[[-7632,10808,-3036,-496,-2,1],394348]
[[-71584,32272,2842,-539,-1,1],394351]
[[802340,6252,-40117,-2605,0,1],394397]
[[-5660974231,140395879,7528987,-157840,-1,1],394601]
[[9199,2980,-205,-112,0,1],394637]
[[-793,-120,351,-79,-1,1],394685]
[[-725662437552,5967957584,11956391,-157944,-1,1],394861]
[[16524,-32751,11727,-843,-2,1],394871]
[[710121921008,6488997496,-9210957,-157992,-1,1],394981]
[[-11168734,1002953,23048,-2354,-2,1],395016]
[[672485922229,5821989033,-10952477,-158044,-1,1],395111]
[[330,-25,-290,-80,0,1],395125]
[[9437,-921,-1823,-268,-1,1],395153]
[[-21168293641,329342463,1786322,-39520,-1,1],395204]
[[-1841957,194853,5202,-877,-1,1],395363]
[[1168,388,-179,-71,-1,1],395452]
[[2597,-6332,2433,-269,-2,1],395516]
[[114724,20685,-1180,-310,0,1],395775]
[[-37932,42610,-590,-465,0,1],395800]
[[1447,49,-487,-118,-1,1],395813]
[[4367068,534985,-43665,-4615,0,1],395825]
[[-539160000,149195374,-737967,-31672,-1,1],395905]
[[-650,342,64,-39,-2,1],396028]
[[-6647417437,165177279,2106954,-39604,-1,1],396044]
[[57052,-39999,8650,-609,-2,1],396251]
[[-374592,67952,2836,-747,-1,1],396324]
[[-3303,3195,207,-134,-2,1],396369]
[[111,-24,-170,-61,-1,1],396381]
[[-13367391,26957459,-64641,-12196,-1,1],396383]
[[2480,101804,-1023,-744,0,1],396397]
[[325130,-15250,-12810,-915,0,1],396500]
[[3706236,205902,-68634,-3813,0,1],396552]
[[-46000,-78035,-18021,-1125,-2,1],396799]
[[-8832,59310,-1865,-915,0,1],396975]
[[-776733491,-19225691,1907359,-26465,-2,1],396999]
[[3008,2424,-44,-115,-2,1],397124]
[[-67600,-102440,-23468,-1456,-2,1],397196]
[[-7290,3233,388,-142,-2,1],397196]
[[104960,22524,-691,-300,-1,1],397279]
[[24577,769811,23217,-2563,-1,1],397327]
[[-22,-141,237,-78,-1,1],397363]
[[-258378530659,1123548343,24590555,-158956,-1,1],397391]
[[107846576697,-3463740361,38745473,-158988,-1,1],397471]
[[24981881741,419211755,-10383771,-159016,-1,1],397541]
[[-64019517,36749463,372562,-26503,-1,1],397551]
[[-5889775,2280567,114744,-5680,-1,1],397628]
[[237677,-8897,-31775,-2542,0,1],397823]
[[415705,68526,-5009,-792,-2,1],397823]
[[2425879750,135927925,-405065,-26531,-2,1],397989]
[[-5425723,772034,13510,-3069,-2,1],397997]
[[-489,-610,487,-84,-2,1],398143]
[[-41702400,17376000,-36200,-9050,0,1],398200]
[[38123095,-7029085,407982,-7968,-1,1],398420]
[[-103375961943,-3387182015,-38460421,-159388,-1,1],398471]
[[5129318431,107438187,-2504238,-39876,-1,1],398764]
[[39080048,-10816799,-797552,-14242,0,1],398776]
[[-110523277,8778022,0,-6541,0,1],399001]
[[1051,125,-465,-120,0,1],399125]
[[-131173,137662,-16086,-1799,-2,1],399133]
[[-16032573,5386915,-54294,-7984,-1,1],399220]
[[-46458589,-25287567,-3881303,-159724,-1,1],399311]
[[-714568375008,6101424552,11220796,-159840,-1,1],399601]
[[50456,2533,-4309,-532,-1,1],399619]
[[-1559363,457570,-10571,-3046,-2,1],399797]
[[3027873,-1060870,101221,-3155,-2,1],399836]
[[723613,-36397,-22319,-1355,-1,1],399843]
