[[-13594,23304,-7768,-971,0,1],400052]
[[-610830640432,6158681984,6756912,-160116,-1,1],400291]
[[-160,-588,-599,-136,-1,1],400303]
[[90016983,9766446,74631,-7959,-1,1],400311]
[[-27,-141,-233,-121,0,1],400561]
[[-1169820255,23362456,660541,-15549,-2,1],400727]
[[-9704,5380,186,-149,-1,1],400772]
[[-636269259099,4775394187,16150709,-160384,-1,1],400961]
[[-288848420,14688076,112276,-8591,-2,1],400988]
[[-41,232,17,-31,-1,1],401031]
[[184,-1230,771,-126,-1,1],401053]
[[225,525,43,-57,-2,1],401053]
[[16,408,-16,-58,-1,1],401093]
[[540468,-195456,24753,-1151,-1,1],401172]
[[-24673,-10270,5571,-549,-1,1],401185]
[[188,261,-20,-38,0,1],401248]
[[-263158,82476,1976,-609,-2,1],401292]
[[-9746,-8800,-2640,-275,0,1],401500]
[[-4996,7100,-568,-353,-1,1],401636]
[[284967,51044,-966,-445,-2,1],401753]
[[7416,1910,-845,-185,0,1],401875]
[[14472,-13655,3950,-358,-2,1],401884]
[[-437709976,63370960,-1729030,-40210,0,1],402100]
[[171468,44460,-1990,-515,0,1],402100]
[[558,361,-84,-66,-2,1],402163]
[[-13496,3732,398,-133,-2,1],402260]
[[-51284383140,-2534511493,-35131543,-160932,-1,1],402331]
[[5238,2397,-197,-117,0,1],402345]
[[39423021709,2002445035,16053335,-161016,-1,1],402541]
[[-585005752,32719156,149774,-12077,-2,1],402620]
[[312052129,14107103,-680655,-29667,-1,1],402629]
[[105474,21285,-755,-285,0,1],402675]
[[22528,2464,-1540,-253,0,1],402677]
[[-304,-896,684,-120,-2,1],402724]
[[-3936,7872,-410,-246,0,1],402948]
[[6195,2257,-166,-105,-1,1],403011]
[[-108,208,38,-111,-1,1],403092]
[[108,556,357,-117,-1,1],403099]
[[794,6631,-11,-163,0,1],403207]
[[888,256,-280,-93,0,1],403241]
[[-24432,-20315,-4965,-415,0,1],403325]
[[-2813,5179,263,-162,-1,1],403421]
[[818059034,83007769,-73281,-18629,-2,1],403663]
[[-2509733,240228,7875,-1041,-2,1],403807]
[[-1796,806,89,-57,-1,1],403828]
[[95817140967,3082218235,11260481,-161556,-1,1],403891]
[[6768884,-804055,-258679,-7634,-1,1],403987]
[[159625597,12069335,-197964,-20200,-1,1],404008]
[[5610126,680284,-22789,-2325,-1,1],404076]
[[-1215081,296190,3423,-1226,-2,1],404085]
[[772344,280710,-300,-1121,-2,1],404136]
[[-116,-1526,-913,-148,0,1],404177]
[[53678600,-466500,-295450,-7775,0,1],404300]
[[-580178631616,6138251496,5855292,-161748,-1,1],404371]
[[16488351,697708,-67771,-3333,0,1],404404]
[[105394688,12638980,-69822,-7905,-2,1],404453]
[[-16547488,7091032,-37540,-6472,-1,1],404525]
[[-1728,1600,60,-100,-2,1],404548]
[[88036,109048,-20113,-1671,-1,1],404552]
[[981165492,12571733,-922805,-17988,-1,1],404739]
[[-7400,6846,339,-184,-1,1],404795]
[[25244,12510,25,-235,-1,1],404833]
[[21650524125,-956766775,-26935345,-161968,-1,1],404921]
[[-1780,3179,414,-148,-2,1],404953]
[[-361,589,306,-125,-1,1],404971]
[[3591,1152,-233,-90,0,1],405003]
[[-571,958,195,-99,-2,1],405124]
[[3641,508,-595,-133,0,1],405124]
[[-1424,808,172,-84,-2,1],405172]
[[34469843,3254458,-27953,-6075,-2,1],405547]
[[-2673107748,45680679,1542888,-27035,-2,1],405549]
[[4366,1458,-258,-105,-1,1],405604]
[[5237,5086,57,-236,-2,1],405647]
[[-18679518,3883110,-117260,-6765,0,1],405900]
[[135,131,-28,-31,-1,1],405901]
[[-5375,1817,173,-84,-1,1],405997]
[[620,694,1,-131,-1,1],406084]
[[658078448,76920787,1650401,-34817,-2,1],406217]
[[-22084856989,414494363,1186466,-40632,-1,1],406324]
[[-63340,49301,-904,-563,-2,1],406512]
[[1507,1849,-1,-88,-1,1],406543]
[[3404216619,660202747,22073559,-162664,-1,1],406661]
[[131184,98088,13985,-1561,-1,1],406808]
[[-308728812037,2079416777,20945719,-162748,-1,1],406871]
[[-1195936,352936,-4496,-1686,0,1],406888]
[[31140031,3773817,23180,-5779,-1,1],406901]
[[13383,5790,-472,-293,-2,1],407039]
[[14205434,6797308,-125296,-7831,0,1],407212]
[[690178576076,5746405885,-13358620,-162910,0,1],407275]
[[1660683215,-1690913,-2605525,-34925,-2,1],407477]
[[5164,183322,-5164,-3873,0,1],407956]
[[2052,1051,-221,-93,0,1],408025]
[[395696,66170,-2426,-645,-2,1],408212]
[[-74269117,3091466,159227,-6803,-2,1],408276]
[[505658085,20205373,-125213,-9073,-1,1],408303]
[[-38686144,-6395741,-359488,-7239,-1,1],408509]
[[-4896,2016,168,-92,-1,1],408672]
[[11159,3489,-383,-143,0,1],408823]
[[-1224,-1697,-792,-135,-2,1],408841]
[[-162146741,-26511455,-1161205,-16355,0,1],408875]
[[22967,7901,-261,-213,-1,1],409024]
[[119593,67922,-165,-601,-1,1],409231]
[[18596129067,-1008463389,-28043249,-163708,-1,1],409271]
[[-836219143411,6846829405,11411033,-163716,-1,1],409291]
[[-48412,44752,-907,-549,-1,1],409508]
[[1394971,164568,-4307,-864,-2,1],409537]
[[-361866,-184447,-29484,-1555,-1,1],409555]
[[502559918,25378629,-149680,-15499,-1,1],409627]
[[-49931413,-9822861,-621397,-12604,-1,1],409643]
[[68292,-34146,-11382,-813,0,1],409752]
[[22679766307,-1348822797,-31197097,-163936,-1,1],409841]
[[-171534,-118573,28572,-1517,-1,1],409979]
[[94784,-278428,-111075,-4443,0,1],410237]
[[1236743,199095,-12055,-1452,-1,1],410303]
[[-44032,31904,2224,-687,-2,1],410344]
[[163,-70,-165,-50,0,1],410375]
[[249983,52661,-787,-458,-1,1],410459]
[[-3184,840,356,-99,-1,1],410468]
[[3475968,756220,-226686,-18537,-1,1],410471]
[[95124657563,-3445877939,40032209,-164268,-1,1],410671]
[[7846609,2269942,-812,-3041,-2,1],410751]
[[91869066,2904300,-244188,-9205,-2,1],410756]
[[-54044049049,2235524283,-15497677,-164344,-1,1],410861]
[[415460352,-61945408,2767856,-32872,-1,1],410905]
[[-108114201,11454963,42746,-8220,-1,1],411020]
[[-488,-1695,-999,-174,-1,1],411035]
[[111,-1041,1377,-203,-2,1],411147]
[[10535,4976,-18,-141,-2,1],411215]
[[1467,2934,33,-126,-2,1],411249]
[[13676,12060,-1045,-310,0,1],411325]
[[-1308,5975,185,-184,-1,1],411613]
[[1412691,87791,-14775,-1192,-1,1],411649]
[[-15729,11389,409,-225,-2,1],411653]
[[144983,102105,-441,-664,-1,1],412079]
[[1280983818,78820160,127865,-20623,-1,1],412468]
[[135,-131,-217,-66,-1,1],412569]
[[-122152,30504,7514,-822,-2,1],412652]
[[1760,580,-222,-89,-2,1],412655]
[[-1482957,-1002196,-158578,-5085,-1,1],412783]
[[2023372,222874,-7713,-1170,-2,1],412787]
[[-3155,214,937,-168,-2,1],412891]
[[14581668,2358974,-121811,-5942,0,1],412969]
[[-2268,-10665,-3685,-365,0,1],412975]
[[287,4382,959,-335,-2,1],413028]
[[-620,-5828,-3844,-465,0,1],413044]
[[-2525859,-801062,-85744,-3199,-1,1],413099]
[[-102850689,-17745887,-997187,-18364,-1,1],413199]
[[-3321,774,739,-159,-2,1],413237]
[[7512653,1375731,-28151,-4468,-1,1],413327]
[[-2516,2016,145,-229,-1,1],413416]
[[-704,1440,-275,-181,-1,1],413476]
[[-12475,5239,641,-191,-1,1],413523]
[[-12544,8968,95,-208,-1,1],413599]
[[-25792,7644,639,-202,-1,1],413621]
[[-523249,-200229,-26195,-1240,0,1],413757]
[[3187,2722,-109,-159,-1,1],413803]
[[698787053655,7018478821,-8327487,-165556,-1,1],413891]
[[68,238,1,-35,-1,1],414188]
[[-11657,4751,179,-157,-2,1],414215]
[[-560881379,39318621,138722,-14521,-1,1],414287]
[[3800,1420,-362,-131,-1,1],414361]
[[261,490,-2,-51,0,1],414367]
[[-2436788,224230,18099,-1787,-1,1],414412]
[[6016438491,677124287,16200653,-165820,-1,1],414551]
[[9493783,-3439024,382279,-12437,-2,1],414620]
[[1157,5761,487,-221,-1,1],414797]
[[216448,-282992,-62240,-3199,-2,1],414847]
[[-43753,-144758,-33543,-2063,-1,1],415033]
[[-85601,21058,607,-313,-2,1],415052]
[[578,479,-74,-56,0,1],415159]
[[4441684032,131639904,-413424,-27683,-2,1],415269]
[[-28371420,-7332938,-447003,-8746,-2,1],415511]
[[-20000,48500,-1475,-575,-2,1],415927]
[[59,212,127,-111,-2,1],415948]
[[-2034504,355524,30362,-2249,-2,1],416020]
[[1397,550,-143,-66,0,1],416207]
[[170774224,8735060,-68780,-6335,0,1],416300]
[[-307936724,106370323,103624,-27755,-2,1],416349]
[[-2803927807,77316139,628776,-20820,-1,1],416408]
[[-2068162048,133444976,111843,-23796,-1,1],416437]
[[463590,177603,7182,-2063,-1,1],416481]
[[372699,19200,-18713,-1377,-2,1],416569]
[[75776,22160,-320,-310,0,1],416600]
[[-87127,-71121,-16459,-1057,0,1],416609]
[[-2498,1505,1201,-213,-2,1],416701]
[[-7136,2232,650,-169,-1,1],417449]
[[-358,1536,152,-111,-1,1],417652]
[[-167839,30505,1199,-353,-1,1],417663]
[[418745674748,2677919716,-22273417,-167092,-1,1],417731]
[[-3849042345,314337331,-534738,-41776,-1,1],417764]
[[-2417,2426,-331,-148,0,1],417953]
[[-25024,28736,2928,-511,-2,1],418231]
[[-184,417,133,-98,-1,1],418519]
[[2440,1724,-234,-111,0,1],418519]
[[56656382149,-1654680440,-35239805,-167410,0,1],418525]
[[2352,3446,-185,-153,-2,1],418657]
[[26,728,-52,-69,-1,1],419068]
[[-943273,-881515,109761,-3546,-1,1],419089]
[[-44488753,3376739,126954,-5988,-1,1],419188]
[[-37560985264,-2068986408,-34851468,-167716,-1,1],419291]
[[137775,22000,-3575,-550,0,1],419375]
[[334125,61875,-1375,-550,0,1],419375]
[[-14881,4392,305,-133,-1,1],419659]
[[-626,154,246,-81,-1,1],419692]
[[3531,1036,-249,-88,0,1],419751]
[[-62519,-47066,-10201,-707,0,1],419756]
[[-210176,298736,-35144,-2487,-2,1],419816]
[[-771518290369,6312576333,13215965,-167928,-1,1],419821]
[[23653276867,425925291,-1209266,-41988,-1,1],419884]
[[-1172,8553,249,-199,-2,1],419983]
[[-5347,2755,183,-114,-2,1],420073]
[[48628468,-199226,-307501,-8662,0,1],420107]
[[-130560,26260,1587,-378,-1,1],420145]
[[-9983857,2221564,-61093,-4847,-2,1],420212]
[[-5086208976,169086414,188631,-28013,-2,1],420219]
[[-6752,22788,-3376,-844,0,1],420312]
[[23099,1360,-1755,-260,0,1],420425]
[[1035162527,7152529,-1071533,-18700,-1,1],420759]
[[-389,640,-53,-79,-2,1],420844]
[[-602800,155869,1385,-818,-1,1],420949]
[[2999204,896730,-4210,-2105,0,1],421000]
[[569662,-23673,-20930,-1387,-1,1],421175]
[[263439,-194511,31066,-1485,-1,1],421217]
[[12740075,1959590,-4213,-7019,-2,1],421236]
[[-3075231,661327,3947,-1656,-1,1],421271]
[[-10083,2852,318,-109,-2,1],421303]
[[1849000,373842,887,-1456,-1,1],421363]
[[253078,-148672,28074,-1743,-2,1],421388]
[[-34952125,8823500,-53535,-7408,-2,1],421421]
[[18396461860,-1280101909,27431285,-168600,-1,1],421501]
[[-22547790,1577149,25961,-2676,-1,1],421533]
[[76011156,10012359,-260682,-10704,-2,1],421533]
[[-432898992194,2671216123,23065719,-168732,-1,1],421831]
[[204966763,-31823909,1632985,-28121,-2,1],421839]
[[1266,9843,1284,-296,-2,1],421848]
[[-43936,11535,962,-304,-2,1],421919]
[[191,28650,-191,-382,0,1],421919]
[[-11316942,1044729,32760,-3426,-2,1],422136]
[[197000,57534,-207,-489,-2,1],422147]
[[118857217,2721204,-715698,-15975,-1,1],422207]
[[-10907,3324,293,-117,-2,1],422209]
[[605990,-259684,35784,-1669,-1,1],422260]
[[-833031,108573,3798,-719,-1,1],422301]
[[932,409,-159,-77,-2,1],422425]
[[-14534579,1612959,10265,-2644,-1,1],422503]
[[-20936304,1335816,26700,-2448,-2,1],422556]
[[47736,21500,-720,-448,-2,1],422624]
[[5013269139,127731666,-740106,-28175,-2,1],422649]
[[-7872770401,-152230067,14490533,-169084,-1,1],422711]
[[2344881,333305,-6755,-1518,-2,1],422737]
[[-98600670752,-3408513336,-40211124,-169096,-1,1],422741]
[[-71621351,-14428090,-787105,-13010,0,1],422825]
[[1254815801,43173685,-188645,-13010,0,1],422825]
[[-2551338219,72615337,407795,-18792,-1,1],422829]
[[6012096320,209962085,-77833,-33840,-1,1],423005]
[[261997729061,827096621,-28146009,-169248,-1,1],423121]
[[-111299549750,6472161275,-897165,-169276,-1,1],423191]
[[71614268331,-1259588335,-33590513,-169392,-1,1],423481]
[[-2798864,228008,15283,-1374,-2,1],423721]
[[40302,58049,-1188,-650,-2,1],423721]
[[-16274689297,296347511,1040865,-33904,-1,1],423805]
[[-36743,7723,721,-187,-2,1],423889]
[[424185852,23490623,-133402,-15072,-2,1],423945]
[[22189984,2868768,-774,-3589,-2,1],423967]
[[3958,2406,-106,-103,0,1],424476]
[[9734,-6851,-3224,-341,0,1],424483]
[[-1192,976,98,-68,-1,1],424548]
[[-23168,-25883,-6697,-543,0,1],424807]
[[879495913996,7185039376,-11947935,-169956,-1,1],424891]
[[-39096,30861,-18,-482,-2,1],425196]
[[-134,-379,-305,-81,-2,1],425245]
[[-415321,66523,1922,-508,-1,1],425252]
[[3127025,-94875,-62425,-2750,0,1],425425]
[[-1546590000,78629160,-224415,-22706,-1,1],425745]
[[212,109,-452,-327,-2,1],426064]
[[7856499976,249098060,-298270,-42610,0,1],426100]
[[15504006424,339431260,-980030,-42610,0,1],426100]
[[851194676784,7502339392,-10534700,-170464,-1,1],426161]
[[19844846411,-1345329195,27571855,-170512,-1,1],426281]
[[-3672713226,100620145,552981,-24360,-1,1],426307]
[[-7921,3864,63,-163,-1,1],426341]
[[218576,53057,13,-513,-2,1],426529]
[[576,7185,-320,-210,0,1],426600]
[[182336,26433,-3080,-506,0,1],426811]
[[930372,165310,-610,-915,0,1],427000]
[[-9708,44424,610,-508,-1,1],427056]
[[3987,1539,-162,-92,-1,1],427068]
[[-9473986934,213850107,9691867,-170932,-1,1],427331]
[[-25402725,4675250,259850,-17095,-1,1],427385]
[[2044457946,77447943,-425520,-28493,-2,1],427419]
[[-397,-1736,-1107,-190,0,1],427459]
[[-41,-34,99,-30,-2,1],427477]
[[-865,1303,-162,-116,-1,1],427492]
[[-1711068047,48091420,275534,-13505,-2,1],427709]
[[12437,3738,-315,-147,-2,1],427723]
[[2482481682,24209235,-1872485,-28515,0,1],427725]
[[-375,1325,365,-114,-2,1],427797]
[[-1244,853,39,-80,-1,1],427817]
[[-327040,50208,2312,-478,-2,1],428164]
[[-255259,106765,-1312,-818,-1,1],428172]
[[-215149,-107965,-16995,-935,0,1],428175]
[[500358,95363,-647,-665,-2,1],428395]
[[8201,-976,-1762,-269,-2,1],428409]
[[-84049,29938,1395,-392,-2,1],428491]
[[-578748724,-656757415,-20912020,-171410,0,1],428525]
[[836,806,-35,-58,0,1],428563]
[[295952656,25366960,-767280,-21432,-1,1],428648]
[[4041,-174,-939,-183,-2,1],428661]
[[20039953,-662170,-348479,-9185,-2,1],428708]
[[4722,3049,-449,-177,0,1],428833]
[[-8,121,-48,-74,0,1],428896]
[[815,-180,-574,-135,-2,1],428915]
[[-80962992,6552552,10388,-7150,-2,1],429096]
[[-6609934429,219929483,394794,-42912,-1,1],429124]
[[-15,-100,-170,-85,0,1],429125]
[[6683,2658,-263,-127,0,1],429228]
[[1854,4203,-374,-221,-1,1],429229]
[[878642,182717,1040,-974,-2,1],429264]
[[-2155,2160,-75,-126,-2,1],429275]
[[796,1553,-9,-81,0,1],429493]
[[4680456800,-656758226,25547909,-171808,-1,1],429521]
[[-13106,3285,458,-131,-2,1],429545]
[[724899,-43337,-24934,-1500,-1,1],429660]
[[727593,136660,-3040,-1015,0,1],429775]
[[-19292789133,-289904057,20585575,-171976,-1,1],429941]
[[-63227,-82628,-30935,-3169,-2,1],429941]
[[2553,508,-557,-154,-2,1],429991]
[[6968,3676,2,-127,-1,1],430004]
[[-6062365,1087309,-2230,-4778,-1,1],430056]
[[1334177100,-125929965,3811799,-36863,-2,1],430087]
[[529,-4462,-3254,-401,-2,1],430199]
[[62568,-13215,-7640,-690,0,1],430200]
[[-2863648,-771740,-72248,-2463,0,1],430204]
[[-574939591,24917731,218355,-13589,-2,1],430369]
[[18730295335,455102519,-809310,-43048,-1,1],430484]
[[54282644,5183543,-35919,-4920,-1,1],430535]
[[-729,486,100,-81,-1,1],430579]
[[-76275,14589,2115,-389,-1,1],430727]
[[9383502901,-36012790,-13698645,-172310,0,1],430775]
[[117576592,4985964,-133763,-6217,-1,1],430777]
[[1472,1944,-11,-93,-1,1],430909]
[[930960,775800,-12930,-2155,0,1],431000]
[[604358444473,6529298469,-5569179,-172420,-1,1],431051]
[[-783654,166998,28138,-2647,-1,1],431148]
[[-110768393,9257110,-5545,-9239,-2,1],431228]
[[1542051,112422,-12628,-1107,0,1],431361]
[[-10857,-12290,-4315,-490,0,1],431575]
[[40093934352,-2018748850,32408357,-172660,-1,1],431651]
[[186868,6510,-11315,-1240,0,1],431675]
[[850883231,-92903397,3420838,-43192,-1,1],431924]
[[-26445350700,-1660964788,-31847851,-172804,-1,1],432011]
[[91437543,4500279,-71046,-4800,-1,1],432036]
[[-41515,14193,663,-301,-1,1],432157]
[[-3669315725,232501395,681155,-34576,-1,1],432205]
[[399,514,79,-55,-2,1],432217]
[[13,-8,-80,-41,-2,1],432243]
[[1537383,234301,-4697,-1159,0,1],432307]
[[8833974,-1934020,144308,-3849,-2,1],432452]
[[-237170651,-45950840,-2418705,-31885,0,1],432725]
[[-1274,1875,84,-93,-1,1],432767]
[[386288,100170,-812,-643,-2,1],433048]
[[-13588663,2816866,-51408,-5891,-1,1],433127]
[[554061693,7475322,-1278360,-28877,-2,1],433179]
[[-5792,1020,559,-126,-1,1],433197]
[[-954853,581157,6307,-1679,-1,1],433223]
[[-21317,9046,431,-203,-2,1],433268]
[[2128,964,-71,-65,-1,1],433276]
[[64,160,26,-90,-1,1],433288]
[[-760475339,26279227,289313,-13332,-1,1],433303]
[[-12681,4313,446,-174,-1,1],433384]
[[59946532936,-2651736302,37053101,-173388,-1,1],433471]
[[-66177,18351,960,-301,-1,1],433499]
[[10781376,761560,-28920,-2410,0,1],433800]
[[161597274,11695469,-171547,-10091,0,1],433913]
[[-87520132,6012952,190062,-7995,-1,1],434036]
[[-2671127,742156,-15763,-3425,-2,1],434036]
[[-5985,13784,-81,-269,-2,1],434108]
[[96947147,-21736548,1091659,-16849,-2,1],434227]
[[-386569259,16720474,111458,-8987,-2,1],434449]
[[713126024,11460485,-926880,-19310,0,1],434475]
[[155576,43885,-220,-535,0,1],434575]
[[4443,1948,-166,-109,-2,1],434601]
[[12825,3129,-517,-151,0,1],434689]
[[-135,86,46,-23,-2,1],434713]
[[-431,167,85,-33,-2,1],434725]
[[789932659,114963775,2486850,-43476,-1,1],434764]
[[1341,-4375,-2956,-466,-1,1],434852]
[[23004,355,-2485,-355,0,1],434875]
[[-1445728540,39478923,862517,-24856,-1,1],434987]
[[-285993,64506,3195,-665,-2,1],435108]
[[-16222,36536,4856,-3245,-1,1],435124]
[[295,-1475,-2065,-295,0,1],435125]
[[-1300232,65608,63428,-2975,-2,1],435215]
[[33351,28455,-4851,-1682,-1,1],435321]
[[-794,918,78,-117,-1,1],435428]
[[-9,-80,-175,-75,0,1],435500]
[[-18737,-18040,-5740,-615,0,1],435625]
[[223691420,14880504,-545857,-15247,-1,1],435640]
[[469081,84378,-1681,-574,0,1],435707]
[[-1319,677,1292,-231,-1,1],435739]
[[2713,2694,112,-151,-1,1],436049]
[[-61967,20440,958,-311,-2,1],436077]
[[3840,1852,-75,-93,-2,1],436117]
[[-470908939,10148879,622989,-14353,-2,1],436159]
[[-11723,-13748,-4885,-482,-2,1],436201]
[[784,2597,-28,-107,0,1],436261]
[[-5200,-2492,1933,-253,-1,1],436572]
[[-986,-367,484,-90,-2,1],436651]
[[-211496,7966,6467,-604,-1,1],436679]
[[-7314,2665,200,-105,-1,1],436761]
[[4164317676,-2431788490,-39222395,-174710,0,1],436775]
[[20300,-1270,-2707,-353,-1,1],436852]
[[543188329,-3373017,-1170809,-19416,-1,1],436869]
[[3065772,354664,-7959,-1350,-1,1],436981]
[[384252415963,5606050045,1346579,-174880,-1,1],437201]
[[998462547632,7975242264,-12206652,-174880,-1,1],437201]
[[15653,8251,49,-193,-2,1],437323]
[[17024,38848,2168,-836,-1,1],437388]
[[-612233469,-135180581,-4583994,-43740,-1,1],437404]
[[601174125775,5050445103,-15802175,-174996,-1,1],437491]
[[1919648250,44968675,-764165,-19444,-1,1],437499]
[[823500,22875,-16165,-1159,0,1],437797]
[[2936309,580456,-9743,-1793,-1,1],437797]
[[432,414,-171,-87,0,1],437811]
[[-497152,203175,1354,-911,-1,1],437813]
[[-10968,520,8484,-1368,-1,1],437888]
[[-75647,23262,698,-325,-2,1],438283]
[[-7056,2612,211,-108,-2,1],438409]
[[377487,30340,-6724,-697,0,1],438659]
[[985957,311916,-919,-1529,-2,1],438772]
[[-4657632,230728,32508,-1984,-1,1],438823]
[[381,639,-1,-109,-2,1],438843]
[[-199938457,15698764,111891,-9171,-1,1],438917]
[[-3203,-455,1047,-167,-2,1],438967]
[[36084,10540,-1054,-279,0,1],439084]
[[24,628,30,-51,-1,1],439228]
[[354270,59527,-1446,-482,0,1],439584]
[[-26068,-35315,-9235,-715,0,1],439675]
[[-140256,346272,3032,-1268,-1,1],439712]
[[-118357835,8527934,220789,-13193,-2,1],439820]
[[12844,4524,-194,-141,-1,1],439956]
[[-6301,2107,227,-102,-1,1],440101]
[[-211580,61582,-173,-606,-2,1],440107]
[[-4827490479,81569124,2455264,-37733,-2,1],440237]
[[-1009480532,33330148,773613,-20321,-2,1],440323]
[[-1887628,356691,2730,-1419,-1,1],440467]
[[-214602061824,6795829728,5937549,-176188,-1,1],440471]
[[-9544754,-2220120,-167390,-4405,0,1],440500]
[[-5281920,475584,14820,-1602,-2,1],440568]
[[-14652989,1941317,36819,-3426,-2,1],440627]
[[-30837272,1759264,38528,-2967,-1,1],440699]
[[-884470854070,7800528289,9819041,-176284,-1,1],440711]
[[322488,201600,22404,-1836,-1,1],440736]
[[6216103,1193195,-1427,-2235,-2,1],440779]
[[2240,944,-332,-108,0,1],440812]
[[135647949357,-4231815957,45279929,-176392,-1,1],440981]
[[35453459,16775188,112181,-10049,-1,1],441057]
[[-3908701165,-255626769,-5594974,-44124,-1,1],441244]
[[-5297,2423,193,-101,-2,1],441247]
[[95264920336,-3451201672,41691284,-176508,-1,1],441271]
[[3062339568,105779610,-132390,-22065,0,1],441300]
[[7591,5398,7,-170,-2,1],441333]
[[575126131167,6696190107,-3937743,-176580,-1,1],441451]
[[-1515847,755639,384,-1920,-1,1],441692]
[[81593,14160,-1315,-290,0,1],441725]
[[1904,1225,35,-71,-2,1],441749]
[[40,-4,-118,-65,0,1],441752]
[[3185,5376,40,-175,-2,1],441797]
[[-12,-686,717,-132,-2,1],441919]
[[5783831,452276,-16230,-1623,0,1],441997]
[[1735807151,49009610,-265395,-13610,0,1],442325]
[[216,308,-256,-120,-2,1],442332]
[[5220007199,123198960,-16904455,-177010,0,1],442525]
[[10816,4420,-190,-135,0,1],442625]
[[-414612,97416,-165,-715,0,1],442673]
[[-2297225493,245821755,230258,-44280,-1,1],442804]
[[17565385507,359174210,-911160,-37965,0,1],442925]
[[22847,5988,-734,-229,0,1],443061]
[[340388387,17076084,-59647,-8521,0,1],443092]
[[149923000,33037275,159515,-13991,-2,1],443099]
[[-45111,17369,-143,-308,0,1],443179]
[[-2231634825,259661705,-188025,-35476,-1,1],443455]
[[-165196812397,-4679830493,-47079183,-177456,-1,1],443641]
[[2116761,252845,-4331,-1037,0,1],443653]
[[962822580,40662373,-161412,-13451,0,1],443883]
[[409138,60202,-2418,-527,0,1],444044]
[[15218559,1213644,-12749,-2147,-2,1],444044]
[[1764,-458,-765,-146,0,1],444079]
[[8419,5805,33,-151,-2,1],444095]
[[238945696493,7836616881,-2362777,-177652,-1,1],444131]
[[-418957,47070,6345,-732,-2,1],444221]
[[-26602173613,464379071,1564302,-44440,-1,1],444404]
[[-3,-138,-157,-48,0,1],444447]
[[590489193,-87669420,2866653,-29633,-2,1],444519]
[[-135816,30086,4353,-637,-2,1],444571]
[[-10625,2600,629,-148,-2,1],444609]
[[117,261,101,-47,-2,1],444637]
[[73,275,-106,-99,-1,1],444737]
[[-834578760844,7628539163,11512485,-177936,-1,1],444841]
[[33,57,6,-17,-1,1],444933]
[[-69,-211,-199,-63,-2,1],445113]
[[-1085,69,419,-103,-2,1],445135]
[[-325049288,44887048,80602,-14057,-2,1],445189]
[[17875456,202528,-122128,-4769,-2,1],445256]
[[723932003,45856793,252409,-17376,-2,1],445301]
[[1366206,283513,868,-1194,-2,1],445483]
[[-235,105,66,-31,-1,1],445565]
[[8937864,649332,-57294,-3183,0,1],445620]
[[-102138125,32754400,-2047660,-38201,-2,1],445697]
[[784,504,-95,-79,-1,1],445756]
[[-25400211,221675,226097,-7132,-1,1],445775]
[[19479101499,-820047690,-26835655,-178310,0,1],445775]
[[792,1540,-22,-88,0,1],445852]
[[-63,-297,-349,-109,-2,1],445861]
[[-747,-1644,-1019,-164,0,1],445961]
[[2775599163,128896083,-570834,-44596,-1,1],445964]
[[7523,2337,-644,-207,-1,1],446017]
[[144,296,76,-52,-2,1],446036]
[[13773,19947,-9,-302,-2,1],446193]
[[-433490832,-42584175,-1446255,-17855,0,1],446375]
[[1825790001,49912003,-1889305,-34351,0,1],446563]
[[1335,1796,346,-193,-2,1],446717]
[[10185050,2848125,-775,-3875,0,1],447175]
[[-1682,725,290,-123,-1,1],447209]
[[-767045357185,6844954323,11752705,-178884,-1,1],447211]
[[247808,94560,-720,-729,-2,1],447352]
[[25105,14276,-979,-358,-2,1],447361]
[[13949,4420,-169,-129,-1,1],447421]
[[28867521,619796,-210661,-8705,0,1],447437]
[[108881024,5911678,-39636,-4793,-2,1],447496]
[[869,242,-869,-198,0,1],447535]
[[-179448,137494,-7221,-1246,-1,1],447761]
[[-5150,2497,114,-111,-1,1],447841]
[[1624,1308,-94,-83,0,1],447988]
[[-32388304,1960224,28564,-2800,-1,1],448064]
[[-65878166644,2631623772,-17979417,-179256,-1,1],448141]
[[-1018418173299,7874789341,14116293,-179368,-1,1],448421]
[[479732,137885,-660,-1815,0,1],448525]
[[11590,2379,-1342,-244,0,1],448533]
[[7078,1249,-809,-185,-2,1],448629]
[[339328535,-24990337,-3176966,-44872,-1,1],448724]
[[-34685,8290,616,-187,-2,1],449155]
[[172751,59475,-785,-506,-1,1],449219]
[[193,-290,-469,-115,0,1],449387]
[[64846,17417,-3276,-522,-2,1],449537]
[[1903016,243999,-3566,-1048,-2,1],449729]
[[-14510,9367,124,-228,-2,1],449912]
[[4108,2260,46,-97,-2,1],449932]
[[-234523,85341,-2439,-1060,-1,1],449947]
[[-11406,4393,361,-141,-2,1],449991]
[[150831,-242217,80842,-3865,-1,1],450043]
[[-154,382,38,-48,-1,1],450272]
[[-3618,1511,191,-81,-2,1],450297]
[[1733408,419036,-6069,-1813,-2,1],450485]
[[90472956309,2346732369,3370271,-180228,-1,1],450571]
[[-4960,2818,255,-129,-2,1],450647]
[[335709,49044,-3197,-597,-2,1],450836]
[[2925230,243529,-15851,-1441,0,1],451033]
[[327845232,89021160,3285180,-180504,-1,1],451261]
[[1484548,171988,-27640,-2820,-1,1],451264]
[[-48,44,244,-107,-2,1],451303]
[[-1479925208,45775906,256245,-14079,-1,1],451369]
[[2120499567,-215272989,5471986,-45148,-1,1],451484]
[[17096675331,491299471,-848790,-45148,-1,1],451484]
[[616,828,42,-64,-2,1],451492]
[[-63680,-43568,-9787,-741,-1,1],451517]
[[672,252,-250,-87,0,1],451521]
[[21595462865,563754357,-7278841,-180616,-1,1],451541]
[[9344,4998,-99,-154,-1,1],451579]
[[3702848,1693856,-24620,-3693,0,1],451777]
[[-1792,1664,24,-105,-1,1],451804]
[[-174080,283456,-15088,-1872,-1,1],451943]
[[-25552,6976,420,-168,-1,1],452029]
[[66924,39105,-4356,-682,0,1],452232]
[[-495,438,32,-71,-1,1],452233]
[[2367,1310,4,-71,-2,1],452275]
[[-372,103,218,-79,-2,1],452288]
[[26317,6452,-513,-177,0,1],452395]
[[294799,56660,-5130,-735,0,1],452425]
[[211581154049,128494243,-32816823,-181008,-1,1],452521]
[[-290845,60713,851,-542,-2,1],452547]
[[-366326882,84375581,12074861,-181032,-1,1],452581]
[[-1675169,-92557,75230,-3501,-1,1],452681]
[[572076322,53055935,325336,-19293,-2,1],452681]
[[-6649,19169,-497,-343,-1,1],452783]
[[-32,52,91,-62,-1,1],452809]
[[-3509,-3903,-1424,-187,-1,1],452851]
[[-305327104,15207328,563056,-16226,-1,1],452987]
[[2474850105,-37563246,-3428684,-38843,-2,1],453187]
[[-1052916968,55678316,496420,-20915,-2,1],453193]
[[3503,6510,-155,-310,0,1],453375]
[[503347,34410,-8215,-775,0,1],453375]
[[770283,105711,-2273,-632,-1,1],454057]
[[21321675,3498375,-12275,-12275,0,1],454175]
[[-2114298,-102780,47412,-2249,-2,1],454212]
[[-28775,9442,442,-225,-2,1],454399]
[[535323011,18245167,-479665,-13984,-1,1],454493]
[[91,403,-195,-84,-1,1],454753]
[[1102076536,31176981,-1644577,-34991,0,1],454883]
[[6079726,-345015,-129970,-4510,0,1],455100]
[[497297,75718,-7551,-978,-2,1],455111]
[[-631,6931,-388,-219,-1,1],455227]
[[-5066782441,92013930,1833302,-33559,-1,1],455449]
[[271,271,-271,-271,0,1],455551]
[[15191917,4014578,32222,-4915,-2,1],455731]
[[329347567,13269479,-96478,-7143,-1,1],455917]
[[179437938458,-725077501,-36529993,-182376,-1,1],455941]
[[-170699,27613,2313,-422,-1,1],455983]
[[-669,953,-11,-83,0,1],456097]
[[-4146149061,412111683,-36490,-45612,-1,1],456124]
[[24614,-1054,-3782,-527,0,1],456196]
[[1402928,308608,-137596,-14040,-1,1],456313]
[[-193,167,32,-27,-1,1],456331]
[[26068230,2439441,-4668,-3386,-2,1],456385]
[[2538306,301305,-9535,-1567,-2,1],456599]
[[152353,-206334,33733,-1584,-2,1],456851]
[[117432635115,-3899995237,44545533,-182788,-1,1],456971]
[[216733,9944,-7161,-693,0,1],457061]
[[12320604,1544359,-10612,-2523,-1,1],457281]
[[-22914,16382,542,-279,-1,1],457292]
[[12633,4468,-160,-133,-1,1],457423]
[[255464775,-140819065,-4977426,-45748,-1,1],457484]
[[2432,2240,57,-105,-1,1],457544]
[[-3968,4736,200,-426,-1,1],457601]
[[-35779,7146,1253,-265,-2,1],457684]
[[19748063,3408240,29675,-9595,-2,1],457684]
[[-9088,7224,-692,-260,-1,1],457777]
[[-232256421,-195753885,-30821183,-183132,-1,1],457831]
[[368,160,-156,-74,-1,1],457837]
[[2150912,4171593,-168040,-8402,0,1],457909]
[[-32710046,2029237,27570,-2831,-2,1],457937]
[[-318285,53483,2428,-513,-1,1],457983]
[[-87598944643,-3359624529,-42562099,-183220,-1,1],458051]
[[-750423609,24946452,185265,-10179,-1,1],458073]
[[-633676,111424,2093,-809,-1,1],458163]
[[289,289,-30,-41,-1,1],458225]
[[-802,2152,-80,-121,-2,1],458356]
[[-41017632,-6940940,-389640,-7640,0,1],458400]
[[128,216,-40,-58,0,1],458408]
[[331570192,50103536,462992,-22920,-1,1],458408]
[[160347649,8793400,-50248,-6281,0,1],458513]
[[228370879,13943820,-345455,-12562,0,1],458513]
[[4122468,584250,-5453,-1558,0,1],458831]
[[2817983,-227539,-70773,-3044,0,1],458883]
[[32126673419,536439935,-1413486,-45892,-1,1],458924]
[[203,135,-49,-40,-2,1],458941]
[[-3959,667,693,-167,-1,1],458947]
[[-55370493,7947385,-41785,-7015,0,1],459025]
[[-2873,1114,163,-76,-2,1],459025]
[[73742107,4490210,-92110,-7015,0,1],459025]
[[473899,87285,-2005,-685,0,1],459225]
[[-5654,1514,348,-105,-1,1],459268]
[[1749,973,-122,-97,-1,1],459271]
[[1109580177,88116247,464809,-26260,-1,1],459557]
[[-19745,8702,414,-189,-2,1],459709]
[[824,704,-200,-85,0,1],459851]
[[1026057259351,7800827935,-15548845,-184010,0,1],460025]
[[39380,10021,-396,-198,0,1],460064]
[[-3700,2437,112,-101,-1,1],460121]
[[374,215,-158,-64,0,1],460153]
[[-897500,4972025,-70490,-7889,-2,1],460285]
[[-2413,753,1009,-181,-2,1],460297]
[[2255494768,87836088,-405116,-20460,-1,1],460359]
[[-156910,47854,0,-497,0,1],460364]
[[-45288392,4232434,31568,-4931,-2,1],460376]
[[-1352,910,616,-146,-2,1],460512]
[[-175,92,123,-49,-2,1],460636]
[[6564,-16468,6460,-703,-2,1],460700]
[[370095,31482,-6006,-649,0,1],461043]
[[97082727728,-3566626416,43571436,-184468,-1,1],461171]
[[821197,40182,-18281,-1448,0,1],461369]
[[-97729557,456953227,-313782,-46144,-1,1],461444]
[[-691553,51151,8763,-818,-1,1],461497]
[[2129408,-935800,-263816,-8559,-2,1],461528]
[[623115195644,3794856804,-25534661,-184632,-1,1],461581]
[[-5300,1700,217,-83,-2,1],461707]
[[-330276,6196,9716,-796,-1,1],461912]
[[-659,-1255,-725,-125,0,1],462125]
[[-93,-475,-385,-85,0,1],462125]
[[2509,841,-252,-98,-1,1],462140]
[[-1049787,127215,16611,-1561,-2,1],462169]
[[-41528889812,1873789000,-13551147,-184872,-1,1],462181]
[[-4034075,1762660,7316,-3047,-2,1],462371]
[[-601174530160,4165558656,22880591,-184968,-1,1],462421]
[[-23463776,1975227,31196,-4163,-2,1],462523]
[[-112,748,34,-55,-1,1],462573]
[[7753252,926158,-6617,-1906,-2,1],462593]
[[-981,1940,283,-140,-2,1],462631]
[[-338,7459,258,-209,-1,1],462641]
[[224,760,-230,-160,0,1],462700]
[[3712,-2360,-1546,-211,0,1],462701]
[[30672,18224,-2060,-584,-2,1],462868]
[[-1168798002417,8696874799,14760153,-185196,-1,1],462991]
[[43792,11488,-460,-236,-2,1],463012]
[[497,-930,546,-103,-2,1],463051]
[[1429292,193447,-6726,-1125,-1,1],463069]
[[-272,-54,169,-43,-2,1],463219]
[[-3311813,409330,4903,-1391,-2,1],463356]
[[7776,1620,-1350,-345,-1,1],463419]
[[-1075,1714,-253,-157,-1,1],463429]
[[-9086185937,-2556731757,-41398123,-185392,-1,1],463481]
[[184110267,11208257,-39307,-7416,-1,1],463525]
[[1411351389,27829951,-912775,-20604,-1,1],463599]
[[11621,5434,40,-167,-1,1],463607]
[[457444299,26958610,-114555,-10910,0,1],463675]
[[-658001383,54918913,-438959,-20608,-1,1],463689]
[[481591616,-50029364,1724923,-20608,-1,1],463689]
[[-7403397,1479151,98926,-5152,-1,1],463716]
[[-7615163371,153745539,893333,-26508,-1,1],463897]
[[177199,32285,-8305,-935,0,1],463925]
[[629872,-1257776,-148782,-4490,-1,1],464008]
[[-229253865544,-326826198,36517827,-185652,-1,1],464131]
[[300421000,-33455975,-2048325,-27311,0,1],464287]
[[3563,1821,-74,-107,-1,1],464311]
[[-181940,153792,481,-928,-1,1],464833]
[[-147058,15779,6422,-695,-1,1],464881]
[[33607,8210,-635,-215,0,1],464900]
[[-2039207,-71366,53655,-2460,-2,1],464989]
[[26619,44960,1807,-543,-1,1],465201]
[[-1346,-453,728,-141,-2,1],465239]
[[-42592,744810,-115011,-5019,-2,1],465371]
[[820022603473,8493996343,-10294449,-186156,-1,1],465391]
[[-6825,-31991,10778,-787,-1,1],465403]
[[-1917,4068,144,-129,-2,1],465489]
[[4808821,684584,-3176,-2165,-1,1],465561]
[[95906254448,6073463408,-9647460,-186244,-1,1],465611]
[[-58318554682,-2834494759,-40856555,-186304,-1,1],465761]
[[337033467199,3444126660,-22450355,-186310,0,1],465775]
[[4022066343,133458078,-505188,-31055,-2,1],465849]
[[207009,25256,-14432,-2255,0,1],465883]
[[43138981438,-2398038761,40386899,-186372,-1,1],465931]
[[6319438,430049,-32195,-2309,-2,1],465971]
[[146,-86,-306,-125,-1,1],465988]
[[-783532139,25440694,175627,-9810,-2,1],466051]
[[41942768,12870910,-38915,-11765,0,1],466075]
[[-68048880,3215569,71786,-4321,-1,1],466457]
[[617758760025,4350267153,-23383035,-186616,-1,1],466541]
[[-44663,21762,1905,-828,-2,1],466589]
[[-3028576,2764456,-4402,-4402,0,1],466612]
[[-226976,-121688,-19680,-1066,0,1],466744]
[[130768526287,2380893117,-5096921,-186700,-1,1],466751]
[[27600,9860,-152,-203,-2,1],466763]
[[835,1308,230,-111,-2,1],466801]
[[16,708,-32,-70,0,1],467008]
[[20851277,225619,-125033,-4538,-1,1],467077]
[[-5210056,603276,8378,-1550,-2,1],467204]
[[2306869311,-6378269,-3961890,-46720,-1,1],467204]
[[1176,1260,-142,-108,0,1],467292]
[[-4477,2911,-54,-137,-1,1],467329]
[[-3609804,-57692,57640,-2596,-1,1],467352]
[[-144613892794,-4470519523,-47914875,-186948,-1,1],467371]
[[847332872407,5919256005,-20995653,-186960,-1,1],467401]
[[-831547447700,8953262636,9106335,-186988,-1,1],467471]
[[1185672720,34989328,-1117392,-23376,-1,1],467528]
[[32921156403,543228947,-1533610,-46756,-1,1],467564]
[[738906,94706,-3462,-674,-1,1],467584]
[[-6362,1479,607,-153,-2,1],467633]
[[-6806512,726700,7808,-1795,-1,1],467759]
[[-2894,938,663,-147,-1,1],467896]
[[-9758051233,-1647445159,-37689077,-187228,-1,1],468071]
[[-2980655,-1574074,-189105,-5403,0,1],468260]
[[-821599,322967,212,-1301,-1,1],468263]
[[-163340482499,-4814147965,-49543495,-187310,0,1],468275]
[[71050,-1547,-4750,-511,-2,1],468281]
[[-696,13292,42,-310,-2,1],468548]
[[-16947996,-3300817,-218212,-5167,-1,1],468757]
[[-44109,9529,663,-195,-2,1],468793]
[[2575,570,-474,-139,-2,1],468817]
[[3968,1240,-465,-155,0,1],468875]
[[23494,10053,-3771,-679,-2,1],468917]
[[942058279424,9075785664,-10092256,-187588,-1,1],468971]
[[2817275,264245,-14704,-1500,-1,1],469216]
[[-4,100,-569,-172,-1,1],469359]
[[88,-503,-448,-98,0,1],469543]
[[279133952,13718560,-196804,-11056,-1,1],469897]
[[-558,775,-31,-81,0,1],469991]
[[-5872,2604,297,-121,-1,1],470116]
[[8949581,2962773,-138365,-6633,-1,1],470191]
[[11008033749,-1712193683,-36167861,-188080,-1,1],470201]
[[6975577,523411,-16468,-1680,-1,1],470512]
[[-486725614520,2250829889,30623459,-188220,-1,1],470551]
[[58828,46222,-58828,-4202,0,1],470624]
[[1298036,188326,-4584,-1146,0,1],470624]
[[-188304,86692,-158,-729,-2,1],470675]
[[-2799,-5115,-2195,-285,0,1],470725]
[[626899,114360,-2180,-685,0,1],470725]
[[120668124,2016685,-376580,-9910,0,1],470725]
[[1254087707,45372935,-282435,-14865,0,1],470725]
[[123588,184176,-28215,-2405,-1,1],470952]
[[-13607464432,-1314632448,-29354652,-188412,-1,1],471031]
[[51322187520,-266739296,-25591836,-188452,-1,1],471131]
[[-4296467,520688,6887,-1443,-1,1],471167]
[[-3953,1046,459,-133,-1,1],471221]
[[14252635448,355106826,-727695,-37704,-1,1],471305]
[[3292832,485384,1030,-1584,-2,1],471716]
[[24,45,-20,-27,0,1],472041]
[[14013,5130,-351,-195,-1,1],472161]
[[56,-26,-109,-46,-1,1],472325]
[[206,208,-154,-71,-1,1],472404]
[[-491,-3329,-1571,-215,-1,1],472459]
[[1388835,162942,-5288,-925,-2,1],472607]
[[-185228725,-24248785,-1010669,-14542,0,1],472615]
[[167183,-1116,-8959,-806,0,1],472657]
[[168551,39410,-1595,-535,0,1],472700]
[[11770371072,216664740,-1132569,-31517,-2,1],472779]
[[263,-855,575,-103,-1,1],472813]
[[8197332,1523863,-9273,-3091,0,1],472923]
[[-45291,41912,-2449,-713,0,1],473060]
[[192,232,-21,-49,-1,1],473284]
[[-887571,118351,6472,-949,-1,1],473387]
[[699491475,102229553,-132605,-21048,-1,1],473589]
[[-639,-556,1013,-173,-1,1],473611]
[[5281445,1063025,-6315,-2105,0,1],473625]
[[-9547162881,315623587,2141594,-47380,-1,1],473804]
[[-1337162365,51528520,175657,-14743,-1,1],473895]
[[76,190,-19,-37,-1,1],474012]
[[37,-141,163,-58,-1,1],474161]
[[667825158,200457219,370944,-31613,-2,1],474219]
[[56611379072,-2628664748,38830853,-189696,-1,1],474241]
[[-18283945416,396673433,1059625,-40649,-2,1],474257]
[[1182446,104603,-80837,-5109,-2,1],474397]
[[1312,769,-184,-82,0,1],474464]
[[386199,60435,-1905,-510,0,1],474525]
[[2872808,290115,-10711,-1391,-2,1],474539]
[[49764324,3967160,-8405,-4510,0,1],474575]
[[3847441,1164608,-26195,-2910,-2,1],474641]
[[2751,1253,-52,-68,-1,1],474656]
[[-45528,12148,882,-258,-2,1],474716]
[[-38940780,-6454246,-358268,-7177,-2,1],474892]
[[-25728868,-5624448,-359499,-7600,-1,1],475025]
[[-1379603093,19812238,1134232,-21923,-2,1],475033]
[[-53618540544,8931668992,418080,-190036,-1,1],475091]
[[10570783,40610,-97464,-4061,0,1],475137]
[[2709391789,57102604,-890383,-21929,-2,1],475163]
[[-19304,19716,-658,-467,-2,1],475244]
[[-59089946708,-3592368628,-46442505,-190104,-1,1],475261]
[[-314240,109984,-3928,-982,0,1],475288]
[[-37457459967,-3066630269,-44357889,-190132,-1,1],475331]
[[668967795,34972656,19967,-14261,-2,1],475420]
[[1648,1718,151,-149,-2,1],475877]
[[2011298507,72306725,-1208163,-36611,0,1],475943]
[[-5764632,520870,12404,-1561,-2,1],475992]
[[-1611457,495283,35735,-2608,-1,1],476033]
[[24497100,1821438,-17403,-2731,-1,1],476044]
[[263359480844,2611791057,-17577649,-190440,-1,1],476101]
[[2784,3176,40,-126,-1,1],476109]
[[64022693789,-3171426645,43747835,-190456,-1,1],476141]
[[11537199,3112884,-3294,-3527,-2,1],476361]
[[-776675,483852,-58168,-3305,0,1],476581]
[[50673,-75703,27947,-1586,-1,1],476581]
[[3185,-203,-1935,-512,-1,1],476593]
[[-169157,51715,959,-511,-2,1],476597]
[[68,-324,330,-91,-1,1],476932]
[[1045191168,48633984,26304,-15745,-1,1],476993]
[[16912,9454,145,-203,-2,1],477041]
[[2430497,315326,-32907,-2395,-2,1],477236]
[[-164,204,64,-40,-1,1],477344]
[[299068802,16236586,-77382,-8793,-1,1],477356]
[[-760573507,40964185,-19095,-14688,-1,1],477373]
[[-182,-107,696,-150,-2,1],477397]
[[353276,91729,-1364,-682,0,1],477400]
[[307032,78210,-3135,-715,0,1],477675]
[[6369876772,109610560,-1291309,-27300,-1,1],477757]
[[-459,-784,-455,-97,-2,1],477844]
[[141624,0,-8430,-843,0,1],477981]
[[2677,689,-381,-107,0,1],478017]
[[119,249,-289,-105,-1,1],478144]
[[-6801875,1358625,7075,-2620,-1,1],478223]
[[2773,1335,-129,-96,-1,1],478279]
[[-275998175,12013060,92111,-6903,-1,1],478307]
[[-13784,5646,355,-180,-1,1],478379]
[[-3041941504,1362462177,-26850109,-191376,-1,1],478441]
[[3744,1528,-328,-130,-1,1],478441]
[[7602,-13889,4644,-412,-2,1],478456]
[[-230,421,128,-82,-2,1],478496]
[[-603566,121717,24256,-1750,-2,1],478519]
[[39493,7335,-2915,-415,0,1],478525]
[[3444,1961,40,-91,-2,1],478544]
[[1737,2196,-117,-169,0,1],478593]
[[899918876549,7068346835,-17331655,-191510,0,1],478775]
[[-47180777435,-2955016753,-43921131,-191544,-1,1],478861]
[[2249203,389339,-8403,-2801,0,1],478971]
[[19457901,2000376,-25125,-4083,-1,1],479199]
[[3002,3413,-96,-433,-1,1],479347]
[[-4696,2820,398,-236,-2,1],479380]
[[-172,-2215,-1385,-219,-2,1],479399]
[[-5973107,2613810,-62665,-6040,0,1],479425]
[[-6156207725,269432483,2263542,-47956,-1,1],479564]
[[-1475,3370,-409,-187,-2,1],479700]
[[-145581982,11918335,-40090,-8440,0,1],480025]
[[31353774927,556883683,-1286518,-48004,-1,1],480044]
[[8427,4589,-72,-136,-1,1],480128]
[[-2223284,444303,45691,-3003,-2,1],480193]
[[-1786,670,256,-85,-1,1],480236]
[[-296344443289,5943973025,-7357905,-192112,-1,1],480281]
[[152,260,-402,-114,0,1],480388]
[[1898,1219,-648,-177,-1,1],480439]
[[13023256576,219459856,-1737637,-36971,0,1],480623]
[[6613,3010,-140,-115,0,1],480625]
[[67666851,4134235,-63345,-5535,0,1],480725]
[[-49847,86039,487,-590,-1,1],480807]
[[163032912536,-4900773786,50911445,-192336,-1,1],480841]
[[3518864,200904,-74578,-3805,0,1],480952]
[[-3048543367,114348349,314233,-21376,-1,1],480969]
[[-21475441,1777975,70546,-5344,-1,1],480996]
[[58844360,20314646,-73731,-10533,0,1],481007]
[[185112,-111195,21735,-1384,-1,1],481079]
[[-29075,-27250,-7525,-625,0,1],481100]
[[1063,2295,580,-167,-1,1],481109]
[[-183734393,10084186,89857,-8451,-2,1],481148]
[[-1310316151307,9608576837,15147263,-192468,-1,1],481171]
[[286029,109728,-6212,-977,-1,1],481279]
[[22524524453,315010735,-21234559,-192516,-1,1],481291]
[[5841,9059,127,-195,-2,1],481351]
[[14165,28711,-3094,-573,-1,1],481351]
[[9907,4352,-12,-129,-2,1],481387]
[[-161723850908,-4976473968,-51476741,-192580,-1,1],481451]
[[4038,-9434,3060,-291,-2,1],481492]
[[10907885288,-2681482921,42892109,-192600,-1,1],481501]
[[-839193939392,9104126544,7746556,-192700,-1,1],481751]
[[1719,1876,-70,-93,0,1],481769]
[[-146289,318835,-11253,-1705,0,1],481833]
[[558957976,38845760,-401170,-18235,0,1],481925]
[[3191760531,54743688,-1893564,-32129,-2,1],481959]
[[109,-4,-93,-36,0,1],481975]
[[6369,2970,-132,-143,0,1],482031]
[[996181065,98227569,-1075349,-37081,0,1],482053]
[[-1021033048,269001796,1201284,-41327,-2,1],482167]
[[-16895885929,-1146848785,-25715223,-192912,-1,1],482281]
[[-515820444351,7123259239,-1408465,-192940,-1,1],482351]
[[-55432,207283,-5969,-1387,-2,1],482473]
[[-39013231,4067338,296297,-17027,-2,1],482477]
[[-12855,3796,403,-132,-2,1],482499]
[[-5248080,487696,9980,-1443,-1,1],482508]
[[-467650529,75711399,3532954,-48264,-1,1],482644]
[[658024,62460,-7930,-835,0,1],482700]
[[-54205874806,1562956431,3996847,-193084,-1,1],482711]
[[15872,4924,-226,-139,0,1],482743]
[[1015002,89187,-10261,-1023,0,1],482887]
[[7575568,690910,-22990,-2365,0,1],482900]
[[-131382,54135,-190,-615,0,1],483075]
[[-2762,1333,1081,-227,-2,1],483081]
[[-826138617,13619514,2117178,-32207,-2,1],483129]
[[-19713592,10403287,4128,-6567,-1,1],483173]
[[-305,-1098,-671,-122,0,1],483181]
[[32348,8224,-373,-183,-1,1],483428]
[[74283758,3689380,-139942,-6361,0,1],483436]
[[29163492680,2680133694,21990535,-193408,-1,1],483521]
[[275,550,-15,-48,0,1],483725]
[[-991276450279,9339144543,9621741,-193596,-1,1],483991]
[[-13421005989,308839783,2478510,-48408,-1,1],484084]
[[-469936177456,2257757824,31407824,-193636,-1,1],484091]
[[-53282199,2223020,123277,-5585,-2,1],484172]
[[6058,6959,-24,-175,-1,1],484223]
[[4689,2142,-78,-93,-1,1],484293]
[[-2478272425,125915087,2481582,-48468,-1,1],484684]
[[15971651,898660,-91045,-4585,0,1],484700]
[[6472,4180,-290,-173,-2,1],484713]
[[-42995,14210,441,-255,-2,1],484745]
[[-1312796,-578112,-75275,-3011,0,1],484771]
[[40558,21025,-1010,-379,-2,1],484781]
[[24,-226,264,-82,-2,1],484832]
[[3923,1439,-471,-141,-1,1],484895]
[[-21580673,-3879365,-241221,-5489,-2,1],485003]
[[900,970,41,-75,-1,1],485172]
[[-25181000912,6788509632,8966884,-194088,-1,1],485221]
[[-128,672,-170,-97,-2,1],485257]
[[572,564,12,-52,-1,1],485312]
[[7280,16260,-1754,-637,-2,1],485615]
[[1248,330,-280,-94,-2,1],485664]
[[3718,2451,-167,-139,-2,1],485731]
[[-33027126,10014427,1051355,-21588,-1,1],485739]
[[-2913,1297,554,-139,-1,1],485959]
[[-121246498799,-4194687365,-48505295,-194410,0,1],486025]
[[169,672,67,-67,-1,1],486307]
[[3360451975,120010275,-867925,-38920,-1,1],486505]
[[-15202960381,419909535,155726,-48664,-1,1],486644]
[[2441,1241,-33,-69,-1,1],486751]
[[-57317868,-8569440,-438210,-8115,0,1],486900]
[[-1785688647,-25823922,2685573,-32459,-2,1],486909]
[[88,556,46,-48,-2,1],486980]
[[1189,1128,-5,-67,-1,1],487109]
[[-1641497,-781872,180755,-7723,-2,1],487244]
[[485,1016,365,-137,-2,1],487377]
[[1444755,219852,-5766,-1147,0,1],487413]
[[-9682,4228,305,-143,-1,1],487508]
[[207350379,7492428,-219527,-8553,0,1],487521]
[[1341,-1986,924,-135,-1,1],487629]
[[226,192,-62,-49,0,1],487636]
[[1964624112,60935193,-544368,-22682,0,1],487663]
[[8,367,-136,-81,-1,1],487675]
[[75952127,-58376661,-3453086,-48772,-1,1],487724]
[[-163021,35709,1114,-378,-1,1],487784]
[[-2316277504,103250368,185370,-20906,-1,1],487816]
[[17414,7869,-284,-214,-2,1],487817]
[[-239,-723,-557,-133,-1,1],487843]
[[-4023,735,465,-104,-2,1],487911]
[[-1539,-1492,1333,-225,-2,1],487916]
[[-1353,2380,375,-139,-1,1],487981]
[[4320,504,-1110,-223,0,1],487981]
[[-8747,22987,385,-451,-2,1],488281]
[[15527,5248,-589,-202,0,1],488743]
[[-1121951789,39803149,222789,-12890,-1,1],488761]
[[-484,-2099,1497,-246,-1,1],488857]
[[-15946756,2446304,52704,-4173,-1,1],488884]
[[47215997612,-1343480592,-39367919,-195568,-1,1],488921]
[[-159123114064,5087667360,-12869980,-195592,-1,1],488981]
[[-540,-6256,3039,-367,-1,1],489016]
[[-890201549,-178787540,-10660745,-195610,0,1],489025]
[[-209945089,15118225,-3543,-9242,-1,1],489077]
[[1112569,173121,-3049,-877,-2,1],489151]
[[-199434,106571,-535,-746,-1,1],489203]
[[4737,2562,-756,-239,-1,1],489249]
[[243,1260,-465,-140,0,1],489325]
[[-1386490816,75601888,-79718,-20978,-1,1],489496]
[[26291236555,458140967,-1256141,-41963,-2,1],489587]
[[837429,541819,300,-1500,-1,1],489676]
[[2390166,-1251009,144864,-5001,-1,1],489843]
[[-66494,28879,2092,-588,-2,1],489896]
[[3110992,-264863,-73488,-3062,0,1],489920]
[[-215,14,379,-128,-2,1],489965]
[[776488,112716,-2626,-707,0,1],490052]
[[-433,117,122,-43,-1,1],490057]
[[-1222995667,51965991,936068,-24504,-1,1],490088]
[[-4739110,1277167,2592,-2429,-2,1],490171]
[[-3672943,494878,4101,-1499,-2,1],490196]
[[1755,3393,117,-142,-1,1],490321]
[[-23851932,2443606,88551,-10095,-1,1],490348]
[[-254,399,3,-48,-1,1],490391]
[[-124270746205,3716738577,-15953369,-196228,-1,1],490571]
[[-3235,1484,337,-123,-2,1],490612]
[[-712,524,150,-70,-2,1],490676]
[[2088747,571170,-7471,-1687,0,1],490676]
[[-105,-29,117,-40,-1,1],490747]
[[4066,1613,-125,-83,0,1],490861]
[[-1242594405,29271470,531283,-14729,-2,1],491020]
[[-1547624,189918,94999,-4008,-1,1],491029]
[[16263,5086,-588,-235,-2,1],491087]
[[210325,40000,-975,-400,0,1],491275]
[[-2350,506,420,-115,-1,1],491332]
[[686552,-86288,-39636,-2435,-2,1],491381]
[[638,2074,222,-113,-2,1],491404]
[[2792600668,-204668435,5001831,-42125,-2,1],491477]
[[-300174183,15252078,60866,-8139,-2,1],491567]
[[-3349400,331220,7174,-1133,-2,1],491567]
[[-4373,2585,213,-130,-1,1],491593]
[[-25002,10729,772,-258,-2,1],491667]
[[2474399,300576,-4646,-1111,0,1],491769]
[[330048,73726,-1719,-573,0,1],491825]
[[27272021,-7090387,563171,-12993,-1,1],491893]
[[-38,42,22,-18,-1,1],491904]
[[24700,9085,-283,-203,0,1],491915]
[[198725,40375,-3575,-650,0,1],492025]
[[229626704,11419546,-104703,-7872,-1,1],492025]
[[-2367,939,129,-63,-2,1],492111]
[[-305865,105576,10567,-1133,-2,1],492148]
[[-284,-960,-661,-136,-1,1],492187]
[[-1849000,287154,4051,-1066,-1,1],492373]
[[-299916,52341,1906,-521,-1,1],492569]
[[25550,-72350,39774,-2553,-2,1],492604]
[[-2751,1695,616,-184,-1,1],492636]
[[18756,8091,-158,-209,-1,1],492677]
[[373847,71607,-1276,-549,-1,1],492697]
[[50748263950,-2998916577,43505355,-197124,-1,1],492811]
[[-3473,3080,-330,-165,0,1],492875]
[[104306229,15534780,148407,-13754,-2,1],492909]
[[39,196,47,-37,-2,1],492948]
[[1855,1737,-196,-136,-1,1],493024]
[[-87083,9930,2584,-351,-2,1],493025]
[[151376,36110,-2045,-685,0,1],493225]
[[3356562923,-719552405,-25328011,-197412,-1,1],493531]
[[-16559,1318,1315,-203,-2,1],493644]
[[152561081664,-4787574624,51410420,-197580,-1,1],493951]
[[886068,111709,-7365,-1009,-2,1],494047]
[[45027,103177,5325,-918,-1,1],494173]
[[-98088378448,1136055192,16645700,-197692,-1,1],494231]
[[-69992,17824,1498,-412,-2,1],494428]
[[24300,9189,-1010,-313,-2,1],494483]
[[1306310703,146729227,-2512182,-49452,-1,1],494524]
[[-1112,3523,124,-125,-1,1],494659]
[[149678,41331,-1120,-709,-2,1],494681]
[[-2139,499,291,-79,-2,1],494761]
[[1731211184,46231595,-400507,-15228,-1,1],494923]
[[-231277677,9161348,248727,-9493,-1,1],495013]
[[195203700,-35257674,1472457,-19251,-1,1],495036]
[[-1811140,43051,27582,-1661,-1,1],495083]
[[-730912482,-87852915,-3114415,-33015,0,1],495225]
[[307,410,-11,-50,0,1],495253]
[[11861,4899,-116,-139,-1,1],495331]
[[219823928,-27869852,1157630,-16129,-1,1],495403]
[[-5541016,307684,28962,-1905,-1,1],495404]
[[-851,-1460,-805,-145,0,1],495500]
[[-118972709,66288994,1956939,-42479,-2,1],495607]
[[1213900,757815,10926,-2992,-2,1],495815]
[[-2479338437,252101475,555390,-49588,-1,1],495884]
[[2121854904,180465006,-257983,-198448,-1,1],496121]
[[-32190125,6186785,-43967,-6281,0,1],496199]
[[16153721,16886544,103259,-10048,-2,1],496199]
[[-1397,4582,-186,-183,-1,1],496289]
[[892,-9885,5227,-489,-2,1],496331]
[[4336806600,89771603,-801083,-22068,-1,1],496539]
[[-4712,1896,186,-97,-2,1],496643]
[[-163921,38779,1399,-456,-2,1],496661]
[[316153,-146095,22603,-1205,-2,1],496717]
[[1031,224,-307,-93,-1,1],496781]
[[-3117622082,7202185,2574574,-33119,-2,1],496809]
[[-490,395,76,-45,-2,1],496865]
[[-1743,1285,153,-123,-2,1],496913]
[[1904,692,-155,-68,0,1],497023]
[[-114,-758,-1030,-303,-1,1],497412]
[[613,-1568,801,-117,-2,1],497492]
[[2371,2173,48,-129,-1,1],497557]
[[-143099936,8280517,110905,-7418,-1,1],497651]
[[367236528,1977968,-664936,-13600,-1,1],497651]
[[205,118,-60,-39,-1,1],497773]
[[16410632,8755385,-361560,-11790,0,1],497800]
[[234650562677,287654325,-35307593,-199140,-1,1],497851]
[[24668309,234191,-1047487,-39828,-1,1],497855]
[[-58552,15514,4083,-687,-2,1],498113]
[[542742984,66396191,453720,-22991,-2,1],498173]
[[7440672899,94002699,-3328270,-49824,-1,1],498244]
[[15784,6650,-63,-168,-1,1],498331]
[[-22322240,1304976,47023,-3084,-1,1],498411]
[[-15246793,-6208606,-581017,-14997,-1,1],498443]
[[2725,1120,-176,-85,0,1],498511]
[[2748,14071,2830,-720,-2,1],498519]
[[-719,-302,550,-113,-2,1],498583]
[[58709560,2088126,-124200,-5227,-2,1],498728]
[[17425529,8431133,101351,-7980,-1,1],498775]
[[77926432,9663185,-203751,-9465,-2,1],498817]
[[111947,49558,64,-463,-2,1],499041]
[[4027372,525268,-2834,-1521,-2,1],499148]
[[-811148,467970,-3284,-1642,0,1],499168]
[[2925386,281018,-9766,-1275,-1,1],499228]
[[10881,5580,-93,-217,0,1],499348]
[[-35836,101711,-2418,-837,0,1],499441]
[[4341,4812,261,-167,-1,1],499617]
[[379715,128475,-2855,-2855,0,1],499625]
[[-1034,-1479,-714,-123,-1,1],499687]
[[115819,11990,-3487,-451,0,1],499961]
[[43020768,3934983,-141777,-6665,-2,1],499995]
