[[-85148,225152,2168,-1041,-1,1],500036]
[[147,-35,-272,-85,-1,1],500103]
[[-3082,3581,-540,-214,-2,1],500149]
[[3700039424,67426960,-1200480,-25010,0,1],500200]
[[919920,-3208,-32041,-1908,-2,1],500247]
[[158113238139,-4970635227,52970811,-200116,-1,1],500291]
[[10719,4380,-143,-148,0,1],500321]
[[-45568827,-13634109,33765035,-200148,-1,1],500371]
[[-59856189,-901957,412346,-10008,-1,1],500420]
[[752672201,44367410,-511245,-18935,0,1],500425]
[[2575,-2120,-2693,-547,-2,1],500492]
[[3597,-440,-935,-165,0,1],500500]
[[96733900,5517235,-53471,-4861,0,1],500683]
[[-1539,936,297,-97,-2,1],500716]
[[21055932,1855545,-20417,-3603,0,1],500817]
[[-2197001,-964815,-118555,-4585,0,1],501075]
[[5093,-8999,4136,-467,-1,1],501471]
[[3430,4177,612,-206,-2,1],501892]
[[2809795,370042,-3431,-1259,-2,1],501948]
[[-1008,444,238,-79,-1,1],501997]
[[-18542667289,517439619,763046,-50200,-1,1],502004]
[[-8,-83,-107,-37,0,1],502021]
[[5194812347,281663099,2068586,-50208,-1,1],502084]
[[7911,2877,-113,-104,-1,1],502303]
[[-100569018467,1980079677,5968405,-200956,-1,1],502391]
[[153757558,20252119,-29873,-9143,-2,1],502953]
[[-3800,5428,122,-157,-1,1],503212]
[[2825487,663642,-2239,-1857,-1,1],503255]
[[908742800,23568000,-380525,-12275,0,1],503275]
[[21960715043,515155463,-442890,-50328,-1,1],503284]
[[2880,1383,-654,-207,-1,1],503433]
[[290,550,-270,-95,0,1],503500]
[[-38852211423,-3523000525,-48799317,-201400,-1,1],503501]
[[45,-1212,885,-150,-2,1],503721]
[[-5141980,588292,7544,-1520,-1,1],503904]
[[-26444749145,-1706703831,-33520825,-201568,-1,1],503921]
[[-46981500876,-2532524015,-39918780,-201610,0,1],504025]
[[1852,1867,270,-116,-2,1],504073]
[[35698,-25030,5751,-451,-1,1],504104]
[[-5903,4432,442,-163,-2,1],504187]
[[-67117767,12108051,-15128,-8404,-1,1],504264]
[[-701,1807,641,-155,-2,1],504431]
[[3278,2080,-80,-95,0,1],504500]
[[-155,-10106,-4433,-467,-1,1],504587]
[[426981655120,1101020064,-37504176,-201852,-1,1],504631]
[[20501382308,357794519,-1187808,-37185,-1,1],504659]
[[-3,47,186,-59,-1,1],504847]
[[256,4824,478,-181,-2,1],504973]
[[-1371577,64060,25983,-1641,-2,1],505004]
[[-614014207,106743915,358584,-25252,-1,1],505048]
[[-16605,3240,837,-183,-1,1],505205]
[[368063,23064,-13454,-1085,0,1],505207]
[[5389472,0,-71126,-3355,0,1],505263]
[[133,-689,761,-203,-2,1],505285]
[[38832281,3354106,-66675,-6111,-2,1],505465]
[[-30568,-30340,-7710,-615,0,1],505525]
[[323824,54460,-1505,-460,0,1],505525]
[[2646062,449640,-2374,-1567,-2,1],506044]
[[1498853158144,10814767000,-15648643,-202440,-1,1],506101]
[[-21,-205,277,-82,-2,1],506231]
[[67321,34874,-1736,-599,-2,1],506297]
[[749836440,28686321,-715141,-23369,-2,1],506363]
[[1146060308,31759840,-668415,-20255,0,1],506375]
[[11923973,2582014,-6327,-3771,-2,1],506399]
[[12176,13203,-492,-279,-1,1],506429]
[[19884,5239,-352,-148,0,1],506504]
[[43530881,1420568,-103944,-4331,0,1],506727]
[[-2556795013,-574819431,-23978511,-202692,-1,1],506731]
[[188,-684,548,-108,-1,1],506744]
[[527,186,-155,-62,0,1],506819]
[[4284,1385,-260,-98,0,1],506848]
[[-2072916,1711210,-247355,-8110,0,1],506875]
[[-4738441802,62886873,1759353,-28984,-1,1],507227]
[[191399261024,-826125816,-41360884,-202948,-1,1],507371]
[[159260867,11474657,-52715,-7132,-1,1],507373]
[[-4791465657,-37574281,4830486,-50740,-1,1],507404]
[[503808579,66385251,-46260,-16521,-1,1],507443]
[[-81288,13512,1562,-300,-1,1],507676]
[[92137580896,-3946742792,50000364,-203088,-1,1],507721]
[[-6524,2931,294,-156,-2,1],507757]
[[-215747,83300,1666,-651,-2,1],507773]
[[-485,-1226,-966,-231,0,1],507811]
[[-709857,680760,-138165,-5490,0,1],507825]
[[1332,4885,-60,-190,0,1],507825]
[[-716,355,213,-101,-2,1],507965]
[[9884,-47600,14707,-1009,-2,1],507997]
[[52826080793,-2787940029,43634855,-203236,-1,1],508091]
[[38554317,3357006,-72607,-8542,0,1],508249]
[[-1147,751,71,-74,-1,1],508599]
[[937849,159685,-1855,-835,0,1],508825]
[[8553,6141,-837,-268,-1,1],508923]
[[-18006,68281,750,-819,-2,1],508937]
[[3733688079,362905583,875418,-50896,-1,1],508964]
[[-44246099705,-2619446499,-43022455,-203608,-1,1],509021]
[[-3230,42538,282,-426,-1,1],509056]
[[-101867490,5021685,67692,-4915,-1,1],509095]
[[39968,-9040,-5490,-515,0,1],509175]
[[11856,12166,-5575,-951,-1,1],509283]
[[340924375,15529875,-92545,-8729,-2,1],509285]
[[-1550,1106,30,-100,-1,1],509344]
[[440468,103710,-6590,-1015,0,1],509400]
[[197,632,351,-207,-1,1],509495]
[[-492551987392,9945133112,6563532,-203836,-1,1],509591]
[[24,-135,-155,-45,0,1],509625]
[[34409200,688120,-163700,-5824,-2,1],509740]
[[12894936183,-1316094171,30523291,-203896,-1,1],509741]
[[-10459,2422,533,-137,-1,1],509823]
[[-28688656272,482365216,12379425,-203944,-1,1],509861]
[[34312,10556,-452,-234,-2,1],509888]
[[-68,-140,225,-65,-2,1],509929]
[[1381144158000,10777240800,-13422700,-203992,-1,1],509981]
[[-1421842928,116012512,-950929,-40812,-1,1],510155]
[[164,1199,-28,-119,-2,1],510309]
[[26608380416,-3209581904,47821860,-204192,-1,1],510481]
[[-53433540472,1150471539,7699109,-204220,-1,1],510551]
[[-20482692,1106178,154791,-5891,-1,1],510588]
[[22986316,2369991,-5120,-3619,-2,1],510673]
[[263,410,69,-81,-1,1],510917]
[[-4717,1555,172,-79,-1,1],510957]
[[-1443251,382050,2993,-1271,-2,1],511060]
[[-3613,857,372,-100,-1,1],511072]
[[-786731760,48930852,-183477,-19881,-1,1],511236]
[[302802635,15366325,-113854,-10226,-1,1],511320]
[[-92441628130,3505340841,-21546107,-204616,-1,1],511541]
[[729165112,-38396116,-2467462,-30091,0,1],511547]
[[976,1606,121,-95,-1,1],511549]
[[-84,-276,342,-89,-1,1],511668]
[[2938,1247,-337,-125,0,1],511771]
[[-19515,-9832,4593,-433,-2,1],511844]
[[216711038507,-5993437995,57690019,-204792,-1,1],511981]
[[-7776,24435,-1329,-445,-2,1],512017]
[[122,224,-130,-71,-2,1],512028]
[[-110619,-92785,-20485,-1205,0,1],512125]
[[47550383500,-3637240400,49512825,-204852,-1,1],512131]
[[-68613907,5431848,10265,-5109,-2,1],512171]
[[2946,613,-440,-126,-2,1],512199]
[[-732,18483,-3355,-549,0,1],512217]
[[1473,1030,-1,-76,-2,1],512307]
[[5792056672,173749308,-213747,-29280,-1,1],512407]
[[-832,728,52,-58,-1,1],512811]
[[1892220,294070,-7745,-1572,-2,1],512825]
[[1963439624,159441724,2215412,-43955,-2,1],512827]
[[-37555894087,-2525032119,-44377925,-205168,-1,1],512921]
[[1024,-716,-789,-150,-1,1],513053]
[[-70026,224785,-12155,-1485,0,1],513425]
[[32574,36295,-6283,-793,0,1],513559]
[[-24437641245,477921547,2013798,-51372,-1,1],513724]
[[1226043167192,9370359258,-17532255,-205536,-1,1],513841]
[[-6481625,1386310,43055,-3364,-2,1],513855]
[[881624,376860,-131330,-5710,0,1],513900]
[[-11396,38864,-1911,-646,-1,1],513989]
[[677813025888,4952874843,-26789211,-205596,-1,1],513991]
[[-296,-22,167,-48,-1,1],514051]
[[-54026216,13547326,-260480,-12851,-2,1],514104]
[[1492991476717,10667918353,-16927497,-205680,-1,1],514201]
[[51062,38357,-363,-407,0,1],514305]
[[-67784078352,-3573259874,-48011367,-205792,-1,1],514481]
[[18,-210,309,-81,-1,1],514584]
[[-46,-383,360,-78,-2,1],514600]
[[4285072,155620,-34889,-2008,0,1],514801]
[[1608239552,46170264,-286337,-13861,-1,1],514852]
[[8059864501,183636376,-569121,-27101,0,1],514919]
[[64831200,3483776,-47673,-4003,-1,1],515032]
[[546097829216,8140384616,2514132,-206076,-1,1],515191]
[[11774,5075,-105,-165,0,1],515375]
[[11338,5633,145,-165,-2,1],515377]
[[254407237880,-29978682,-39849259,-206152,-1,1],515381]
[[7252576,-2668976,284128,-8591,-2,1],515556]
[[-11676571300,276235585,977587,-41248,-1,1],515605]
[[3803,3741,491,-184,-1,1],515701]
[[881,631,-46,-59,-1,1],515727]
[[-692617,142230,-431,-862,0,1],515907]
[[-24355303,2453248,24113,-3257,-2,1],515945]
[[19,96,17,-22,-2,1],515993]
[[-1019604,10268,196124,-9507,-1,1],516116]
[[-7173,1939,498,-136,-1,1],516164]
[[-3646283338,197050075,1887611,-41304,-1,1],516305]
[[40016,-15128,-14091,-1708,0,1],516365]
[[362,700,-20,-55,0,1],516500]
[[22,345,-250,-103,-2,1],516529]
[[498792,-3264588,330608,-8608,-2,1],516576]
[[14914159291,-1551119325,33220611,-206724,-1,1],516811]
[[1904,2204,24,-379,-2,1],516824]
[[5549,3550,-161,-171,0,1],516853]
[[1224087714,-16931100,-1951697,-25845,-1,1],516908]
[[3483,-3969,1375,-159,-2,1],516997]
[[-17472,5824,392,-163,-1,1],517153]
[[7241,5035,-16,-143,-1,1],517257]
[[-11816518400,156237600,17433812,-207052,-1,1],517631]
[[126324,27435,-1330,-385,0,1],517675]
[[961353533025,10600107249,-8761193,-207120,-1,1],517801]
[[235671828130,-6290420281,59181155,-207144,-1,1],517861]
[[44176,12056,-616,-253,0,1],517924]
[[-348932,54244,2577,-521,-1,1],518012]
[[19440,55188,7188,-902,-2,1],518064]
[[324,537,-73,-69,0,1],518121]
[[248259120,5578664,-3142092,-41452,-1,1],518155]
[[287013874501,2321042760,-23736995,-207310,0,1],518275]
[[1089,594,-111,-78,-2,1],518517]
[[8507,4785,-535,-190,0,1],518525]
[[3376,14688,-932,-334,-1,1],518639]
[[8003966255,334680085,-1049859,-41496,-1,1],518705]
[[-784,-1232,1286,-206,-1,1],518856]
[[-15887959,-225496,171525,-5461,-2,1],518947]
[[1474913,242095,-1785,-1257,-2,1],519157]
[[6053977193,386708762,-399410,-39941,0,1],519233]
[[4489325743,36473895,-4300334,-51936,-1,1],519364]
[[96,184,-120,-66,-1,1],519391]
[[3019253,-1210719,138661,-4240,-1,1],519449]
[[-462274,258185,-12340,-1622,-2,1],519552]
[[-282,280,98,-97,-1,1],519628]
[[-17917,-17958,-5125,-451,0,1],519716]
[[-6603590,1832819,10179,-2820,-1,1],519851]
[[-1793,1030,127,-73,-2,1],519868]
[[719150,-561564,-356553,-9577,-1,1],519916]
[[26427247,3968800,-9922,-4059,0,1],520003]
[[1069200,-297000,-84975,-3575,0,1],520025]
[[1446380394976,10092333185,-19136920,-208010,0,1],520025]
[[1554903372176,11379395060,-15496745,-208010,0,1],520025]
[[40096,12192,-1274,-456,-2,1],520036]
[[3128391,289468,-19791,-1783,-1,1],520319]
[[-142336,-181232,58215,-3872,-1,1],520469]
[[1213726191,38524104,-303681,-14461,0,1],520596]
[[-6948,-543,1289,-187,-2,1],520603]
[[-76,420,-4,-49,0,1],520748]
[[4579703954,74520533,-1616207,-29764,-1,1],520877]
[[-10337,192,1296,-199,-2,1],520889]
[[3235,-996,-1478,-243,-2,1],521057]
[[-11232,6660,-240,-240,0,1],521100]
[[-826,1246,122,-77,-2,1],521108]
[[747,-1537,938,-180,-1,1],521356]
[[2543,418,-1475,-310,-2,1],521397]
[[23125,15875,575,-310,-2,1],521397]
[[193285128,9713289,-101288,-6906,0,1],521403]
[[1478034,173440,-3794,-813,0,1],521404]
[[625,879,-182,-111,-1,1],521491]
[[72128,17978,-394,-269,-2,1],521532]
[[-9583,9583,476,-233,-1,1],521563]
[[1304,1900,-90,-111,-1,1],521572]
[[-501,1286,451,-152,-2,1],521573]
[[-3424,5060,-720,-260,0,1],521600]
[[-26950129731,1988136603,-27187929,-208656,-1,1],521641]
[[-688386104,7075918,1898795,-29808,-1,1],521647]
[[3468656,432592,-6022,-1610,-1,1],521672]
[[-90909510704,-3843607512,-49106263,-208696,-1,1],521741]
[[2038716,603450,26280,-2897,-2,1],521748]
[[-5003,2058,274,-121,-2,1],521857]
[[-8197388737,113566147,3613098,-52212,-1,1],522124]
[[729,-1431,788,-125,-1,1],522157]
[[-389775,-758150,96275,-3249,-1,1],522225]
[[27810667450,505708905,-1280497,-44771,-2,1],522347]
[[-265875449665,10927684419,2653797,-208960,-1,1],522401]
[[978026,103070,-12488,-1183,-1,1],522404]
[[2286800,165480,-44332,-3876,-1,1],522433]
[[1388340118292,9956822400,-18667665,-209044,-1,1],522611]
[[11701,7704,-3,-184,-2,1],522637]
[[26,1349,-2157,-637,-2,1],522691]
[[66707,19097,-816,-415,-1,1],522691]
[[-13615,3789,291,-121,-1,1],522787]
[[34704,12444,-1482,-345,-1,1],522819]
[[5687,2252,-432,-183,0,1],523019]
[[-2531165112,94586144,512634,-22418,-1,1],523096]
[[2348892,229284,-21692,-1732,-1,1],523128]
[[-447390,26999533,-105718,-12013,-1,1],523441]
[[4598,2106,-50,-93,-1,1],523532]
[[-246168,-115894,30187,-1649,-2,1],523607]
[[7440,3488,-60,-140,-1,1],523739]
[[24240,-30393,8004,-611,-2,1],523773]
[[4478123728,136913459,-457820,-24179,-2,1],523913]
[[-9752036489,108404067,4149478,-52392,-1,1],523924]
[[10262,-12251,-5992,-653,-1,1],524007]
[[-5397,451,1525,-241,-1,1],524051]
[[-848612,489214,-46878,-3005,0,1],524072]
[[607680,91152,-2532,-633,0,1],524124]
[[-873,-2588,-2281,-544,-2,1],524241]
[[27256,-37652,-11210,-828,-2,1],524356]
[[-2368052,-158415,64783,-2731,-2,1],524449]
[[-375,686,-195,-107,-2,1],524452]
[[261330218896,-942976075,-45169165,-209796,-1,1],524491]
[[373276,80935,-2595,-735,0,1],524675]
[[-1946901,751410,-6105,-2035,0,1],524700]
[[-398921128,-51617792,-1869702,-22490,-1,1],524776]
[[557122897584,2026987184,-37743688,-209920,-1,1],524801]
[[-27000,5949,1242,-237,-2,1],524817]
[[908089,96463,-7458,-921,-1,1],524927]
[[-2251,5069,81,-169,-2,1],525001]
[[-10985,4966,286,-143,-2,1],525109]
[[4911931029,112313735,-525125,-21005,0,1],525125]
[[-1664,742,144,-62,-2,1],525152]
[[60990437,-14180054,968540,-16583,-2,1],525179]
[[-180469721536,498512536,34077636,-210096,-1,1],525241]
[[6471,4341,280,-175,-1,1],525259]
[[12276,13222,-110,-231,0,1],525448]
[[1267,788,-102,-81,-1,1],525493]
[[-23568063345,468075591,2375730,-52560,-1,1],525604]
[[1863472,-272544,-89447,-3562,-2,1],525631]
[[97404,34073,-566,-495,-2,1],525632]
[[-179,205,4,-38,-1,1],525652]
[[258226093,3950260,-461865,-11265,0,1],525700]
[[-200320,54256,1256,-599,-2,1],525767]
[[430189,73242,-1494,-577,-2,1],525767]
[[-2970270,-856917,154796,-5008,-2,1],526008]
[[642096,74808,-11652,-1170,-2,1],526008]
[[211508,41184,-1878,-513,-2,1],526132]
[[-84116,42215,-1868,-977,-1,1],526167]
[[-19965,11979,-363,-484,0,1],526383]
[[1498001756928,11366915200,-14698512,-210580,-1,1],526451]
[[-72785013963,-3191957203,-44748679,-210780,-1,1],526951]
[[301716891,16052652,-283759,-11582,0,1],526981]
[[-570800781024,11154374168,5523180,-210808,-1,1],527021]
[[77924124464,-4070208480,51901028,-210808,-1,1],527021]
[[1013063,250256,-489,-1093,-2,1],527092]
[[6732074,1046172,-23413,-2641,-1,1],527156]
[[-339,1135,434,-141,-1,1],527157]
[[2042200,357408,-71964,-4083,-1,1],527239]
[[49888125,7048650,-210615,-13392,-2,1],527373]
[[841,841,-18,-69,-1,1],527393]
[[-20530807173,595983459,274562,-52800,-1,1],528004]
[[94452289,24628162,-360172,-16673,-2,1],528029]
[[-21,43,27,-66,-1,1],528073]
[[-4490413176,-319183640,-7023730,-52810,0,1],528100]
[[-25762413,1639814,44571,-3167,-2,1],528100]
[[3349,-4938,1779,-205,-1,1],528119]
[[170,-74,-246,-75,-1,1],528148]
[[17,-83,-161,-70,-1,1],528507]
[[-616331,550993,4348,-1610,-1,1],528748]
[[4885,3942,-328,-181,-2,1],528803]
[[3578,1395,-142,-82,0,1],528992]
[[450,1290,762,-180,-1,1],529056]
[[1419,-589,-967,-178,-1,1],529115]
[[24208384,4530176,-1370856,-26464,-1,1],529288]
[[-2997,9315,-369,-234,0,1],529353]
[[884133,274290,-7546,-1391,-2,1],529399]
[[336,1168,-258,-131,0,1],529428]
[[833,-30,-365,-95,0,1],529625]
[[12316476,-4885961,429822,-9312,-2,1],529711]
[[-37599371,5334029,-44925,-8476,-1,1],529775]
[[-15332,-19140,-5165,-440,0,1],529825]
[[-383,273,52,-45,-1,1],529839]
[[86205439448,-2801092322,-50513023,-211972,-1,1],529931]
[[-1467,695,89,-54,-1,1],530161]
[[-9861049,842014,12033,-1803,-1,1],530441]
[[-44163,-48610,-12604,-951,-1,1],530441]
[[-1807,-1606,1091,-159,-1,1],530503]
[[417897067799,468135260,-42548105,-212210,0,1],530525]
[[10742,3903,-453,-177,-2,1],530653]
[[861294,160799,-202,-883,-1,1],530671]
[[201,-772,549,-106,-2,1],530749]
[[-2261,-3476,-1546,-207,0,1],530779]
[[-46971,2753,6581,-774,-1,1],530783]
[[238399,149985,-1805,-835,0,1],530825]
[[-944,560,84,-58,-1,1],530983]
[[-207,715,61,-76,-1,1],531153]
[[678,410,-70,-55,0,1],531500]
[[-57722515291,-3157199453,-48759361,-212644,-1,1],531611]
[[-2589136921,78913366,934635,-24551,-2,1],531973]
[[352,612,150,-69,-2,1],532159]
[[1376,358,-245,-82,-1,1],532207]
[[-20527,11564,2346,-1159,-1,1],532301]
[[-239696608,49952928,-48404,-24202,0,1],532444]
[[18429948133,-1546987395,33587009,-212980,-1,1],532451]
[[9352,3300,-272,-133,0,1],532453]
[[336,328,-44,-48,0,1],532556]
[[-32476,6871,869,-212,-1,1],532603]
[[-1157756337,139792095,111279,-23676,-1,1],532719]
[[4552,8061,303,-225,-2,1],532747]
[[-34030993,6002761,63931,-7348,-1,1],532759]
[[41876,24816,44,-451,-2,1],532828]
[[-622249,254763,773,-1104,-1,1],532873]
[[9329551,1981425,-4555,-4555,0,1],532935]
[[-151,686,-190,-101,-2,1],533007]
[[1303,-2189,985,-134,-2,1],533019]
[[-31283,14898,-229,-412,-2,1],533093]
[[21933,7374,-190,-189,-1,1],533167]
[[675,485,-32,-48,-1,1],533376]
[[21892575,2925890,1991,-3792,-2,1],533475]
[[-140887449,5429703,125682,-5928,-1,1],533556]
[[4154194773,66824551,-1435836,-26688,-1,1],533768]
[[-553821486516,10608320616,8051981,-213580,-1,1],533951]
[[-152,484,-54,-105,-2,1],534076]
[[20241,24446,-779,-401,-2,1],534116]
[[77549,-40675,7505,-510,-1,1],534281]
[[-29103,6295,643,-171,-2,1],534487]
[[3751,3418,-271,-144,0,1],534493]
[[6153,5020,253,-241,-1,1],534637]
[[-456032673,17582598,302775,-11254,-2,1],534641]
[[-820512496,35098176,1035092,-42772,-1,1],534655]
[[-37647961605,671357699,1454558,-53476,-1,1],534764]
[[832842,128064,-1809,-713,-1,1],534804]
[[-166614220403,-5441877343,-57609841,-213924,-1,1],534811]
[[-2587255434,102276197,371914,-24683,-2,1],534833]
[[-439,-1859,-1405,-260,-1,1],534843]
[[293976,49635,-1395,-435,0,1],534975]
[[-17067799,2075482,45095,-4321,-1,1],535091]
[[1456820,83664,-15570,-1216,-1,1],535216]
[[8881009,-24214688,-2745182,-35681,-2,1],535239]
[[-9767,7660,79,-214,-2,1],535271]
[[-587262975556,3074409440,33769941,-214140,-1,1],535351]
[[131439,21725,-2167,-407,0,1],535403]
[[-2575,-7664,4667,-477,-1,1],535469]
[[5312,2216,-387,-141,-1,1],535492]
[[-8731,2625,951,-205,-1,1],535531]
[[-232,420,48,-48,-2,1],535600]
[[-34518474,192787389,3364265,-214284,-1,1],535711]
[[5787,3045,-119,-160,-1,1],535713]
[[-58340840704,-2373381216,47188948,-214300,-1,1],535751]
[[11235611808,-913515272,-30817548,-214308,-1,1],535771]
[[43301,10310,-545,-210,0,1],535825]
[[-20988412160,412624640,1123152,-42868,-1,1],535855]
[[-9457,2737,522,-165,-1,1],535891]
[[415270765,25179016,-51182,-10373,-2,1],536021]
[[-622325215051,11354694915,5296085,-214416,-1,1],536041]
[[-272807721616,-858999270,46035201,-214416,-1,1],536041]
[[-16931,34101,1571,-601,-1,1],536083]
[[-484191,138741,2299,-877,-2,1],536137]
[[175,261,31,-57,-2,1],536281]
[[-24756146921,580041327,708370,-53664,-1,1],536644]
[[700,-875,-2100,-750,0,1],536725]
[[-2781,6250,187,-163,-2,1],536836]
[[-513753,104722,1417,-706,-2,1],536983]
[[5779944,727886,-5143,-1959,-1,1],537017]
[[-215148,58931,222,-676,-2,1],537053]
[[9520,7444,487,-212,-2,1],537213]
[[-45869355401,620341659,2750894,-53728,-1,1],537284]
[[-676,-1340,-755,-135,0,1],537325]
[[941868,112185,-4815,-765,0,1],537525]
[[-373,-2,314,-101,-2,1],537529]
[[1058112,301704,-9196,-1448,-1,1],537683]
[[2360,2616,122,-110,-2,1],537772]
[[-1063,4099,51,-138,-1,1],537817]
[[-2717140392,121383384,225112,-24827,-2,1],537953]
[[77824,5184,-4595,-565,-1,1],537977]
[[49784374628,21515736,-26319009,-215200,-1,1],538001]
[[-23603536,2761924,-13079,-4510,0,1],538043]
[[-137,-416,-378,-113,-2,1],538189]
[[-4581,1657,157,-82,-1,1],538227]
[[-131594,20023,3336,-543,-1,1],538285]
[[-1023377,117258,4291,-699,-2,1],538439]
[[5952,524,-796,-157,0,1],538519]
[[-233574,42488,2286,-463,-2,1],538532]
[[46429319,22254303,-5189,-9434,-1,1],538547]
[[-7833,2765,887,-207,-2,1],538587]
[[336,4728,416,-172,-2,1],538656]
[[2273143872,63369760,-952828,-23940,-1,1],538659]
[[5012915,710916,-3541,-1736,-2,1],538837]
[[-344797433,394536739,1465982,-53896,-1,1],538964]
[[3343724,458460,-3032,-1684,-1,1],539008]
[[-2478654,212019,11645,-1171,-2,1],539027]
[[-16807,6321,791,-225,-1,1],539123]
[[24970,10846,-2156,-385,0,1],539132]
[[-44203600,9468893,-194149,-15407,-2,1],539301]
[[-190727729609,-1875568597,49337085,-215728,-1,1],539321]
[[-1960,1113,100,-85,-1,1],539381]
[[4928,29392,-2420,-517,0,1],539407]
[[528,-264,-580,-136,-2,1],539484]
[[783,737,-208,-231,-1,1],539551]
[[-89945241904,-3886628512,-52628716,-215868,-1,1],539671]
[[-70291,23455,531,-312,-1,1],539671]
[[-2297817316,-183884597,-4849159,-43180,-1,1],539755]
[[-18089951,-6378240,-589655,-16610,0,1],539825]
[[-2350,855,143,-61,-2,1],539837]
[[10878121,1245424,-163,-2524,-2,1],539847]
[[-5414909360,516304096,157367,-46283,-2,1],539987]
[[-5637,3905,-47,-165,-2,1],539989]
[[-792737176,-113096940,-4482830,-54010,0,1],540100]
[[62269478,4534805,-92266,-5685,-1,1],540113]
[[80,49,-112,-67,0,1],540139]
[[-1108969475099,7081937005,27598575,-216120,-1,1],540301]
[[19794859139,516057719,-1340202,-54040,-1,1],540404]
[[175637,34210,-1166,-385,0,1],540419]
[[121,-385,-387,-86,0,1],540549]
[[-47136,12488,520,-246,-1,1],540639]
[[351,180,-93,-45,0,1],540756]
[[-575455,-331086,165905,-7891,-1,1],540793]
[[-559,177,167,-57,-1,1],540823]
[[-12831121193,448380460,-30910,-46365,0,1],540925]
[[9183906800,217865515,-1311275,-43276,-1,1],540955]
[[9480494860,123107015,-3086463,-43288,-1,1],541105]
[[679295071,11518147,-588175,-13444,0,1],541121]
[[10504,5268,-130,-146,0,1],541204]
[[20697501329,-3044605935,48219093,-216520,-1,1],541301]
[[53,-420,449,-106,-2,1],541417]
[[-6763,8138,44,-203,-2,1],541539]
[[-76,55752,2235,-588,-2,1],541541]
[[197,59,-237,-100,-1,1],541567]
[[-1656,892,202,-76,-2,1],541588]
[[3550656,1570418,56543,-5284,-1,1],541651]
[[-2049,-10324,6725,-597,-2,1],541692]
[[476705017834,848446383,-42974069,-216712,-1,1],541781]
[[21179817,-672273,-223770,-6483,-1,1],541827]
[[268919793,11095098,-84840,-6483,-1,1],541827]
[[11169799423,254754272,-1250430,-41681,0,1],541853]
[[9633,2314,-969,-213,-1,1],542009]
[[104,196,-2,-32,0,1],542084]
[[-1268,474,275,-98,-2,1],542233]
[[17300,3625,-4275,-775,0,1],542425]
[[40716365992,-298965446,-26971161,-216984,-1,1],542461]
[[207,296,28,-67,-2,1],542477]
[[-1106193775,110056185,2670167,-46517,-2,1],542717]
[[-310690924220,1758388292,36629561,-217128,-1,1],542821]
[[716,570,-71,-61,-1,1],543196]
[[5414850,581022,-12606,-1719,0,1],543204]
[[-766,1034,-174,-103,-1,1],543316]
[[-97,212,62,-41,-1,1],543361]
[[-14592686345,513059503,-152142,-54336,-1,1],543364]
[[-35496857,1852314,85527,-4567,-2,1],543491]
[[1488633,272350,-1999,-1255,-2,1],543571]
[[-658499130,10421091,2188992,-36240,-2,1],543624]
[[76106359,6447768,8011,-5721,-2,1],543647]
[[2660615000,176175750,1639965,-43500,-1,1],543755]
[[-9245,2064,511,-123,-2,1],543772]
[[1173,584,-76,-53,0,1],543817]
[[-19,325,12,-38,-1,1],544132]
[[-5756,5904,949,-241,-1,1],544171]
[[523600,65000,-3700,-600,0,1],544300]
[[2415546,380417,-3056,-1226,-2,1],544577]
[[-129362496,16233150,-76802,-10473,0,1],544596]
[[-33816,7606,569,-180,-1,1],545013]
[[1509390,63297,-24886,-1623,0,1],545328]
[[-155704,-18506,9903,-738,-1,1],545351]
[[1692703092477,12281444435,-16863799,-218160,-1,1],545401]
[[-5211803133,477745543,-807198,-54540,-1,1],545404]
[[30142,45785,-3270,-649,-1,1],545687]
[[-14844665,1619324,55662,-3823,-2,1],545741]
[[-51,68,34,-23,-2,1],545921]
[[4701,2794,-93,-111,0,1],546052]
[[-37453,45912,-6179,-849,-1,1],546127]
[[204032,13760,-5560,-590,0,1],546200]
[[12564,4272,-327,-171,-2,1],546201]
[[1998,889,-132,-82,-2,1],546283]
[[-934460753152,5717840312,30644972,-218580,-1,1],546451]
[[-98386885,-2640312,540911,-11425,-1,1],546787]
[[43512817,746310,-311875,-11723,-2,1],547148]
[[-1468013,253801,4348,-1061,-1,1],547231]
[[85493822928,-3965004664,51706164,-218908,-1,1],547271]
[[15852208,980260,-126329,-8032,-2,1],547289]
[[662414799,47277406,-302327,-16342,0,1],547457]
[[-33157806419,-2365319393,-45616117,-218992,-1,1],547481]
[[937382375286,10505992309,-3788707,-219000,-1,1],547501]
[[5863676,739385,-3620,-1810,0,1],547525]
[[20353,7342,-234,-173,0,1],547529]
[[-105955334838,-4435682001,-55263893,-219040,-1,1],547601]
[[-846,785,68,-60,-2,1],547712]
[[161930484594,-5542383569,59316975,-219124,-1,1],547811]
[[-81014413,7147051,7306,-6088,-1,1],547956]
[[25632,-18816,4578,-384,-1,1],547956]
[[176925,125875,-525,-725,0,1],548025]
[[35,127,53,-37,-1,1],548197]
[[1027,419,-107,-53,0,1],548225]
[[-100497,129176,-4579,-964,0,1],548275]
[[85056437,5962938,-144784,-7225,-2,1],548279]
[[440664195,19510033,-150690,-10071,-1,1],548483]
[[-671,-1415,-793,-135,0,1],548513]
[[416457,92335,-135,-690,0,1],548575]
[[-8899593,5610395,43894,-6096,-1,1],548676]
[[1040975100,52460100,-1637485,-43900,-1,1],548755]
[[-667,361,227,-74,-1,1],548793]
[[-232334169,11568822,94055,-7099,-2,1],548931]
[[-13959,21582,-495,-363,0,1],548988]
[[-828155205621,9732136335,592921,-219600,-1,1],549001]
[[243357047,-59430781,3579506,-54900,-1,1],549004]
[[392811663424,1931689560,-34149355,-219610,0,1],549025]
[[-8488,2463,786,-168,-2,1],549061]
[[1276,5910,-220,-185,0,1],549100]
[[3895,2039,-9,-93,-2,1],549329]
[[39032,59860,-410,-615,0,1],549400]
[[1355,795,-83,-73,0,1],549405]
[[-13365,-13932,-4509,-474,-2,1],549441]
[[-32,-953,706,-126,-2,1],549472]
[[-51264678997,-2375059091,47629013,-219792,-1,1],549481]
[[570,164,-210,-83,-1,1],549556]
[[-36998121301,2371611037,-30624325,-219844,-1,1],549611]
[[-8,9,195,-55,-2,1],549619]
[[279651,13635,-8745,-835,0,1],549675]
[[-5546310561,-138025565,6445578,-54996,-1,1],549964]
[[-2582,1030,117,-65,-1,1],549992]
[[291798,-201384,39976,-2073,-2,1],550220]
[[272,130,-125,-61,-2,1],550233]
[[-7287036777,257755311,3478806,-55044,-1,1],550444]
[[8005398431,430594727,1277030,-55044,-1,1],550444]
[[-7255130037,348009379,-2135878,-55048,-1,1],550484]
[[-23,-116,125,-31,-2,1],550548]
[[10876,6296,-139,-158,0,1],550553]
[[2071595,758368,8453,-3769,-1,1],550573]
[[-187144,43761,1180,-433,-1,1],550583]
[[1824965,234981,-2893,-973,-1,1],550591]
[[2172,1684,-177,-132,-1,1],550777]
[[-843689947981,5274953203,31885571,-220356,-1,1],550891]
[[-3479,2752,117,-141,-1,1],550943]
[[4497867,274167,-69038,-3348,-1,1],550964]
[[65176177,40480549,761713,-36737,-2,1],551079]
[[-162805708,22989148,-344215,-16956,-1,1],551083]
[[292492351887,6570936133,14483197,-220444,-1,1],551111]
[[-78054036895,-2275684421,49985627,-220492,-1,1],551231]
[[71799630579,-776186007,-43727609,-220512,-1,1],551281]
[[-307680,52964,5996,-885,-2,1],551304]
[[67228283,8630280,-7991,-15982,0,1],551379]
[[-84267,-121149,-30774,-1795,-1,1],551417]
[[-537645353420,2988579507,35891685,-220600,-1,1],551501]
[[-108,123,78,-42,-2,1],551520]
[[4809002247,326803562,-848620,-42431,0,1],551603]
[[3159,-4698,2106,-251,-2,1],551673]
[[-6921,2235,258,-108,-1,1],551916]
[[-585,358,255,-81,-1,1],551941]
[[1,17,32,-51,-1,1],552019]
[[-512372,438545,-53635,-3155,0,1],552125]
[[363,198,-141,-70,0,1],552267]
[[1716452559643,11652623543,-20396491,-220980,-1,1],552451]
[[1836,1082,-17,-68,-2,1],552523]
[[-534,819,-81,-95,-2,1],552609]
[[-39205520,-7781480,-458140,-8844,-1,1],552775]
[[3630329,-1207182,122164,-3855,-1,1],552781]
[[-88253,39820,-594,-473,0,1],552893]
[[7055732,568757,-39315,-2621,0,1],553031]
[[-78063,9766,3445,-433,-2,1],553172]
[[697,594,11,-51,-2,1],553172]
[[17593,9650,111,-202,-2,1],553579]
[[-298638,37085,3280,-478,-2,1],553619]
[[2815,13511,828,-301,-1,1],553619]
[[-12,1667,-850,-209,0,1],553621]
[[69300,13500,-2525,-475,0,1],553825]
[[86802928,-7505024,-742691,-13632,-2,1],553865]
[[288486085,8278586,-426479,-11867,-2,1],553868]
[[849856,173440,-7588,-1626,0,1],553924]
[[22355087,1282734,-52315,-3303,-2,1],554156]
[[-400192,331752,-10788,-1984,-1,1],554279]
[[-941381737,-98256943,-3098045,-32611,0,1],554387]
[[-1364,524,110,-51,-1,1],554476]
[[170499045,56963084,205504,-17513,-2,1],554629]
[[572583,92842,-6473,-1035,-2,1],554652]
[[106353,10521,-7279,-863,-2,1],554785]
[[-59488571,4048840,35268,-4559,-2,1],554873]
[[-1074886,240739,103677,-4559,-2,1],554873]
[[922913420,42976054,-311641,-15202,0,1],554873]
[[-45186317,19309466,-324984,-13541,0,1],555181]
[[-1116970,225898,4538,-1857,-1,1],555212]
[[-419,2006,-47,-126,-2,1],555359]
[[-125757952,87203328,-105520,-27768,-1,1],555368]
[[3005025,1214558,-166197,-6407,-2,1],555412]
[[469749488,231139560,10264180,-222168,-1,1],555421]
[[-4048401,536854,7429,-1572,-2,1],555537]
[[-78000184,3690574,80785,-4796,-1,1],555583]
[[-10611,4419,161,-168,-1,1],555661]
[[600,-500,-1950,-675,0,1],555700]
[[36,90,-114,-57,0,1],555768]
[[303336,43868,-3146,-539,0,1],555929]
[[-6559553252,300225511,521431,-37067,-2,1],556029]
[[-16289856,-501696,162816,-5056,-1,1],556204]
[[38368,1672,-3190,-396,0,1],556204]
[[764,330,-137,-70,-2,1],556309]
[[-4973,2508,296,-169,-2,1],556333]
[[502578,83361,-3198,-719,-1,1],556347]
[[125213056,12291640,-198015,-10557,-2,1],556357]
[[410079879,21921372,-89639,-9273,0,1],556380]
[[14547,10283,-251,-233,-2,1],556543]
[[-23475252987,1618844329,-20999139,-222684,-1,1],556711]
[[-832,1664,-468,-165,0,1],556777]
[[9,614,113,-60,-2,1],556789]
[[-7,-219,-324,-87,-1,1],556927]
[[-952122054619,4999793759,35359693,-222808,-1,1],557021]
[[2964,1862,-133,-152,0,1],557023]
[[-680434,52016,23112,-1611,-1,1],557084]
[[50940161305,-2755537423,45169749,-222840,-1,1],557101]
[[515084,49126,-6600,-761,-2,1],557108]
[[23,161,18,-42,-1,1],557152]
[[10669345,3583499,79128,-5572,-1,1],557240]
[[36,-232,231,-52,-2,1],557377]
[[-40,-343,-368,-98,0,1],557383]
[[-1741,2543,114,-105,-1,1],557473]
[[-2961,6551,301,-177,-2,1],557713]
[[-8613,4553,193,-156,-1,1],557757]
[[87472,35997,-1420,-497,0,1],557776]
[[120417,44198,-451,-902,0,1],557887]
[[390501,54729,-2781,-555,-2,1],557887]
[[-275157,3240,9999,-822,-2,1],557989]
[[1298578031,401271583,-937514,-55804,-1,1],558044]
[[-430907067,-41627776,-1400321,-17361,-1,1],558045]
[[-7163,4771,285,-147,-2,1],558181]
[[-23,105,281,-133,-2,1],558181]
[[-17036743985,481542465,879731,-44656,-1,1],558205]
[[-1953,742,182,-73,-2,1],558243]
[[-2,-50,-82,-37,-1,1],558252]
[[-75,-345,-443,-147,0,1],558381]
[[7951,2526,-262,-125,-2,1],558397]
[[40925,11426,-383,-220,0,1],558499]
[[1703652877130,13031047503,-15706173,-223416,-1,1],558541]
[[281880,-110835,-26190,-1413,-1,1],558675]
[[-320690071,-79795803,-3166097,-33862,0,1],558723]
[[17,477,26,-55,-1,1],558775]
[[-10983848912,1301321040,-34832580,-223572,-1,1],558931]
[[314551615,12758146,-194208,-9581,-2,1],558985]
[[325832143,17078240,-33415,-8793,-1,1],559009]
[[4571,3032,35,-129,-1,1],559111]
[[-2259496,-766938,-79297,-2771,-2,1],559141]
[[-149,-64,300,-81,-2,1],559225]
[[676500,214225,-4100,-1230,0,1],559240]
[[-117266500,-25022867,-1208747,-18041,0,1],559271]
[[-1728,1664,75,-179,-2,1],559277]
[[12691381,1168280,-29059,-3249,-1,1],559361]
[[215934215,11743715,-93979,-7457,-2,1],559395]
[[65826993,-10107015,-2434617,-37301,-2,1],559539]
[[1680197847344,12121064400,-18756820,-223828,-1,1],559571]
[[-152,305,-40,-50,0,1],559625]
[[9129,3761,-69,-130,-1,1],559699]
[[-77230421,15971769,42095,-8956,-1,1],559775]
[[-7464,-25191,-7464,-622,0,1],559800]
[[7046,3511,-78,-128,0,1],560053]
[[-1872,828,120,-59,-2,1],560088]
[[25344,5736,-1144,-246,0,1],560328]
[[1329,2456,653,-177,-1,1],560377]
[[69543450944,480371254,-25173213,-224160,-1,1],560401]
[[518,8903,233,-203,-2,1],560637]
[[1082250,131875,-9250,-1075,0,1],560825]
[[1508144473,38699133,-560857,-16742,0,1],560857]
[[222552,32596,-3934,-562,0,1],560876]
[[-462320402899,8292180403,-8144573,-224368,-1,1],560921]
[[-2475,7500,-425,-225,0,1],560925]
[[-146084368,8296707,131953,-8976,-1,1],561025]
[[-13623359,1043645,15803,-2028,-1,1],561037]
[[-1879014557072,13274519232,17549988,-224424,-1,1],561061]
[[-446576,169510,-4030,-1285,0,1],561100]
[[125052176,4029060,-166520,-6335,0,1],561100]
[[-248260857840,-6801235352,-64604308,-224476,-1,1],561191]
[[-2728,4914,-391,-198,-1,1],561193]
[[2013434,187995,-8909,-1057,0,1],561267]
[[2553395105,148438636,-1728040,-43201,0,1],561613]
[[293326,62635,-4845,-785,0,1],561725]
[[1385567402765,9664921461,-24110353,-224700,-1,1],561751]
[[-8762,3216,202,-117,-1,1],561796]
[[19,203,248,-195,-1,1],561797]
[[27873,19319,80,-367,-1,1],562001]
[[-7953131339,162966335,780067,-25943,-2,1],562133]
[[56554042,-1432715,-385173,-9309,-2,1],562217]
[[7631,1576,-815,-186,0,1],562247]
[[8682,3613,-72,-126,-2,1],562297]
[[111,74,-259,-95,-1,1],562363]
[[-46561907,-8450715,-493015,-9815,0,1],562475]
[[1015,910,28,-59,-2,1],562485]
[[1246707467,-10688171,-1807529,-25000,-1,1],562509]
[[2293,-571,-819,-147,0,1],562531]
[[223926966,7925673,-163783,-7121,0,1],562559]
[[-9574,5333,-149,-191,0,1],562577]
[[-503,391,25,-44,-1,1],562711]
[[394298376399,1601882760,-37255705,-225110,0,1],562775]
[[-164288,-89392,-16459,-1057,0,1],562777]
[[1647717939,-253741309,7046306,-56280,-1,1],562804]
[[2960995914,-486906995,-30460955,-225136,-1,1],562841]
[[62987,198664,-2715,-1226,-2,1],562991]
[[-2606979,1799449,31771,-3436,-1,1],563101]
[[1404,2152,7,-141,-2,1],563121]
[[-610068847,27163000,169905,-12077,-2,1],563668]
[[-2108,8718,501,-216,-2,1],563833]
[[639884,215070,-3859,-1339,-1,1],563996]
[[-1561,-1376,969,-140,-2,1],564031]
[[15255202252,566880244,-448031,-48347,-2,1],564067]
[[-23128,8920,164,-207,-1,1],564109]
[[-34639574905,604682239,1873290,-56424,-1,1],564244]
[[847968,179685,-4840,-990,0,1],564300]
[[2608,895,-262,-104,-2,1],564311]
[[208,451,-166,-92,-2,1],564455]
[[-2003995451,91992876,306869,-19925,-2,1],564587]
[[1719508,-1988,-40554,-2435,-1,1],564652]
[[-107,69,147,-81,-1,1],564667]
[[5479,3290,-703,-194,0,1],564821]
[[-1984,2112,548,-163,-2,1],564847]
[[290350,7320277,1548593,-26069,-2,1],564863]
[[2502170190,77456401,-911435,-25108,-1,1],564939]
[[-39602815,4448547,-11581,-5318,-2,1],565037]
[[-656,1680,31,-87,-1,1],565300]
[[-222432,-105920,-17212,-993,0,1],565348]
[[-299652,20351,15679,-1177,-2,1],565373]
[[443,735,-365,-365,0,1],565525]
[[-5044951413,-345091317,-7510690,-56556,-1,1],565564]
[[14592795,1410764,-12764,-2553,-2,1],565627]
[[929926393229,5682638551,-32196855,-226260,-1,1],565651]
[[2797,1792,-273,-125,0,1],565909]
[[-19128,4459,530,-148,-2,1],565983]
[[3628726899,75174367,-1139585,-25156,-1,1],566019]
[[-738270,124559,2470,-849,-1,1],566091]
[[-9,100,-3,-28,-2,1],566161]
[[821993,127510,-2165,-715,0,1],566300]
[[-464729374768,2940232096,31652723,-226576,-1,1],566441]
[[-2788365,-846641,-80171,-2643,0,1],566483]
[[-16311032,2701482,-43007,-4624,-1,1],566489]
[[-3052203,365801,308967,-10645,-1,1],566711]
[[60011,-238482,64749,-4383,-1,1],566711]
[[-1425600,-544500,-65175,-2475,0,1],566775]
[[-538199288875,2273812455,38943689,-226812,-1,1],567031]
[[57207332463,840964811,-2086722,-56704,-1,1],567044]
[[26328672880,-1272622578,-37048263,-226872,-1,1],567181]
[[25472609,1929619,-92791,-7202,-1,1],567189]
[[39637792,5276056,-124616,-8102,-2,1],567252]
[[17689,6384,-1868,-379,-2,1],567259]
[[-6816115,-2502545,-275015,-9076,-1,1],567275]
[[188316897599,-2005657490,-52302755,-226910,0,1],567275]
[[-508285,80494,3720,-693,-2,1],567307]
[[-145674,19159,3803,-508,-1,1],567331]
[[122316599183,-4841357667,58253547,-226932,-1,1],567331]
[[787032,104310,-6785,-965,0,1],567475]
[[1043129687,-102283065,3200683,-32428,-1,1],567497]
[[-1054552,304446,2045,-1123,-1,1],567563]
[[2263743,92469,-28709,-1876,-1,1],567611]
[[55,74,-15,-36,-2,1],567649]
[[-531500,104176,4911,-792,-2,1],567703]
[[-8937391162,240204293,411993,-32440,-1,1],567707]
[[5333,1778,-206,-95,0,1],567763]
[[12034,6677,-759,-275,0,1],567963]
[[-5,-58,-121,-49,-2,1],567972]
[[31428,32676,-288,-512,-1,1],568032]
[[-747,304,109,-45,-2,1],568044]
[[63613367,1133744,-186155,-6005,0,1],568073]
[[30865495,6663504,229909,-9568,-2,1],568195]
[[14751,9921,-1250,-446,-1,1],568292]
[[4941828,596949,-28058,-3453,-2,1],568507]
[[-3963144,1806107,11664,-3223,-2,1],568511]
[[1680982,204593,-10743,-1473,-2,1],568529]
[[-1063295655,73290447,79600,-18952,-1,1],568572]
[[573222,1300897,50349,-3877,-2,1],568711]
[[202965024,23887144,-1943524,-32500,-1,1],568757]
[[10400,7020,-637,-243,-2,1],568789]
[[-246215416,11925944,292406,-10608,-1,1],568996]
[[-23343012,3017124,-3609,-4812,0,1],569019]
[[4215211,593893,-1065,-1622,-2,1],569039]
[[437,544,-162,-101,0,1],569119]
[[-1325,1022,276,-159,-2,1],569179]
[[-1615596,110639,15996,-1255,-2,1],569191]
[[-8420,-10946,-4210,-421,0,1],569192]
[[972,1520,125,-142,-1,1],569251]
[[-231,493,86,-105,-1,1],569275]
[[400065449,9048457,-399968,-11018,-1,1],569284]
[[1143,4563,433,-174,-2,1],569341]
[[127413,230724,627,-964,-2,1],569491]
[[-1233426541300,7871068765,29090111,-227800,-1,1],569501]
[[-530518815,7682607,915048,-18984,-1,1],569532]
[[153,-6,-128,-45,0,1],569673]
[[4020324,681835,-5280,-1760,0,1],569800]
[[198020926896,-1605475856,-50096904,-227920,-1,1],569801]
[[-16115501,4494010,-43255,-5535,0,1],569900]
[[10225,4976,13,-141,-2,1],570028]
[[152740218,10453039,-110092,-12345,-1,1],570067]
[[1713257,-81209,-57605,-3372,0,1],570149]
[[254561,10811,-11176,-1140,-1,1],570200]
[[35366,-28922,7058,-539,-1,1],570276]
[[4171,2203,-23,-94,-2,1],570281]
[[-2795344,23828,70976,-3167,-2,1],570348]
[[1478,-4141,-2046,-252,0,1],570541]
[[-1448685,219699,3726,-1164,-1,1],570556]
[[1680,388,-397,-118,-2,1],570573]
[[-18261,4780,551,-165,-1,1],570789]
[[249,-219,-305,-75,0,1],570861]
[[895400,89716,-8322,-966,-2,1],570884]
[[1868,1066,-13,-68,-2,1],570967]
[[59324,10817,-2550,-478,-2,1],571076]
[[-126030035792,-4737895736,-57522300,-228444,-1,1],571111]
[[1353343,180910,-4840,-1015,0,1],571175]
[[22301400,852500,-272800,-8525,0,1],571175]
[[-29385860485,541700171,2581842,-57120,-1,1],571204]
[[-62113682,2210068,122990,-5039,-2,1],571268]
[[-15120,4592,420,-170,-1,1],571333]
[[-43,150,-95,-55,0,1],571500]
[[-835761044,247048203,-982999,-228604,-1,1],571511]
[[-29412114,-478435,280733,-9144,-1,1],571525]
[[1548,1446,31,-87,-1,1],571636]
[[-116808,21509,2026,-401,-2,1],571637]
[[5859,2925,-33,-119,-2,1],571669]
[[1383661519,327783097,-73685,-38111,-2,1],571689]
[[-296984625,14663118,197559,-9527,-2,1],571716]
[[144,424,-60,-60,-1,1],571853]
[[-2000,820,364,-110,-2,1],571856]
[[13,34,4,-13,-2,1],572131]
[[-14321,6054,761,-203,-2,1],572132]
[[1752336,211864,-7907,-1146,-2,1],572139]
[[6608,-498,-1284,-219,-2,1],572312]
[[2443459804,179477956,5724,-28620,-1,1],572408]
[[21317898582,424199635,-1422885,-49065,0,1],572425]
[[-42008,31156,-1736,-896,-2,1],572484]
[[-508252905955,2223644083,38633717,-229008,-1,1],572521]
[[-838981433,-165626613,6251962,-57252,-1,1],572524]
[[598737395,-124019456,-4668346,-44041,0,1],572533]
[[183,132,-54,-43,-2,1],572589]
[[-2723868,-1657380,-229391,-7206,0,1],572877]
[[7045890184,-347262130,-22525681,-229152,-1,1],572881]
[[1018,-154,-444,-105,-1,1],573004]
[[-31479412876,-2345970577,-50037067,-229212,-1,1],573031]
[[675424400,27482750,-286550,-13025,0,1],573100]
[[2414,1810,21,-89,-1,1],573224]
[[853296819,167162735,-2797626,-57328,-1,1],573284]
[[-168532,96231,2269,-708,-1,1],573287]
[[21046981,1776382,-36022,-3249,-1,1],573287]
[[-294781708,-59586425,-2224439,-25480,-1,1],573309]
[[3897629913,150491829,-659943,-38219,-2,1],573309]
[[9011092431,-62975425,-6239506,-57348,-1,1],573484]
[[652,929,105,-135,-2,1],573493]
[[83111,29450,-1395,-465,0,1],573500]
[[-27443,-18440,-4285,-365,0,1],573700]
[[25036,10945,-83,-215,-2,1],573837]
[[-17970831,1164372,36336,-2807,-2,1],573951]
[[6536998724,126618885,-969380,-25510,0,1],573975]
[[318680,65534,-961,-527,0,1],574027]
[[26864592,-6927161,-739974,-15163,-1,1],574043]
[[-33668595,9121986,441,-6623,-2,1],574132]
[[446251905629,7730152731,10960525,-229780,-1,1],574451]
[[-14638851,2918526,-55025,-6603,0,1],574461]
[[-1339010850049,11896604707,10735041,-229872,-1,1],574681]
[[122991,28556,-649,-341,0,1],574772]
[[-23437900,-4637298,-297637,-6488,0,1],574999]
[[-9,25,21,-31,-2,1],575189]
[[828991,141929,-8630,-1106,-1,1],575328]
[[104733790328,-2363501914,-53009625,-230176,-1,1],575441]
[[3145,729,-535,-154,-1,1],575497]
[[-1045737,278739,119592,-5797,-1,1],575599]
[[24959913835,236164859,-4882818,-57580,-1,1],575804]
[[-9212,15656,238,-260,-1,1],575856]
[[5368,2216,-228,-135,-2,1],575857]
[[3012825,400435,-7376,-1852,-1,1],575928]
[[-17223,3902,604,-153,-2,1],576319]
[[-150,2771,112,-105,-2,1],576467]
[[-1112,1224,-48,-181,-1,1],576637]
[[477,3462,1905,-462,-2,1],576999]
[[-587346,70183,5910,-741,-1,1],577247]
[[359867763790,11205956943,-9536517,-230908,-1,1],577271]
[[-120374,7659,4205,-466,-1,1],577379]
[[-37,73,73,-31,-2,1],577449]
[[-3389836032,50448160,1442564,-25668,-1,1],577539]
[[445683564765,13058577909,-4692069,-231136,-1,1],577841]
[[1225173080,-526171214,-22493853,-231180,-1,1],577951]
[[-4,-57,-151,-65,-2,1],578101]
[[3179,-3893,1517,-198,-1,1],578203]
[[-99881075,4888205,51450,-4321,-1,1],578305]
[[43703,67559,-4798,-840,-1,1],578348]
[[992,-2285,-1362,-203,-1,1],578383]
[[117534599,15392910,-6805,-13610,0,1],578425]
[[1463,-814,-803,-143,0,1],578468]
[[1656,2630,179,-128,-1,1],578791]
[[-8804736,784365,26817,-2289,-2,1],578817]
[[24080351,1712939,-33091,-3170,-2,1],578817]
[[-14130312,477620,65218,-3046,-2,1],579044]
[[-20439211,1360289,84884,-5186,-1,1],579148]
[[-210136,18472,6280,-649,-1,1],579303]
[[-46070174,-13208945,1068404,-18293,-2,1],579329]
[[16,-15,-295,-85,0,1],579375]
[[-1698923116,45565241,771774,-21925,-1,1],579457]
[[19299512055,195709891,-4682554,-57952,-1,1],579524]
[[137516435,4572752,-237719,-8013,0,1],579607]
[[-725033,185969,322,-1610,-1,1],579744]
[[2492,1368,-38,-85,-1,1],579748]
[[24585040,33011904,-2704677,-46392,-1,1],579905]
[[104921667872,-4297154166,56067729,-231972,-1,1],579931]
[[-336,-1368,-876,-148,0,1],579996]
[[1079551,-287646,-87599,-3514,0,1],580061]
[[-87280,19988,938,-303,-1,1],580109]
[[9831,1424,-936,-199,-2,1],580211]
[[-1175,917,501,-138,-2,1],580231]
[[-7759976,-72206,112234,-4145,-2,1],580524]
[[-347896,67299,1738,-547,-2,1],580672]
[[-307,-506,1025,-177,-1,1],580711]
[[-6070878882,-1025496627,-46071515,-232332,-1,1],580831]
[[112333,48162,101,-467,-2,1],580987]
[[-2007028991,-416385795,-23776607,-232420,-1,1],581051]
[[10577743,461835,-70015,-3740,0,1],581075]
[[-418181143,15430992,135463,-8014,-2,1],581131]
[[1453660,993732,-22140,-2787,-1,1],581372]
[[1128975188,36500628,-211759,-12240,-1,1],581419]
[[-140838894,9603593,277580,-13093,-1,1],581501]
[[42737018000,-3028960440,50758644,-232624,-1,1],581561]
[[-80,-488,-404,-99,-2,1],581596]
[[918878875,39273292,-579844,-26843,-2,1],581633]
[[-1516,440,273,-75,-2,1],581773]
[[270894383551,-1853148415,-54617395,-232910,0,1],582275]
[[-4450,2695,94,-121,-1,1],582327]
[[1754074312587,13502763423,-14982183,-233004,-1,1],582511]
[[277050136384,-7458451448,69023012,-233028,-1,1],582571]
[[33132,-10915,-6460,-590,0,1],582700]
[[26929,9420,-2726,-445,-2,1],582703]
[[-160495431497,-5343812629,-59740557,-233088,-1,1],582721]
[[-473,1045,-385,-220,0,1],582725]
[[3217632,294635,-10285,-1265,0,1],582725]
[[135,31,-118,-57,-1,1],582831]
[[466651,175699,-7183,-1177,-2,1],582839]
[[50087839,4687530,4663,-6016,-2,1],582955]
[[2836080,705384,-404,-1818,0,1],582972]
[[123266065,7139392,-145877,-8581,0,1],583508]
[[-252,189,42,-29,-2,1],583632]
[[-800,1610,321,-168,-1,1],583757]
[[-234,323,128,-59,-1,1],583909]
[[-2650372895,129352366,1988566,-38939,-2,1],584109]
[[-433,383,55,-46,-1,1],584253]
[[1711033124849,13672708557,-16430263,-233716,-1,1],584291]
[[-21,-194,-273,-82,-2,1],584507]
[[18538,5781,-165,-151,-2,1],584509]
[[-14190,-17237,12947,-1932,-1,1],584551]
[[-61216179456,-3858678784,-54219040,-233904,-1,1],584761]
[[4,85,-73,-47,-2,1],584809]
[[-7672458901,280971255,655070,-58488,-1,1],584884]
[[141303,209689,277,-1008,-2,1],584937]
[[267136857567,-7327223259,68734141,-234028,-1,1],585071]
[[342815,-16531,-24661,-2168,0,1],585089]
[[-29435,21443,-999,-544,-2,1],585167]
[[954864457,45885560,-648085,-22840,0,1],585275]
[[-13035,2778,801,-182,-2,1],585297]
[[-880684991,42080185,592803,-18485,-2,1],585409]
[[1881797,-854830,-193215,-5855,0,1],585500]
[[165233955,6908900,-99535,-5855,0,1],585500]
[[-40963591805,760424703,1124206,-58552,-1,1],585524]
[[-156747768442,-5463968815,-62137611,-234216,-1,1],585541]
[[324,-777,460,-79,-2,1],585601]
[[9896,4432,-504,-197,0,1],585617]
[[53508362747,681026667,-3326458,-58564,-1,1],585644]
[[140704,52794,-41,-508,-1,1],585683]
[[27525896,6355295,44970,-6288,-2,1],585719]
[[-79200,40500,-2400,-600,0,1],585900]
[[-27964589,7006183,15253,-5579,-2,1],585963]
[[968,748,-218,-122,0,1],586364]
[[-441785453,21148846,65815,-9773,-2,1],586476]
[[-25202853,2803962,-16189,-4136,-2,1],586591]
[[41234028,3114166,-40501,-4812,0,1],586663]
[[11154,4191,-682,-264,0,1],586839]
[[962863756513,11761323555,-2183123,-234744,-1,1],586861]
[[-22452,14952,-1383,-389,-1,1],586872]
[[355353,33232,-7502,-837,0,1],586985]
[[95777997,10321600,-916042,-19353,0,1],587041]
[[-2817549,279797,6500,-1048,-1,1],587104]
[[794745,625791,66093,-4697,-2,1],587325]
[[-4513879,-1938106,-180756,-5021,0,1],587457]
[[1,-16,47,-28,-2,1],587493]
[[-464,1688,556,-143,-2,1],587548]
[[-19575,6395,561,-203,-2,1],587659]
[[391077900,-36530271,-2071665,-26124,-1,1],587799]
[[-13032,-24435,-6697,-543,0,1],588069]
[[30021182,2642404,-3294,-3527,-2,1],588100]
[[304729904,15543168,-140479,-9524,0,1],588107]
[[-4966400,1321280,-2594,-2777,-2,1],588137]
[[-3157,1122,207,-75,-2,1],588269]
[[-3165013624,-650985115,-35767120,-235310,0,1],588275]
[[-3583,-1397,1655,-242,-2,1],588307]
[[2343,1452,-87,-89,-1,1],588357]
[[16761,9666,-60,-211,0,1],588447]
[[94808,31914,509,-444,-1,1],588467]
[[2543,2251,19,-97,-2,1],588545]
[[4484,2434,1,-103,-1,1],588572]
[[-36424,21460,-870,-435,0,1],588700]
[[-7448,2100,306,-105,-1,1],588748]
[[-88741369101,-4034050790,-54285055,-235510,0,1],588775]
[[-380254842648,9524413606,16651575,-235524,-1,1],588811]
[[-1544,-2220,-970,-143,0,1],588872]
[[14371126547,259597589,-12554943,-235552,-1,1],588881]
[[85,464,-38,-71,0,1],588907]
[[-784532319,-93620418,-3465756,-39263,-2,1],588969]
[[-967,9,1877,-393,-1,1],588976]
[[-9813,6776,-467,-232,0,1],589003]
[[-38411,35706,-2164,-541,0,1],589149]
[[987,-1983,1137,-167,-1,1],589248]
[[-8614932,8494145,-18605,-6407,-2,1],589397]
[[8758880,-2021280,-311614,-8422,0,1],589540]
[[-40487347,-7611828,-423657,-8130,-2,1],589541]
[[-197075194152,-655444226,49229909,-235888,-1,1],589721]
[[149057,19910,-6935,-890,0,1],589825]
[[17566815,1791227,-13133,-2855,0,1],589843]
[[-37300306913,535789191,3611314,-59008,-1,1],590084]
[[-648,394,49,-43,-1,1],590103]
[[-2074457,214582,7193,-995,-2,1],590108]
[[-387,780,-124,-81,0,1],590163]
[[6,-9,-110,-51,0,1],590301]
[[1600,-2440,1015,-134,-2,1],590405]
[[-6900,2228,241,-99,-2,1],590431]
[[699257208,-82680360,3139308,-39371,-2,1],590589]
[[-2080,2731,-426,-239,-1,1],590833]
[[3675665,857407,27494,-2929,-1,1],590863]
[[-7943,856,1007,-185,-2,1],590900]
[[13185,3935,-343,-150,-1,1],590915]
[[1990976692176,14396597704,-16973836,-236404,-1,1],591011]
[[19216,7448,-340,-184,0,1],591092]
[[3013,766,-360,-103,0,1],591139]
[[3035312,297332,-6888,-1107,0,1],591220]
[[-37899631,6168223,-130072,-8232,-1,1],591236]
[[43829,10389,-689,-226,0,1],591309]
[[-409784,52473,3820,-587,-1,1],591437]
[[-1864,1217,118,-78,-2,1],591508]
[[20424,17392,672,-601,-1,1],591697]
[[66419461392,-2818397536,-53923996,-236716,-1,1],591791]
[[-3028710375,49864725,1465155,-26304,-1,1],591849]
[[-13652417,1738011,47350,-6576,-1,1],591876]
[[42707331,9235107,-18414,-6576,-1,1],591876]
[[-6349,2596,259,-123,-2,1],591916]
[[3920499,525360,-6655,-1485,0,1],592075]
[[-6400,2500,354,-125,-1,1],592439]
[[-1058,697,92,-86,-2,1],592444]
[[64086723,6833586,-38463,-6111,-2,1],592452]
[[-7768,4116,378,-144,-2,1],592468]
[[65,-26,-101,-38,0,1],592657]
[[-1493,706,161,-76,-2,1],592783]
[[430484011,49062699,175973,-18719,-2,1],592819]
[[30,170,202,-75,-1,1],592820]
[[2453,2760,118,-115,-2,1],592957]
[[505653,40175,-7648,-780,-1,1],593104]
[[-4546161,407304,97195,-4215,-1,1],593167]
[[611755187051,4502177093,-36140851,-237300,-1,1],593251]
[[-2604537,904423,7505,-2028,-1,1],593307]
[[25989570339,552448723,-2420762,-59332,-1,1],593324]
[[-900,585,70,-71,-1,1],593435]
[[-53292673,6044100,-65818,-6673,-2,1],593459]
[[16805441729,135233145,-28319959,-237384,-1,1],593461]
[[2225171530704,14878060570,-19776453,-237412,-1,1],593531]
[[100993,61815,5384,-880,-1,1],593588]
[[16789952,3612736,848,-4240,-1,1],593656]
[[-1264,-864,884,-140,-2,1],593924]
[[-1024,180,938,-219,-1,1],594001]
[[4903,-4497,1423,-159,-2,1],594041]
[[3744,1440,-162,-85,0,1],594072]
[[-571,12390,233,-225,-2,1],594396]
[[81130222512,-3489023352,49510876,-237804,-1,1],594511]
[[121584816,-26710312,1537900,-26424,-1,1],594549]
[[-213088557614,5993127081,-22428727,-237844,-1,1],594611]
[[23578250,-22830115,1238937,-18300,-1,1],594763]
[[781820,78358,-13431,-1248,-2,1],594767]
[[59445634,1609460,-145392,-5385,-2,1],594868]
[[5488,1648,-332,-124,-2,1],595172]
[[-11095668,504801,52013,-2758,-1,1],595211]
[[164,816,22,-57,-1,1],595300]
[[-318762384,38248552,156063,-14883,-1,1],595336]
[[-564356,128843,15288,-1369,-1,1],595361]
[[100,-436,387,-93,-2,1],595529]
[[1226148508,72137299,-262039,-18324,-1,1],595543]
[[3248440197,-96272638,-5357330,-51053,-2,1],595637]
[[1013,1159,-5993,-687,-2,1],595661]
[[2450359,1550605,-60437,-6806,-2,1],595665]
[[-1539,1170,112,-71,-2,1],595793]
[[256,2464,112,-102,-2,1],596396]
[[-8608720729,490809479,2695746,-59640,-1,1],596404]
[[-7943271092,182573424,628249,-26508,-1,1],596439]
[[-78785981692,-3166687796,57427265,-238584,-1,1],596461]
[[99021,-100229,18769,-1060,-1,1],596475]
[[-2049184,400999,16240,-1743,-2,1],596641]
[[133240800,18763976,383505,-18985,-1,1],596684]
[[4440196864,138864640,-705172,-27122,0,1],596684]
[[-567379379,34752956,26425,-12785,-2,1],596708]
[[-4053662592,-656853100,26666409,-238732,-1,1],596831]
[[26877,26173,-12721,-1177,-2,1],596897]
[[-616,1584,-32,-109,-1,1],596981]
[[279336,81748,-2149,-663,-1,1],597060]
[[-284,-201,478,-141,-2,1],597184]
[[991,1720,79,-93,-2,1],597212]
[[-262343161916,-7339997847,-69836433,-238920,-1,1],597301]
[[-477,775,-51,-82,-1,1],597349]
[[679824,86260,-4730,-735,0,1],597475]
[[25455574283,731432743,-1123270,-59748,-1,1],597484]
[[2429899,510788,-17773,-2523,-1,1],597773]
[[154,423,231,-85,-2,1],597859]
[[-4241548,252569,32399,-2028,-1,1],597917]
[[193475,83250,-3200,-725,0,1],598025]
[[144,-732,-1280,-223,0,1],598204]
[[-2963971,254413,10169,-1130,-2,1],598477]
[[772,-340,-450,-95,0,1],598500]
[[93032935,21445351,-3758982,-59856,-1,1],598564]
[[484485889248,400339560,-50234596,-239440,-1,1],598601]
[[8224,6610,-4255,-535,0,1],598775]
[[-1707172667575,10380192275,30108217,-239524,-1,1],598811]
[[-4241,3099,305,-187,-2,1],598819]
[[788456448,50989588,-85553,-19743,0,1],598871]
[[-121923872,7780916,55510,-5891,-1,1],598959]
[[35827875,7325775,-177310,-11980,-1,1],599020]
[[-258153390,29002029,-287185,-21458,-1,1],599047]
[[4148,-6046,2257,-258,-2,1],599159]
[[16400,548784,25168,-5992,-1,1],599240]
[[-19251,-24241,-7499,-675,-1,1],599247]
[[-297856187,-164060133,-5018804,-44157,-1,1],599279]
[[-1685684007216,13727852863,13113581,-239736,-1,1],599341]
[[137185273280,-5457651888,62858884,-239736,-1,1],599341]
[[636577171415,1315500753,-49217883,-239736,-1,1],599341]
[[1143275,399591,20574,-2647,-1,1],599447]
[[2423,1890,-37,-115,-2,1],599551]
[[-2234,273,500,-106,-2,1],599609]
[[-784,3024,-452,-188,-1,1],599713]
[[1558954,267375,-5497,-1291,-2,1],599935]
[[-81897034,92218131,16726355,-239976,-1,1],599941]
