[[492139,215752,-7783,-1267,0,1],600196]
[[157,-10,-411,-117,-2,1],600236]
[[863,1411,-111,-203,-2,1],600253]
[[6281,3091,-187,-121,0,1],600325]
[[-89207258488,-4127438649,-57466555,-240144,-1,1],600361]
[[-26936,18868,7586,-761,-2,1],600404]
[[-297672,69391,2720,-609,-1,1],600435]
[[14355116,-2942522,202059,-4887,-1,1],600452]
[[614599,263860,-930,-1085,0,1],600475]
[[-11881125457,394325355,312314,-60060,-1,1],600604]
[[150293171,7458043,-68014,-5851,-1,1],600629]
[[178,169,-28,-44,-2,1],600704]
[[42095872,-22829376,1874368,-26700,-1,1],600759]
[[27,-391,440,-113,-1,1],600811]
[[550287,125914,-2966,-867,-2,1],600849]
[[-2075,1730,93,-90,-2,1],600901]
[[-315,4155,-1219,-291,-1,1],600935]
[[-361971249,42495610,-520845,-26710,0,1],600975]
[[-9708,3767,571,-203,-2,1],600997]
[[-15260959,4019987,75237,-7756,-1,1],601121]
[[-188440,138516,-2792,-1072,-2,1],601216]
[[555298,80430,-3552,-699,-2,1],601276]
[[3675564,524196,-5310,-1465,-1,1],601676]
[[-683,426,197,-71,-2,1],601708]
[[31325,42402,-573,-474,-2,1],601757]
[[-33763,10620,593,-233,-2,1],601801]
[[258428427124,6224106188,19671105,-240772,-1,1],601931]
[[-43787,-12251,7709,-761,-2,1],602003]
[[-1157888781,168011215,-4021654,-60204,-1,1],602044]
[[25,100,55,-29,-2,1],602100]
[[-10713249,649962,42903,-2641,-1,1],602183]
[[-9798,4149,288,-146,-2,1],602208]
[[-11494,-16584,-4816,-445,-2,1],602228]
[[-135072,83112,5756,-1128,-1,1],602299]
[[609,926,-67,-123,-1,1],602315]
[[501176,70860,-2270,-535,0,1],602325]
[[2790035379,245147103,3325270,-60240,-1,1],602404]
[[-402309432,94537897,-1084392,-30122,0,1],602440]
[[192,592,-300,-109,0,1],602487]
[[2047,2815,115,-125,-2,1],602487]
[[5816,2760,-70,-110,0,1],602500]
[[-33944952,2330520,24174,-3170,-2,1],602604]
[[7893943228,223539620,-476092,-30132,-1,1],602648]
[[48387348,3071208,-27311,-3501,-1,1],602741]
[[-67,127,58,-43,-1,1],602757]
[[-19195,15587,-363,-330,0,1],602767]
[[-108117000,122713578,-399267,-40193,-2,1],602919]
[[-84288,-452617,78314,-3456,-2,1],602919]
[[2205834083494,14474651695,-22020501,-241188,-1,1],602971]
[[354369073581,-8645107131,74723301,-241276,-1,1],603191]
[[-104366837,-7553762,1062873,-18095,-2,1],603220]
[[371,144,-205,-78,-2,1],603567]
[[-3582,1590,130,-88,-1,1],603744]
[[788433805209,2848708621,-45716783,-241504,-1,1],603761]
[[-8321984005,-467696501,-8864430,-60384,-1,1],603844]
[[22844,9167,-1,-230,-1,1],603853]
[[37682799035,759199659,-773074,-60396,-1,1],603964]
[[12220,3898,-258,-131,0,1],604024]
[[3749063994,88456553,-532814,-19671,-1,1],604193]
[[900828,-514026,71307,-2747,-1,1],604428]
[[10309,3965,-122,-125,-1,1],604449]
[[246764590176,-1119943015,-51263720,-241810,0,1],604525]
[[19160824,1720052,-9568,-2656,-2,1],604604]
[[12033765,1278350,-38005,-3455,0,1],604625]
[[5831583075,175166625,-2744975,-46525,0,1],604825]
[[14020344,5307156,155256,-10080,-2,1],604896]
[[-1088,7312,232,-183,-2,1],604921]
[[-27043,-18965,-4535,-390,0,1],604975]
[[28631777156,-3327987732,-58151735,-241996,-1,1],604991]
[[-1904077743,139681277,-88745,-26892,-1,1],605079]
[[514811669544,3590505054,-31786207,-242088,-1,1],605221]
[[24176097,-10892782,1285436,-21555,-2,1],605243]
[[8678543,994852,-8804,-2201,0,1],605275]
[[1497159836964,13474381996,-10242539,-242140,-1,1],605351]
[[-176566579728,-5960590952,-65820284,-242164,-1,1],605411]
[[-909,406,145,-66,-2,1],605655]
[[16912,3864,-751,-185,0,1],605773]
[[3733625519,216881054,-2423252,-46601,0,1],605813]
[[-184950458,-44366735,-2849259,-34620,-1,1],605857]
[[1285241,208290,-7205,-1310,0,1],605875]
[[-1896642338896,14101066240,19926628,-242416,-1,1],606041]
[[-2880,992,364,-104,-2,1],606052]
[[-18469,6576,297,-163,-1,1],606061]
[[-476,1691,64,-107,-1,1],606171]
[[10693,5236,-453,-240,-2,1],606181]
[[943152,298344,-4010,-1203,0,1],606312]
[[40,0,-170,-69,-2,1],606325]
[[4900,2030,-214,-125,0,1],606392]
[[53539628504,-2686157262,44108111,-242752,-1,1],606881]
[[-4421,147,929,-166,-1,1],606997]
[[1960,2079,-414,-280,-2,1],607207]
[[-25796,11003,2445,-576,-1,1],607277]
[[377,138,-119,-52,0,1],607293]
[[-528,98,147,-43,-2,1],607339]
[[2709,761,-247,-83,0,1],607357]
[[67978,9471,-2542,-410,0,1],607456]
[[2208,3272,-48,-190,-1,1],607481]
[[-239,1614,-275,-136,-2,1],607501]
[[47685826,-11382782,-767348,-13019,-2,1],607628]
[[2352206,3843029,-133009,-7110,-1,1],607717]
[[-290973,68621,1818,-565,-1,1],607739]
[[-37257337,-7035211,-449941,-10011,-1,1],607835]
[[13309,8242,-1053,-477,-1,1],607871]
[[22004,6904,-184,-163,-1,1],607924]
[[26325,9585,-108,-213,-1,1],607955]
[[-1111,228,201,-55,-2,1],607996]
[[-1410563,169953,8939,-1253,-2,1],608153]
[[725,1495,-29,-79,0,1],608159]
[[3328,1104,-516,-187,-2,1],608341]
[[-107060970,7128920,38552,-5443,-1,1],608380]
[[51,-78,-205,-66,0,1],608403]
[[1423876961801,7904374635,-36389795,-243410,0,1],608525]
[[-5981,3012,188,-115,-2,1],609001]
[[-532,1039,974,-203,-2,1],609088]
[[-13965667,931387,29724,-2436,-1,1],609100]
[[-7232391,450540,34045,-2363,-1,1],609131]
[[555,-23,-603,-195,0,1],609253]
[[-1341877277,53048408,1437046,-28139,-2,1],609713]
[[-11952521,4974883,-298291,-28139,-2,1],609713]
[[-1745113304,77633974,1872637,-40649,-2,1],609759]
[[321332790276,2874113485,-39513420,-243910,0,1],609775]
[[274152801,20056963,-712951,-27108,-1,1],609939]
[[240,316,-3,-61,-1,1],610012]
[[5619670280,16826418,-4214623,-52289,-2,1],610057]
[[-49942473,417808,219839,-6811,-2,1],610172]
[[134176509,-23315807,1210726,-18985,-1,1],610245]
[[-3785,1649,235,-117,-2,1],610333]
[[533,-41,-591,-143,-1,1],610367]
[[441,389,7,-40,-2,1],610399]
[[-483,495,-15,-55,0,1],610425]
[[4671,2529,-513,-187,-2,1],610637]
[[-97037042,4394669,85170,-4915,-2,1],610793]
[[-5426,2284,186,-99,-2,1],610828]
[[2468,1848,-37,-106,-2,1],610913]
[[15075,5360,-398,-197,-2,1],610973]
[[23616,3809,-1160,-231,-1,1],611019]
[[368082,59085,-1710,-490,0,1],611100]
[[131546596,-22045485,1106707,-16381,-2,1],611197]
[[-71318,173231,-4642,-1688,0,1],611267]
[[-13283,20344,288,-515,-2,1],611351]
[[-4901207141,933838855,195662,-61144,-1,1],611444]
[[67,-314,305,-64,-2,1],611613]
[[7067512029,253151463,-1274949,-40775,-2,1],611649]
[[13,484,-18,-57,-2,1],611701]
[[20135167,1111019,-45889,-2947,0,1],611713]
[[-2056956199936,12919503784,26845389,-244716,-1,1],611791]
[[-6816,1430,708,-145,-2,1],611816]
[[6943,4438,-169,-340,-2,1],612013]
[[1484,2368,166,-149,-1,1],612028]
[[20616811184,548764146,-651333,-48972,-1,1],612155]
[[-64452762,4878869,27502,-5013,-1,1],612351]
[[-12528905724,226496001,2628229,-52493,-2,1],612437]
[[-2714825,9756982,184507,-10211,-2,1],612756]
[[597764875,44437750,343150,-19349,-2,1],612769]
[[33436,8517,-436,-190,0,1],613179]
[[12197,8863,56,-209,-1,1],613203]
[[137108,-91356,19272,-1252,-1,1],613304]
[[-2619387,-1042879,-126925,-4394,-1,1],613385]
[[224173279,7067580,-894367,-18401,-2,1],613420]
[[2870,6297,116,-178,-2,1],613501]
[[-155287002907,-5701804359,-66087405,-245404,-1,1],613511]
[[4335896495,208348011,-1521738,-61360,-1,1],613604]
[[3423,-4262,1551,-187,-1,1],613771]
[[-393155881185,85118399,51731991,-245524,-1,1],613811]
[[-10918,-11365,-3410,-340,0,1],613825]
[[35377,41639,3885,-643,-2,1],613877]
[[-15866,5169,276,-154,-2,1],614093]
[[-389750,70679,2512,-693,-2,1],614419]
[[-41597024,1666032,118126,-4885,-2,1],614513]
[[-1012955584054,13511037865,13693533,-245844,-1,1],614611]
[[-782068,175904,1664,-939,-1,1],614636]
[[128,-750,815,-168,-1,1],614671]
[[-2108183,507756,-12445,-2489,0,1],614783]
[[142163,73934,1169,-741,-1,1],614845]
[[30250208,1779424,-45794,-3271,0,1],614948]
[[17617216,425386,-102007,-4145,-2,1],615079]
[[4190,4609,-34,-142,0,1],615092]
[[-4358,1977,427,-170,-1,1],615127]
[[375,79,-171,-59,0,1],615129]
[[1535368,391468,-2542,-1271,0,1],615164]
[[-350015744,16441920,179168,-9844,-1,1],615275]
[[26400,10120,-176,-220,0,1],615296]
[[1922925,360112,106,-1381,-2,1],615319]
[[-2735241477,319437971,-3496858,-61564,-1,1],615644]
[[-8802,4288,344,-175,-1,1],615716]
[[785316129456,6192875864,-34925964,-246304,-1,1],615761]
[[527,-1768,1697,-345,-1,1],615791]
[[-4707,533,775,-150,-1,1],615933]
[[-23,-278,269,-58,-2,1],615933]
[[31011,8311,-433,-198,-1,1],615933]
[[-113,2218,-304,-157,-2,1],615983]
[[-826,321,108,-42,-2,1],616064]
[[451,149,-273,-118,-1,1],616075]
[[2205,3332,537,-170,-2,1],616153]
[[784,408,-231,-100,-2,1],616177]
[[11008,3076,-345,-134,-1,1],616445]
[[713,383,-58,-47,-1,1],616447]
[[-8046926128,-2458051544,-55195436,-246628,-1,1],616571]
[[1838182392,95538480,-216836,-20077,-1,1],616663]
[[427056,66681,-2480,-558,0,1],616776]
[[-428301,58142,16595,-1493,-1,1],617141]
[[4584,-1952,-1754,-261,-2,1],617211]
[[1117956994,40349089,-315784,-14618,-2,1],617272]
[[-18298308,1155028,30212,-2476,-1,1],617288]
[[895,-22619,21643,-4571,-2,1],617301]
[[-3875313091,232230990,-2042113,-47491,0,1],617383]
[[-486,2871,-18,-112,0,1],617425]
[[11672,-10908,3434,-368,-2,1],617452]
[[-297,-36,225,-66,-2,1],617499]
[[-6956655815,148030107,1302984,-30876,-1,1],617528]
[[-16009,4072,419,-139,-1,1],617641]
[[-12814924165,352539435,380537,-49420,-1,1],617755]
[[-1000,1940,200,-104,-2,1],617760]
[[2500,3536,-365,-164,0,1],617809]
[[-190477,37864,2004,-467,-1,1],617993]
[[-1228555,637533,-43543,-3109,-2,1],618043]
[[-4475,-4571,-1567,-192,0,1],618151]
[[108499,49135,-3955,-960,0,1],618175]
[[27,1458,-69,-115,-2,1],618236]
[[-676,36,257,-69,-1,1],618604]
[[121,-148,-263,-84,-2,1],618637]
[[-274036025040,2879965112,40638252,-247492,-1,1],618731]
[[-31374649593,354816603,4776858,-61876,-1,1],618764]
[[-14987,5782,637,-215,-1,1],618793]
[[336801,55806,-6157,-786,0,1],618975]
[[39401000,1457837,-157604,-6355,0,1],618977]
[[-2055548262384,13775142320,24316716,-247624,-1,1],619061]
[[565,-26,-245,-67,0,1],619204]
[[59104426751,-4597299307,61854785,-247716,-1,1],619291]
[[-176,-29040,-11330,-935,0,1],619300]
[[1109637907800,13300351042,-15432981,-247720,-1,1],619301]
[[1838343375568,13800820224,-21255440,-247732,-1,1],619331]
[[-3113164,544638,51489,-3235,-1,1],619348]
[[-324,228,42,-39,-1,1],619524]
[[5252120,2129488,128015,-6123,-1,1],619544]
[[846,689,28,-54,-2,1],619672]
[[-3614836932,-269523215,-6515440,-53115,0,1],619675]
[[-55674128,4019894,48907,-4466,-1,1],619713]
[[2002596148112,15220926240,-15816556,-247908,-1,1],619771]
[[-5821,1282,651,-138,-2,1],619867]
[[-19,231,363,-93,-2,1],619981]
[[-4752,2352,373,-129,-1,1],619996]
[[14084376,2375580,5970,-3443,-2,1],620028]
[[-521,525,313,-96,-1,1],620253]
[[-3528,-1355,1121,-157,-2,1],620329]
[[4088,675,-724,-160,0,1],620344]
[[3525,4150,-225,-150,0,1],620375]
[[92668,31010,-1015,-440,0,1],620575]
[[4995,14260,1003,-489,-2,1],620620]
[[-243121,98790,-3613,-1123,-1,1],620699]
[[4175036,438753,-10780,-1549,-1,1],620797]
[[5648,13748,840,-1035,-2,1],620824]
[[70455715471,1804403085,-4544483,-248332,-1,1],620831]
[[-2836245520,414048264,705348,-49672,-1,1],620905]
[[-945,1464,-10,-141,0,1],621009]
[[1152352,203584,-1670,-974,-2,1],621132]
[[1215,-1179,-1161,-188,0,1],621223]
[[-830947799,90036210,-814495,-27610,0,1],621225]
[[19689351,3499919,-43057,-6151,0,1],621251]
[[1591371214758,11154556735,-26664093,-248500,-1,1],621251]
[[-1352,-6019,-4386,-597,-2,1],621355]
[[2199825605387,14409825089,-24192711,-248640,-1,1],621601]
[[404400,104517,-2143,-1405,-2,1],621609]
[[-1070463972128,8594438442,23795269,-248644,-1,1],621611]
[[-771499118464,10198373752,-3307077,-248652,-1,1],621631]
[[63,-518,385,-79,-1,1],621649]
[[220,341,-2244,-330,0,1],621676]
[[-2559,1634,76,-97,-2,1],621967]
[[-67608,51914,-3320,-843,-2,1],622216]
[[1690396287088,10401286850,-31938027,-248932,-1,1],622331]
[[31382935119,551029755,-2913038,-62244,-1,1],622444]
[[-992157158125,3955988875,46737375,-249000,-1,1],622501]
[[255675611,-39350276,1886557,-28464,-2,1],622685]
[[55494440704,-3146888192,53852912,-249088,-1,1],622721]
[[-2667,1230,159,-83,-1,1],622917]
[[25938,-7689,-5137,-539,0,1],623051]
[[-5266871,612910,5431,-1655,-2,1],623484]
[[3659145,356431,-9651,-1339,-1,1],623545]
[[2119549,1333208,966,-2415,-2,1],624101]
[[-5022,4294,-106,-165,-1,1],624276]
[[-176229175,1382461,3531069,-49944,-1,1],624305]
[[1256,1040,-38,-67,0,1],624361]
[[686,-2198,1106,-161,-1,1],624428]
[[844,496,-86,-59,-1,1],624436]
[[-172791683,80455287,-1305180,-31224,-1,1],624488]
[[-1605718708736,10725352504,28544564,-249952,-1,1],624881]
[[-21400,6946,335,-190,-1,1],624973]
[[1137,1472,313,-118,-2,1],624991]
[[182040,-16564,-10250,-779,0,1],625004]
[[-5315000,1016460,86632,-4464,-2,1],625184]
[[5631,4900,67,-139,-2,1],625252]
[[-172955507,-75587546,-3721403,-41687,-2,1],625329]
[[-1255,2474,-587,-187,-1,1],625355]
[[6172,-2064,-2044,-291,-2,1],625372]
[[-13592360,3276550,137115,-10008,-1,1],625525]
[[5479,15065,-782,-434,-1,1],625536]
[[1757,1216,-29,-98,0,1],625729]
[[-1377,9,439,-100,-1,1],625821]
[[6452,2532,-163,-117,-1,1],625916]
[[1789,1648,-523,-165,0,1],625972]
[[484332,80860,-1735,-565,0,1],626075]
[[189604919,12596031,-671,-7827,-1,1],626192]
[[843316,77323,-9568,-995,-2,1],626197]
[[-958,398,98,-47,-1,1],626300]
[[-292143858,12750704,91322,-7071,-1,1],626324]
[[29566282631,633888275,-1553482,-62640,-1,1],626404]
[[-289252747,18324506,-6265,-10439,-2,1],626436]
[[-48272,9688,1036,-234,-2,1],626696]
[[346693,53463,-2201,-497,0,1],626859]
[[-2521180,-837890,-90943,-3375,-1,1],626860]
[[-154317059861,-5899682407,-67276869,-250752,-1,1],626881]
[[-18496395520,-3553266824,58726212,-250752,-1,1],626881]
[[-1349,-197,705,-146,-1,1],626887]
[[1616,115,-1142,-213,0,1],626917]
[[33165,15279,-341,-253,0,1],627077]
[[-7281,5889,1311,-302,-2,1],627099]
[[1647,-534,-1203,-213,-1,1],627201]
[[-421061502700,5844719800,8204443,-250900,-1,1],627251]
[[62788,15532,-1089,-363,0,1],627539]
[[-9437270,8065183,-9556,-6556,-2,1],627656]
[[704,576,-28,-52,0,1],627700]
[[24030665335,529748885,-868813,-50220,-1,1],627755]
[[2734,1477,-114,-105,-1,1],627881]
[[-894001583152,15583054928,6581660,-251208,-1,1],628021]
[[155942832,12978398,-150467,-17187,-2,1],628045]
[[-131747,138328,9716,-1305,-1,1],628117]
[[-4963378957,101064663,911540,-23773,-1,1],628297]
[[-472,-214,365,-86,-1,1],628297]
[[-488,840,34,-66,-2,1],628300]
[[-1490,1322,248,-117,-1,1],628324]
[[-122597,55612,-471,-573,-1,1],628361]
[[2545,1768,24,-123,-2,1],628477]
[[178605,-34911,-14724,-1041,-1,1],628489]
[[-181489424,23862135,-370145,-15385,0,1],628975]
[[1093677295094,12236951085,-1081899,-251604,-1,1],629011]
[[-690,1292,412,-141,-1,1],629028]
[[1004488,58804,-15424,-1205,0,1],629251]
[[-2218051450021,15406511763,20568171,-251752,-1,1],629381]
[[318705276,51220385,-29620,-14810,0,1],629425]
[[1024,4060,-280,-160,0,1],629600]
[[34175,9875,-4775,-575,0,1],629675]
[[89,-113,-201,-69,-2,1],629725]
[[43548,18336,-2101,-573,0,1],629727]
[[362,73,-305,-127,-2,1],629767]
[[15127,5378,-89,-144,-2,1],629773]
[[35812184,3982914,-119147,-17021,0,1],629777]
[[1030,1865,316,-122,-2,1],629795]
[[-514294927,-12625933,2336736,-31492,-1,1],629848]
[[1529,770,-165,-77,0,1],630036]
[[1724272,25125,-54961,-4132,-1,1],630191]
[[-6287045603,181372851,215255,-29087,-2,1],630253]
[[123190221,5866201,-921139,-48481,0,1],630253]
[[3330576,174932,-34946,-2323,0,1],630745]
[[1023864,174964,-4150,-981,-1,1],630900]
[[1,-57,147,-45,-2,1],630901]
[[-168397,118140,12403,-1755,-1,1],631027]
[[-13361549957,800206939,-555354,-63108,-1,1],631084]
[[912,337,-240,-94,0,1],631116]
[[-1291,1403,-17,-111,-2,1],631297]
[[26482,9042,-2096,-525,-1,1],631332]
[[397,-1037,573,-93,-2,1],631399]
[[501,1353,108,-98,-1,1],631404]
[[-147500,36875,1125,-400,-1,1],631477]
[[-31883846,9621573,-33912,-12111,-1,1],631523]
[[-204600,279620,-11594,-2387,0,1],631532]
[[214454800,26315625,-561400,-20050,0,1],631575]
[[46892,17097,-173,-268,-1,1],631697]
[[20525,9615,-347,-229,0,1],631737]
[[-880,688,-8,-61,0,1],631748]
[[-93,493,441,-124,-1,1],631819]
[[699,135,-255,-85,0,1],632025]
[[-32420144,4590048,754710,-17863,-2,1],632132]
[[-700626817,-177794936,-5543934,-48631,0,1],632203]
[[32201241536,677438368,-18666116,-252928,-1,1],632321]
[[6453800,563232,-33938,-3142,-1,1],632408]
[[-11063,6086,-35,-219,-2,1],632827]
[[7459,5014,-149,-165,-2,1],632836]
[[-293197,-139474,35427,-1780,-2,1],632861]
[[149472287,13279188,-48113,-7402,0,1],632871]
[[4117,-202,-940,-167,0,1],632881]
[[2573,-3534,1457,-187,-1,1],632989]
[[121826,18235,-2595,-435,0,1],633025]
[[-32732,11456,3016,-809,-1,1],633036]
[[166,-471,-476,-114,-2,1],633151]
[[-35418697,4953229,13666,-4571,-1,1],633179]
[[1695,1360,-157,-93,0,1],633260]
[[-235,5442,197,-154,-2,1],633313]
[[2403,3679,689,-210,-1,1],633319]
[[-124,-912,-589,-112,-1,1],633323]
[[408046,87641,-482,-731,-2,1],633347]
[[-3250233135,-690951249,-27690543,-253344,-1,1],633361]
[[-78559,41432,-2622,-637,-2,1],633361]
[[34180,15175,326,-272,-2,1],633395]
[[9733560366,209461249,-1495407,-36208,-1,1],633647]
[[341,-233,-580,-168,-1,1],633688]
[[1765507042851,10826398060,-32829545,-253510,0,1],633775]
[[-4932,-555,967,-147,-2,1],633877]
[[-2410,1411,245,-158,-1,1],633897]
[[91747,-28414,-12965,-968,-2,1],633977]
[[16869,8494,-174,-185,0,1],634017]
[[519152,188016,-2118,-1066,-1,1],634136]
[[-34395369,20515231,-2841234,-63420,-1,1],634204]
[[1072,1576,-176,-116,-2,1],634272]
[[-132917,-143604,-30713,-1906,-2,1],634277]
[[-217129,-105306,-16967,-973,-1,1],634477]
[[6734,1956,-616,-165,-1,1],634588]
[[-1878,346,322,-85,-1,1],634644]
[[-418399312325,3960344093,24802161,-253860,-1,1],634651]
[[6480,-7542,2840,-346,-2,1],634656]
[[-2454651577,-232592471,-6108401,-50776,-1,1],634705]
[[3994,1189,-461,-143,-2,1],634737]
[[28219738307,890089159,-1574314,-63480,-1,1],634804]
[[-12974860000,282725896,1939964,-50784,-1,1],634805]
[[20656,5880,-340,-158,0,1],634924]
[[222576696,15170643,-52347,-7749,-2,1],634953]
[[-43,117,-15,-33,-1,1],635056]
[[174211100,12773125,-133700,-9550,0,1],635075]
[[1172825775,53446541,-587049,-20057,-2,1],635189]
[[-5288,56185,-15864,-1322,0,1],635221]
[[-213984,41000,1136,-422,-1,1],635327]
[[525,407,-76,-56,-1,1],635432]
[[-620654,131347,6203,-1823,-2,1],635569]
[[-12347,5830,100,-187,-2,1],635599]
[[88906365,6208047,-12607,-5403,0,1],635753]
[[-1430101,357530,4367,-1283,-2,1],635877]
[[-67518961,8275450,-113243,-8711,0,1],635903]
[[-52037952,4156464,34784,-5098,-2,1],636108]
[[-652596986304,1490380776,52475508,-254488,-1,1],636221]
[[-641312,86562,2577,-576,-1,1],636251]
[[-17975,11487,-800,-312,-1,1],636372]
[[111024,32710,-855,-535,0,1],636475]
[[-6286591458,148913484,630858,-24753,-1,1],636516]
[[18968199,1404660,-20705,-2460,0,1],636525]
[[-8481098059,401869893,952361,-50928,-1,1],636605]
[[2796955,-912641,86193,-2757,-1,1],636635]
[[184,407,16,-47,-2,1],636721]
[[501,1097,308,-127,-1,1],636733]
[[12672,3960,-264,-132,0,1],636768]
[[-203181,164840,-17789,-2645,-2,1],636788]
[[-40,138,27,-28,-1,1],636793]
[[-2510489757887,15986129811,24380953,-254764,-1,1],636911]
[[-2108136482,755040157,-1095487,-254764,-1,1],636911]
[[419,-1118,629,-104,-2,1],637175]
[[-188884389,7281145,122463,-6216,-1,1],637181]
[[-42208,34400,-1966,-587,-1,1],637219]
[[-20967,9364,377,-213,-1,1],637263]
[[670508532,28212960,-120819,-12039,-1,1],637380]
[[-114648,56200,-2810,-843,0,1],637589]
[[-50510624,5295188,96805,-7001,-2,1],637661]
[[690504,19188,-49432,-2656,-2,1],637824]
[[2960375,368464,-3903,-1193,-2,1],637844]
[[-15260,4756,388,-149,-1,1],638204]
[[31254064912,581962680,-1624484,-51084,-1,1],638555]
[[57,175,-21,-67,0,1],638559]
[[-179323671407,-6666989491,-71863261,-255468,-1,1],638671]
[[-879370,115057,3636,-686,-2,1],638704]
[[316,563,-18,-60,-2,1],638983]
[[-166346437,5402632,204269,-7393,-1,1],639001]
[[-148922247,7918364,398764,-19881,-1,1],639045]
[[100711,65941,-3111,-1281,0,1],639097]
[[484504,62196,-3266,-568,0,1],639284]
[[189,-402,271,-55,-2,1],639364]
[[63163106,5041437,-37673,-4794,-1,1],639407]
[[7564,3691,19,-135,-2,1],639511]
[[-2729123,-5963157,-1128067,-22777,-2,1],639553]
[[2410,4701,-944,-258,-2,1],639584]
[[55392,-94952,-22144,-1314,-1,1],639747]
[[8900,3270,-343,-147,-1,1],639772]
[[1584,840,-444,-216,-1,1],639909]
[[1256863719,-3251662,-4951362,-54851,-2,1],639947]
[[181999,-2198028,-375563,-12960,-2,1],639979]
[[353709746957,-8956091661,79042141,-256048,-1,1],640121]
[[-473716,279760,7617,-1413,-1,1],640232]
[[27414855,5026171,122402,-7116,-1,1],640476]
[[-6915872,1001972,-494,-2289,-2,1],640487]
[[-204361,74283,9713,-1011,-2,1],640561]
[[16373,4672,-258,-133,0,1],640903]
[[-1936255160052,11311071228,34276455,-256368,-1,1],640921]
[[-417,994,-185,-159,-2,1],641025]
[[-1051,530,153,-79,-2,1],641167]
[[-193,252,-1,-39,-1,1],641227]
[[-108774,117635,-670,-935,0,1],641425]
[[-315725574336,-8536341976,-77951556,-256588,-1,1],641471]
[[5449,3403,-9,-174,-1,1],641473]
[[-11271,3927,697,-208,-1,1],641631]
[[-31899190093,672063775,1617346,-64180,-1,1],641804]
[[-470,1201,-371,-175,0,1],641833]
[[-237699,454404,-177474,-6755,-2,1],641877]
[[1639533,162610,-18079,-1515,0,1],641956]
[[289044,48639,-1643,-465,0,1],641979]
[[-67733740224,-4489424015,-64716120,-256810,0,1],642025]
[[-1877004288,79752960,348144,-28536,-1,1],642069]
[[14534216024,464623560,-2761030,-64210,0,1],642100]
[[49095325576,811999660,-3017870,-64210,0,1],642100]
[[-65743727616,-2028826752,56052176,-256884,-1,1],642211]
[[229139152137,-7008061861,71853923,-256896,-1,1],642241]
[[34352,37656,2940,-664,-1,1],642257]
[[-44334,29931,505,-390,-1,1],642269]
[[33154878384,8929653296,21632024,-256912,-1,1],642281]
[[-3372606,183735,24055,-1636,-1,1],642287]
[[18964584,21270463,-300365,-13863,0,1],642319]
[[732402,126063,-1908,-732,-2,1],642424]
[[37974034,-80398,-187878,-5721,-2,1],642692]
[[-121435136,6432960,143668,-8868,-1,1],642959]
[[-5409341829,288546759,2906378,-64300,-1,1],643004]
[[470360,55617,-6818,-889,-2,1],643123]
[[17183217389,313907464,-2573012,-49481,0,1],643253]
[[-16869501,-2609461,355137,-8717,-2,1],643327]
[[14483,-22269,-9977,-1022,-1,1],643331]
[[-174483,50251,-514,-543,-1,1],643401]
[[-2187471989,620452459,2136234,-64344,-1,1],643444]
[[156930480,10086708,-11032,-6893,-2,1],643496]
[[-31607195,5842906,29518,-5147,-2,1],643575]
[[6656,-15616,7878,-709,-2,1],643643]
[[-656914186,21995681,159300,-9126,-2,1],643736]
[[-647,922,450,-161,-1,1],643837]
[[-416,432,-16,-53,0,1],644068]
[[-1399830592,38945680,1497939,-36804,-1,1],644077]
[[39964,10879,-226,-200,-2,1],644117]
[[10773249895,-2393054879,51968489,-257652,-1,1],644131]
[[3430,2884,100,-113,-2,1],644284]
[[880187850,33825273,-1855610,-47475,-1,1],644309]
[[346,689,-489,-147,-2,1],644333]
[[1868759046,38421351,-1741605,-36820,-1,1],644357]
[[2597,16086,-944,-379,-2,1],644413]
[[22516,10569,-232,-211,0,1],644761]
[[-1831950,302235,5748,-1257,-2,1],644769]
[[6317,664,-1503,-248,0,1],644773]
[[899,-1415,671,-106,-1,1],644857]
[[-1152,-766,841,-156,-1,1],644859]
[[-23,5921,2456,-378,-1,1],644908]
[[1102008574251,11393917335,-24842357,-257968,-1,1],644921]
[[-3428089,328897,10933,-1377,-2,1],644953]
[[-7865,4125,-5,-145,0,1],645125]
[[61469433,-15185097,987133,-19735,-2,1],645235]
[[-239965930159,-7242947637,-72861743,-258100,-1,1],645251]
[[144208,127576,7637,-1429,-1,1],645272]
[[-73,169,71,-40,-1,1],645911]
[[18930500457,624000460,-1605585,-55365,0,1],645925]
[[-17025,5515,403,-153,-2,1],645939]
[[16077344,-1163336,-231862,-7133,-1,1],645969]
[[3757744,458608,-33266,-2483,-2,1],645996]
[[67795551,-29699982,2680130,-55373,-2,1],646037]
[[1931586700455,12214909357,-30577285,-258472,-1,1],646181]
[[-1574759516404,14809370868,7159907,-258480,-1,1],646201]
[[-688209280,83994656,-1965712,-37826,-1,1],646201]
[[-263,630,-167,-244,0,1],646279]
[[-1089278517,16256827,1829999,-28728,-1,1],646389]
[[-4976,-5071,-1779,-229,-2,1],646711]
[[-3542400,-1025000,-95325,-3075,0,1],646775]
[[13819510,-1532805,-323905,-10348,-1,1],646775]
[[25315355,23961835,222506,-12936,-1,1],646820]
[[-15058799485,903179859,-181150,-64696,-1,1],646964]
[[-993,1788,83,-148,-2,1],646977]
[[1544400,-445500,-73425,-2750,0,1],647075]
[[243096903664,-7255542984,73049276,-258856,-1,1],647141]
[[1053774,137817,-15564,-1658,-2,1],647244]
[[-91601920,8969968,495416,-13525,-1,1],647287]
[[6006470,919403,-6161,-1919,0,1],647309]
[[-212855716861,-1198862351,57670481,-258960,-1,1],647401]
[[23457,7021,-411,-201,0,1],647591]
[[-1718448,547896,-22376,-2383,-1,1],647724]
[[-37424,46660,-1320,-760,0,1],647900]
[[-411818197,35327943,5781266,-64812,-1,1],648124]
[[12127676076,-1377387261,36736065,-259252,-1,1],648131]
[[49358407191,-4939329049,-69819903,-259264,-1,1],648161]
[[1811524,219285,-4180,-935,0,1],648175]
[[3168,160,-1590,-465,0,1],648200]
[[-25363821,746221,101675,-4116,-1,1],648333]
[[4208653056,386179948,-1364139,-51868,-1,1],648355]
[[1748871,715716,54423,-3873,-1,1],648523]
[[211840,-8848,-23762,-1572,-2,1],648548]
[[3444329509,-292244300,7028168,-55601,-2,1],648697]
[[-10098,3258,306,-133,-1,1],648772]
[[-203,962,-37,-154,-2,1],648847]
[[67,1043,409,-117,-2,1],648961]
[[4901,1925,-165,-95,0,1],649125]
[[-13467,4400,337,-133,-2,1],649156]
[[-17188744,807590,73574,-3605,-2,1],649188]
[[295676,50685,-2570,-535,0,1],649200]
[[289124,101260,-905,-635,0,1],649225]
[[-863,1010,-135,-90,0,1],649375]
[[392422688,46360428,-187949,-15280,-1,1],649417]
[[599799,89010,-8880,-1135,0,1],649575]
[[-330347711664,-1919979168,61904464,-259884,-1,1],649711]
[[11335,-13515,4936,-576,-1,1],649760]
[[535248,102006,-2879,-719,-1,1],649781]
[[-395661,128698,-2047,-981,-1,1],649827]
[[-149270360,8591722,62484,-6813,-2,1],650008]
[[-2456335679,14816153,4093061,-52008,-1,1],650105]
[[-1477,1622,-215,-122,0,1],650491]
[[-23787903801,-5358764740,-70386805,-260210,0,1],650525]
[[1859811536,62019443,-224988,-17193,-1,1],650893]
[[27,690,155,-114,-2,1],651421]
[[1120,512,-582,-150,0,1],651532]
[[24140336494,-3332950167,-58716875,-260616,-1,1],651541]
[[3005,2539,-201,-128,0,1],651583]
[[1980876,318078,-862,-1293,0,1],651672]
[[-22374175225,624552323,599586,-65172,-1,1],651724]
[[366785,-66713,-29447,-1771,-1,1],651771]
[[40832,10585,-1160,-290,0,1],651775]
[[-4438,4743,-56,-181,-2,1],651781]
[[443,-34,-271,-83,-2,1],651852]
[[2726545536,119093368,121684,-28972,-1,1],651879]
[[4579248837,103555470,-1923768,-43457,-2,1],651879]
[[-54,389,41,-39,-2,1],651933]
[[-17325,12103,22,-253,-1,1],651973]
[[-463,547,9,-60,-1,1],652141]
[[37133281,1984496,-68017,-4001,0,1],652163]
[[2344,7924,-86,-203,-2,1],652212]
[[2512224,-4026,-38918,-2013,0,1],652212]
[[-32829019,2939208,10861,-4369,-1,1],652289]
[[754672,96152,-10908,-1212,0,1],652460]
[[949,929,-37,-71,0,1],652589]
[[3795,2566,-24,-133,-2,1],652657]
[[-1721677445197,14642359219,12976491,-261096,-1,1],652741]
[[814,2238,33,-97,-1,1],653336]
[[-534384221,9573918,528825,-12531,-1,1],653423]
[[-191344,116368,-12976,-1488,-1,1],653432]
[[-38180,11609,486,-225,-2,1],653488]
[[19243,7010,-415,-215,0,1],653525]
[[334712851,65779810,-291595,-20110,0,1],653575]
[[35225480400,579419375,-1860175,-50275,0,1],653575]
[[-61,130,17,-62,-2,1],653593]
[[-245,161,36,-28,-1,1],653600]
[[5553,2217,-689,-213,-2,1],653693]
[[3728,4810,-1273,-290,-1,1],653697]
[[13542,6483,57,-203,-2,1],653697]
[[-274526,768124,11004,-2901,-2,1],653716]
[[-8550273904,228373584,529552,-32688,-1,1],653768]
[[2576,1136,-225,-93,0,1],653923]
[[-171516553464,-5747021843,-65472573,-261576,-1,1],653941]
[[-710872,160612,11234,-2651,-1,1],654012]
[[5281292,667324,-5951,-1669,-1,1],654012]
[[2504245125,23483779,-1927235,-29068,-1,1],654039]
[[-3414,116,695,-133,-1,1],654044]
[[538,538,18,-50,-1,1],654208]
[[11144,5342,-84,-151,-2,1],654232]
[[66448,14960,-660,-262,-1,1],654239]
[[-2375,730,222,-71,-2,1],654313]
[[-28091,9981,302,-217,-1,1],654365]
[[-47334,7901,3534,-499,-1,1],654797]
[[418304553472,-9980100256,83898932,-262020,-1,1],655051]
[[2449,1030,-183,-83,0,1],655444]
[[-206702395830,-6653405513,-70877093,-262216,-1,1],655541]
[[4131903615,206218927,340914,-65560,-1,1],655604]
[[1425225987746,6804684003,-45448341,-262252,-1,1],655631]
[[-9269,21545,-2449,-496,0,1],655681]
[[816901,138461,-50317,-8073,-1,1],655691]
[[487,401,-9,-48,0,1],655771]
[[381517,64387,-2883,-682,0,1],655805]
[[5184789413,-340795418,7445990,-56237,-2,1],656117]
[[2137345216880,12893859888,-32493588,-262468,-1,1],656171]
[[13143,-22211,10482,-1222,-1,1],656276]
[[-9989,-3605,3094,-356,-1,1],656348]
[[-4150,1990,238,-129,-2,1],656476]
[[-55124054,8078389,134608,-7758,-2,1],656503]
[[-12478999104,548844868,0,-50501,0,1],656513]
[[-5284,2268,165,-97,-1,1],656596]
[[-2365144185040,16445768338,23298687,-262668,-1,1],656671]
[[448,528,-52,-64,-2,1],656764]
[[-2559000,178676,16288,-1312,-2,1],656800]
[[-24196036,4814383,50765,-5399,-2,1],657073]
[[18466339,612065,-86365,-3755,0,1],657125]
[[3468,2578,-137,-112,0,1],657127]
[[37883957,2518420,-24766,-3257,-2,1],657151]
[[-4553088,-2063528,338628,-10516,-1,1],657275]
[[180,-592,566,-127,-1,1],657292]
[[1075,1215,113,-79,-2,1],657307]
[[199817408,-17238944,-2163004,-32872,-1,1],657448]
[[-29966760,12212424,-23868,-9663,-2,1],657613]
[[-1272023,389992,7116,-1403,-2,1],657821]
[[12184288,1116093,-8728,-2182,0,1],657873]
[[2259909469,75602583,-1354885,-38711,0,1],658087]
[[-37342,113837,938,-1287,-1,1],658091]
[[14695,30957,-1592,-477,-1,1],658163]
[[-270175,3113646,-162659,-7099,-2,1],658171]
[[-2267823275,-36423485,4196715,-52656,-1,1],658205]
[[111,-854,893,-148,-2,1],658251]
[[1680,610,-155,-67,0,1],658325]
[[216403528,7758880,-241302,-9185,-2,1],658373]
[[1054787955,-84704249,2376879,-24496,-2,1],658373]
[[-2552253239,186294378,-1013020,-50651,0,1],658463]
[[-20878096201,339901539,4688406,-65848,-1,1],658484]
[[-140713,76662,4007,-829,-1,1],659021]
[[8576,3278,-205,-132,-1,1],659369]
[[16870305,1356293,-47771,-4317,-2,1],659417]
[[57796156,3496405,-59796,-4983,0,1],659417]
[[-1154463597,35020021,1134235,-29308,-1,1],659439]
[[22602739375,149211075,-6383418,-65944,-1,1],659444]
[[-1434,2365,-730,-210,0,1],659500]
[[375,550,15,-123,-2,1],659524]
[[15263059,1243945,-13410,-2186,-1,1],659564]
[[-1121664,275031,-2577,-1331,-2,1],659637]
[[14816,10252,1,-206,-1,1],659683]
[[-675568,208998,6247,-1093,-2,1],659707]
[[106621089425,-4441551873,59824407,-263892,-1,1],659731]
[[92220,11378,-5311,-787,-1,1],659804]
[[-24326772583,1407415313,-10109377,-263952,-1,1],659881]
[[562176,98112,-2032,-752,-1,1],659923]
[[278314835416,16834683129,-343237,-264028,-1,1],660071]
[[8659,3258,-77,-111,-2,1],660148]
[[-5210527024,49648192,2326973,-33013,-1,1],660268]
[[1352,-3198,1609,-235,-1,1],660473]
[[65043,50688,-1991,-605,0,1],660572]
[[-138098105073,-6907381461,-75916267,-264240,-1,1],660601]
[[9683170540,629655920,-68703,-52848,-1,1],660605]
[[21279,-9628,-9785,-1521,-2,1],660676]
[[-164392918,12878059,-21662,-10831,0,1],660691]
[[48568,17810,-665,-365,0,1],660725]
[[1891,691,-166,-75,-1,1],660775]
[[33595502747,-2770424849,61512011,-264340,-1,1],660851]
[[-284642320016,-2022230167,62838467,-264360,-1,1],660901]
[[1456207,1267528,41163,-3381,-2,1],660908]
[[-557549521,48358380,96017,-13914,-2,1],660991]
[[-15705,-13857,14062,-2563,-1,1],660991]
[[7556,2692,-171,-116,-2,1],661007]
[[12277048,1465324,-79652,-4895,-2,1],661041]
[[19183,7648,-45,-210,-2,1],661093]
[[-46195104,3855218,28030,-3965,-2,1],661100]
[[41998172,4610843,-121109,-10947,-2,1],661127]
[[-14243327,1576645,65485,-3954,-2,1],661199]
[[20,124,-27,-78,0,1],661231]
[[676037376,-87830760,2827164,-29388,-1,1],661239]
[[6,10,-82,-43,-1,1],661372]
[[-9627743,1106347,9175,-2214,-2,1],661433]
[[105225989,5712540,-55121,-5011,0,1],661452]
[[-122356,54119,-1448,-724,0,1],661736]
[[-13769,-5936,3733,-389,-2,1],661788]
[[-25309575,1328100,45604,-2897,-2,1],661847]
[[3168,-4540,1908,-223,-2,1],661852]
[[9346641,1043027,-7979,-2222,0,1],661853]
[[-7817,2064,661,-150,-2,1],661897]
[[2700,3902,-422,-203,0,1],661928]
[[48288647824,3116195232,39770016,-264780,-1,1],661951]
[[-4448500151,285031155,-1641708,-48777,-1,1],661979]
[[1376,872,-48,-66,-1,1],662149]
[[49594059,2865612,-50143,-3926,-2,1],662237]
[[-23,-495,567,-112,-2,1],662291]
[[131,277,43,-53,-1,1],662336]
[[-494,109,136,-42,-2,1],662432]
[[-6016,3784,-60,-150,-1,1],662491]
[[311333,90365,-1395,-620,0,1],662625]
[[352,4334,-1243,-275,0,1],662651]
[[-6752,4204,245,-131,-2,1],662731]
[[6071,2253,-463,-145,0,1],662909]
[[-186232623543,-3775292873,68614587,-265228,-1,1],663071]
[[277709323,6009917,-379405,-10431,-1,1],663139]
[[-94950,78275,-12764,-1348,-2,1],663232]
[[-7257843575,153504480,1268883,-32019,-1,1],663259]
[[-153304313,-37188246,-1761067,-22871,0,1],663259]
[[-570526,-359040,-49280,-2035,0,1],663300]
[[-2927479257,135403569,2302731,-44225,-2,1],663399]
[[9766,38385,272,-396,-2,1],663424]
[[3178,2955,-266,-172,0,1],663427]
[[-159611261382,-6464981179,-73853139,-265372,-1,1],663431]
[[-17875,-77851,25585,-1458,-2,1],663503]
[[60383867,6584152,-13621,-5237,-2,1],663556]
[[62863,36614,-2601,-651,-2,1],663644]
[[-430959587,37141426,-19827,-13440,-2,1],663679]
[[155761788,15177954,-93152,-8733,0,1],663708]
[[-32537352,6449860,-18786,-6262,0,1],663772]
[[-27,2070,-84,-105,0,1],663849]
[[-5370,705,780,-146,-2,1],664200]
[[11323962,897966,-59823,-3573,-1,1],664232]
[[58331648,3583936,-30896,-3862,0,1],664264]
[[6048,3108,-1316,-283,-2,1],664328]
[[1493,1586,-6,-131,0,1],664351]
[[342390,158671,-606,-808,0,1],664479]
[[-3316664,206166,42979,-2931,-2,1],664609]
[[-3029,1283,157,-89,-1,1],664659]
[[671300,52220,-13069,-1133,-2,1],664671]
[[170522730,31358921,-164538,-17557,-1,1],664673]
[[-2492348463283,15609672721,28650397,-266020,-1,1],665051]
[[-1744542,114690,15583,-1235,-1,1],665128]
[[-282754,53579,1763,-467,-2,1],665199]
[[671,-887,-754,-143,-1,1],665595]
[[19463,14989,1935,-389,-2,1],665725]
[[-93965,321817,343,-1177,-2,1],665767]
[[4663,4123,463,-215,-2,1],665895]
[[449,460,32,-53,-1,1],665901]
[[-3745177,-1451543,-187498,-8134,-1,1],666004]
[[1919,1830,71,-90,-2,1],666027]
[[11619,5538,-197,-158,0,1],666097]
[[1014,2431,-78,-117,-1,1],666185]
[[-2542899484735,18186822437,19905787,-266476,-1,1],666191]
[[-3773,3687,97,-138,-1,1],666207]
[[2607901,432404,-5412,-1443,-2,1],666469]
[[218147,48050,-4805,-775,0,1],666500]
[[-108,-300,300,-69,-1,1],666612]
[[-1405217,186171,6523,-1144,-1,1],666613]
[[-117598322,726616,478582,-11111,-2,1],666756]
[[-1683612636,62303528,1413847,-29640,-1,1],666909]
[[-3147156,1311456,-39597,-3887,-1,1],666996]
[[3318492,-565748,-151992,-6333,0,1],667076]
[[-648,972,-96,-96,-2,1],667104]
[[5279772,506681,-17006,-1803,-1,1],667187]
[[-4383,1853,877,-177,-2,1],667201]
[[-1581153,439049,-13346,-2118,-1,1],667296]
[[72432,16360,-3660,-540,0,1],667300]
[[-10193,4832,589,-222,-2,1],667309]
[[742,466,-34,-43,0,1],667444]
[[-24123,12106,3330,-637,-2,1],667523]
[[-479,1110,-160,-95,0,1],667625]
[[338715194985,-2119840587,-64973849,-267052,-1,1],667631]
[[38490189943,-279785673,-30534605,-267144,-1,1],667861]
[[3675,1526,-95,-77,0,1],668060]
[[1848575387,525774091,-2592166,-66808,-1,1],668084]
[[-39,-160,-175,-55,-1,1],668117]
[[2331,1202,-2494,-367,-1,1],668129]
[[-325566,48195,3027,-533,-2,1],668261]
[[34200,11250,-1475,-325,0,1],668425]
[[2562904,525038,2361,-1599,-2,1],668779]
[[-93642457,35836189,310007,-15736,-1,1],668797]
[[8984835,717867,-13602,-1764,-1,1],668868]
[[99,-170,-215,-61,-1,1],668907]
[[768,664,-12,-60,-1,1],669029]
[[3931,1564,-597,-183,-1,1],669149]
[[-164667707172,-4391690796,71668751,-267720,-1,1],669301]
[[158,446,-4,-47,-1,1],669316]
[[-4514181,702925,531,-2655,-1,1],669317]
[[352274416,39705328,251276,-20596,-1,1],669383]
[[-235985491,10838448,434410,-12469,-2,1],669617]
[[175,105,-290,-166,-1,1],669620]
[[-12397,61160,-1320,-605,0,1],669625]
[[185903,45859,-1768,-631,-1,1],669653]
[[-395075,55774,2257,-467,-2,1],669669]
[[374256103,14108714,-123143,-7727,-2,1],669812]
[[54896,15066,-319,-243,-1,1],669961]
[[95551577,13437807,-78259,-10720,-1,1],670025]
[[19702842019,1119032239,-589674,-67008,-1,1],670084]
[[-11042689,4764637,195023,-11223,-1,1],670103]
[[32200,8945,-249,-189,-2,1],670177]
[[-1913715,-1566705,288797,-7660,-1,1],670285]
[[1120964833,46447860,-584254,-21167,-2,1],670339]
[[3179771504,554214696,-311068,-53632,-1,1],670405]
[[-2470764242426,14737493415,32105503,-268216,-1,1],670541]
[[-36675,7835,609,-175,-2,1],670579]
[[82104487,1364689,-588609,-15780,-1,1],670667]
[[913599,182160,-55,-1060,0,1],670675]
[[3393,-5892,2215,-240,-2,1],670867]
[[-18787912694,-5084738843,71315049,-268404,-1,1],671011]
[[-17554355,-109879,186655,-6735,-2,1],671069]
[[-2108,2604,-62,-131,0,1],671212]
[[-96675709801,-4286493640,-60549005,-268510,0,1],671275]
[[22218648,2595110,-11135,-3275,0,1],671375]
[[-5634983084,187738424,160193,-33573,-1,1],671468]
[[2124986368000,17326557480,-12838908,-268596,-1,1],671491]
[[1096095,140556,-3033,-761,-2,1],671580]
[[9504,2904,-352,-132,0,1],671616]
[[30492,9271,-162,-192,-2,1],671641]
[[-129383051,33507560,-663655,-24060,0,1],671675]
[[-4428243,2329810,-4010,-6015,0,1],671675]
[[-21251479,2432990,28934,-3443,-2,1],671697]
[[-24122,5317,761,-181,-2,1],671869]
[[-184997375,-884817825,-37976975,-268768,-1,1],671921]
[[-22249,6919,356,-165,-1,1],672283]
[[-187478448,-15474922,1429915,-23947,-2,1],672403]
[[-2357431,350482,22746,-1901,-2,1],672403]
[[20401468,1603329,-34373,-3169,-2,1],672511]
[[24469816018,-6156940765,76052067,-269020,-1,1],672551]
[[581,364,-1160,-285,0,1],672637]
[[-49443255,162868,212746,-6267,-2,1],672669]
[[-125,-526,-569,-138,-2,1],672739]
[[2775393,305838,-10419,-1374,-2,1],672777]
[[-33392,38580,3888,-885,-2,1],672824]
[[120,412,113,-69,-1,1],673092]
[[8238,-4166,-5673,-631,-1,1],673112]
[[-8688,3112,268,-114,-2,1],673128]
[[-61258132,6987588,207397,-9717,-1,1],673277]
[[1,-315,547,-153,-1,1],673291]
[[-29536,4164,1198,-205,-2,1],673363]
[[-224,199,38,-46,-2,1],673632]
[[-3648,4403,183,-133,-2,1],673747]
[[-1288896,905338,136911,-10780,-1,1],673775]
[[-270424,28411,7578,-828,-2,1],673867]
[[-16412,5464,401,-165,-1,1],674011]
[[5768,-1140,-3290,-415,0,1],674100]
[[431,497,-7,-47,0,1],674473]
[[397,528,31,-45,-2,1],674572]
[[6724,7585,-2380,-410,0,1],674575]
[[-679901192,16902960,482419,-13119,-1,1],674712]
[[-29624,62560,-470,-554,-1,1],674872]
[[5495657,710940,-5791,-1717,-2,1],674881]
[[-4443,3898,-60,-171,0,1],674941]
[[-5950450,1530625,-16275,-3875,0,1],675025]
[[2243634811,49446155,-1431265,-27005,0,1],675125]
[[6753,14600,-7873,-829,-1,1],675323]
[[-1792,1696,164,-92,-2,1],675380]
[[646422695,-14023068,-1490219,-21442,0,1],675423]
[[26242721,2360133,-16093,-3036,-1,1],675599]
[[-928942,610587,-73732,-4897,-1,1],675737]
[[-11669,4744,301,-140,-2,1],675837]
[[-39641,10440,520,-211,-2,1],675859]
[[4022,2806,-114,-123,-1,1],675964]
[[-7096,5404,113,-389,-1,1],675972]
[[236636811,23319413,-92030,-14127,-1,1],676097]
[[-39412,28351,-1010,-456,-2,1],676181]
[[-29221529641,521588603,3056442,-67620,-1,1],676204]
[[22078860813,527725529,-1639121,-54096,-1,1],676205]
[[-22988,8215,430,-184,-2,1],676207]
[[62191773,5246775,-23319,-5182,0,1],676251]
[[53,649,65,-92,-1,1],676301]
[[531,-1693,1448,-219,-1,1],676351]
[[88276,32256,90,-577,-2,1],676412]
[[-2802907081,138852307,3598682,-67644,-1,1],676444]
[[3749629360,4227564352,-40553916,-270720,-1,1],676801]
[[22701040,1085584,-60920,-3368,-1,1],676888]
[[401391,-57064,-36694,-2073,-2,1],676951]
[[-24337,21158,1455,-384,-2,1],676969]
[[204687,64067,-5464,-807,-1,1],677215]
[[20864,9220,-60,-233,-2,1],677288]
[[-39,3,75,-41,-2,1],677349]
[[-470530299201,11584593460,-15041055,-271010,0,1],677525]
[[-377,1327,-779,-218,-2,1],677649]
[[3201,236,-593,-128,0,1],677659]
[[-301,-213,575,-201,-2,1],677857]
[[-191993,196810,-2860,-1065,0,1],678025]
[[1483931179607,7073336811,-47554753,-271276,-1,1],678191]
[[5077290575,-469951585,9985518,-67836,-1,1],678364]
[[206729,79910,-305,-610,0,1],678625]
[[2638391859826,18045954567,-21797949,-271456,-1,1],678641]
[[87880,33124,-390,-792,-2,1],678652]
[[-1624064,22848,40848,-2244,-1,1],678931]
[[-62687,-274086,-65986,-3365,-2,1],678931]
[[-503651600,38769960,4057435,-54316,-1,1],678955]
[[-312516691925,-8526692931,-80202417,-271596,-1,1],678991]
[[12569,4618,-171,-142,0,1],679117]
[[-24,124,-2,-61,-2,1],679132]
[[8919,4006,-143,-157,-1,1],679145]
[[77424,24660,-880,-360,0,1],679200]
[[-2009,1624,-28,-119,-2,1],679315]
[[664853,61910,-6795,-755,0,1],679500]
[[-6435,11374,-110,-231,0,1],679525]
[[371974765,7352274,-412027,-10702,0,1],679577]
[[-54141,7506,3203,-412,-2,1],679767]
[[-605,1340,-28,-103,0,1],679835]
[[-193662,159961,548,-849,-1,1],679923]
[[-162943304751,-6990233790,-77687405,-272110,0,1],680275]
[[68908276931,1028989415,-2639502,-68028,-1,1],680284]
[[-101368827,4328856,92424,-4977,-2,1],680295]
[[-21678,1387265,16998,-2843,-2,1],680549]
[[-2639,-634,1454,-313,-2,1],680603]
[[-35,259,749,-148,-2,1],680715]
[[3710169,413208,-4959,-1259,-2,1],680724]
[[1255739439646,12016730299,-28948509,-272328,-1,1],680821]
[[824,538,-13,-46,-1,1],680851]
[[-869388526,37023294,129831,-12583,-1,1],680984]
[[-13649,3528,353,-118,-2,1],681067]
[[-14345,14105,-1064,-356,-1,1],681120]
[[8841,-7324,2107,-219,-1,1],681201]
[[326874,65160,-780,-535,0,1],681300]
[[541,3261,413,-158,-2,1],681487]
[[382,1337,-382,-382,0,1],681488]
[[396749519,19758512,-143119,-11357,-2,1],681516]
[[-604558,106669,1298,-695,-1,1],681553]
[[-191,1694,61,-89,-1,1],681669]
[[801,2258,141,-103,-2,1],681676]
[[-14138296,-4844340,-412666,-8971,0,1],681796]
[[-7596,8160,213,-185,-1,1],681924]
[[67743,242010,-15,-990,0,1],681975]
[[790,1289,52,-98,-2,1],682237]
[[-4965970176,209384892,-119141,-32493,0,1],682353]
[[3487,2181,58,-110,-1,1],682444]
[[2304,1440,-207,-103,0,1],682497]
[[4632497,-361505,-159307,-6578,-1,1],682509]
[[-5011,6866,-458,-221,0,1],682621]
[[-18201252,-15076958,903973,-14370,-2,1],682651]
[[144,268,-54,-55,-1,1],682655]
[[4368,-8312,3148,-346,-2,1],682792]
[[3391274524,95406410,-430705,-21010,0,1],682825]
[[209,449,-55,-60,-1,1],683017]
[[2164508,224348,-10488,-1252,-1,1],683116]
[[100477771747,-7159792695,79995027,-273300,-1,1],683251]
[[-6283,2117,305,-107,-2,1],683337]
[[5690725,703152,-12443,-1920,-2,1],683369]
[[9094087534,84185611,-3611279,-45557,-2,1],683379]
[[10921806,1094849,-10482,-2123,-2,1],683413]
[[-23968,-17805,-4486,-412,-2,1],683573]
[[-288,630,228,-78,-2,1],683616]
[[23419428,315397,-132883,-4803,0,1],683627]
[[-256,1408,-352,-133,0,1],683812]
[[176443735,14953634,-31037,-7889,-2,1],683852]
[[801482250,64068235,538087,-30400,-1,1],684009]
[[-15337049424,278540481,2086290,-45617,-2,1],684279]
[[-30389121225,427883535,4598926,-68436,-1,1],684364]
[[2191,3374,539,-190,-2,1],684397]
[[51532043587,1016587423,-602346,-68448,-1,1],684484]
[[-5589308441,467330011,-3477382,-68452,-1,1],684524]
[[3259500,435625,-20500,-2050,0,1],684700]
[[2458131997,60705943,-1792469,-45647,-2,1],684729]
[[1316647934,41534150,-204730,-12615,-1,1],684836]
[[-6325649,774360,14291,-2645,-2,1],684908]
[[34178,16785,728,-314,-2,1],684991]
[[985,427,-289,-109,-2,1],685107]
[[-835,268,145,-49,-2,1],685179]
[[12480622752,-1839985528,42815732,-274108,-1,1],685271]
[[-2,-2067,-1151,-183,-2,1],685351]
[[-108587688,12022076,-9262,-9262,0,1],685388]
[[-42894,229382,-232,-1107,-2,1],685404]
[[-15184512,11577440,37212,-7343,-2,1],685496]
[[-2349,-3726,-1548,-215,-2,1],685539]
[[-17,1791,-275,-133,0,1],685543]
[[-1320,184,272,-67,-2,1],685701]
[[-2600,2117,448,-167,-1,1],685809]
[[111,23269,1597,-423,-2,1],685817]
[[55435727,-34439685,-1874866,-25957,-1,1],686017]
[[-1689,1770,165,-128,-2,1],686097]
[[6295516992,-401361030,8239365,-58823,-2,1],686287]
[[-10064,6972,-17,-202,-2,1],686317]
[[-36572,10238,585,-235,-1,1],686371]
[[-6737,1644,575,-141,-2,1],686404]
[[8928,4650,-155,-148,-1,1],686557]
[[139942207197,63988065,-56684721,-274768,-1,1],686921]
[[4180,-1881,-1463,-209,0,1],686983]
[[323,-69,-741,-177,-2,1],687035]
[[50,278,-64,-53,-1,1],687052]
[[-6340342439,-78472431,17232493,-274840,-1,1],687101]
[[1109649,168385,-2405,-835,0,1],687175]
[[-1920,-2695,-1194,-181,-1,1],687385]
[[454025035,-48408800,-2365430,-27505,0,1],687625]
[[403558731,25006590,-145541,-13231,0,1],688012]
[[7817,6599,-66,-171,-1,1],688189]
[[-9522,-30162,-8380,-663,-1,1],688324]
[[91465976,5396852,-56134,-5294,-2,1],688428]
[[238059555869,2325977433,-27347657,-275404,-1,1],688511]
[[3,41,-193,-139,-1,1],688537]
[[-5871,2518,575,-157,-1,1],688543]
[[-3639,2315,185,-134,-1,1],688609]
[[-164,-1368,-911,-157,-1,1],688664]
[[396,416,-71,-60,-1,1],688725]
[[-26,-120,-140,-51,-1,1],688732]
[[5124,1044,-653,-159,0,1],688851]
[[-20352,9299,-89,-234,-1,1],689049]
[[11750,4025,-284,-162,-2,1],689105]
[[1705,1396,-205,-105,0,1],689164]
[[1013384,94404,-11766,-1117,-1,1],689164]
[[33391118916,-2751448959,-56596365,-275676,-1,1],689191]
[[-489,4066,-75,-140,0,1],689223]
[[779,-94,-341,-83,0,1],689236]
[[61158,6805,-3707,-513,-2,1],689409]
[[-2222,-1029,1068,-160,-2,1],689464]
[[-26811,6480,864,-237,-1,1],689683]
[[19561427,1927073,-13645,-2807,-2,1],689919]
[[1292300,297080,4209,-1450,-2,1],690083]
[[16683,5377,-383,-187,0,1],690169]
[[-4982084487,235186107,328323,-30684,-1,1],690399]
[[74068,-2990,-4940,-490,0,1],690400]
[[-773309953,45578970,509072,-26125,-1,1],690457]
[[-528581910,17466473,213328,-9522,-2,1],690461]
[[7584,3772,-78,-147,-1,1],690469]
[[-234883314480,-7234423534,-75483383,-276192,-1,1],690481]
[[-3991376080,291398672,290006,-34523,-2,1],690492]
[[-8904788192,-1456968718,-42627597,-276264,-1,1],690661]
[[-59585733772,-4043102732,-65840479,-276292,-1,1],690731]
[[-21569,7188,409,-187,-1,1],690757]
[[13705407,4977639,38278,-5316,-1,1],691132]
[[-14598,6741,145,-197,-2,1],691369]
[[-3580673240,87736762,418663,-18242,-1,1],691691]
[[-270536553,12540069,616289,-18242,-1,1],691691]
[[1350080964036,10212978879,-28862355,-276724,-1,1],691811]
[[6003,1567,-435,-129,0,1],691873]
[[48434432,1216096,-158935,-5807,-2,1],691961]
[[-8083,5587,-235,-229,0,1],692017]
[[-53265539537,1128661999,1190522,-69216,-1,1],692164]
[[487916703,1005456807,-193806,-69216,-1,1],692164]
[[11817257055,59960783,-7115446,-69216,-1,1],692164]
[[21077,6450,-2143,-423,-2,1],692219]
[[-26108,85178,-3449,-959,-1,1],692244]
[[-28136848589,283434614,4969288,-59345,-2,1],692377]
[[72,72,-94,-48,0,1],692388]
[[-131995426816,5197987248,-32487455,-276960,-1,1],692401]
[[-354300,70865,2335,-576,-1,1],692505]
[[3308,3465,518,-181,-2,1],692537]
[[-227908208749,-7962207393,-81265335,-277072,-1,1],692681]
[[2508467818504,15740643746,-31392303,-277072,-1,1],692681]
[[2962634752,70221904,-638900,-19799,-2,1],693021]
[[-4,80,-238,-117,-1,1],693172]
[[221,-445,281,-59,-1,1],693184]
[[-5107252,-1118205,143245,-4189,-2,1],693271]
[[776468268,97547310,-1247940,-34665,0,1],693300]
[[969,-849,-816,-152,-1,1],693468]
[[1251731,287191,1034,-1236,-1,1],693508]
[[346167337,41598516,73285,-14491,-1,1],693517]
[[318721345440,-9025589524,84820867,-277464,-1,1],693661]
[[172531306,29776601,-25531,-11100,-1,1],693775]
[[9595367,764740,-28914,-2489,-1,1],693805]
[[90101368,5972292,-221078,-8605,-2,1],694141]
[[-1023546563767,18461583259,5192399,-277668,-1,1],694171]
[[-87878,17175,992,-269,-2,1],694199]
[[-1062116,1594285,-422180,-11110,0,1],694375]
[[14,93,131,-45,-2,1],694503]
[[6039108741,186997063,-194471,-30868,-1,1],694539]
[[1012956,-592825,68407,-2442,-1,1],694593]
[[70,134,-6,-28,-1,1],694624]
[[180645286,16250605,-198987,-10473,0,1],694709]
[[-112229600,-16939006,-817243,-13183,-2,1],694727]
[[-792178,-595211,-71546,-2586,0,1],694772]
[[-244,163,38,-29,-1,1],695061]
[[588869823,-247945897,8703954,-69520,-1,1],695204]
[[14372,8141,-107,-197,0,1],695209]
[[151823,38868,-12628,-1189,0,1],695237]
[[64591395,-19352810,1601341,-24720,-2,1],695295]
[[353594435878,-9677650659,87255153,-278148,-1,1],695371]
[[6439924,509020,-15599,-1642,0,1],695387]
[[105,-77,-203,-76,-1,1],695583]
[[344,-949,594,-100,-2,1],695633]
[[200600,88680,-44,-703,-2,1],695657]
[[-25766,7549,2121,-513,-2,1],695671]
[[301,2482,79,-107,-2,1],695764]
[[-10186560,2433712,-37596,-4479,-2,1],696056]
[[9301768978,258505243,-554789,-32129,-2,1],696163]
[[2772,985,-360,-115,0,1],696375]
[[190,41,-303,-147,0,1],696401]
[[-13482408369,-2061996725,63708593,-278568,-1,1],696421]
[[-99,389,313,-90,-2,1],696427]
[[-49153262,3863176,328804,-20897,-2,1],696620]
[[33052100,3325310,-21676,-3869,-2,1],696708]
[[4396,2364,-413,-168,-2,1],696757]
[[13365,4378,-352,-165,0,1],696773]
[[23776,25385,-120,-510,0,1],696800]
[[1731840,328000,-9430,-1435,0,1],697000]
[[144,1088,122,-98,-1,1],697016]
[[779,-869,-685,-121,0,1],697069]
[[-13537957,1184874,19352,-2757,-2,1],697077]
[[2268648207,-183775123,4609997,-39844,-1,1],697277]
[[401,109,-208,-87,-1,1],697441]
[[-1863,1053,225,-96,-1,1],697447]
[[-5909055459,122347739,787269,-23815,-1,1],697451]
[[-129296033,-44223973,7727757,-278980,-1,1],697451]
[[-272141,54376,1554,-477,-1,1],697499]
[[110147246673,-5677549817,71341425,-279004,-1,1],697511]
[[222617,96633,271,-853,-1,1],697529]
[[707253489,33142032,-71245,-12039,-1,1],697577]
[[-2228084851831,19805851173,16660861,-279076,-1,1],697691]
[[62272661,4108478,-96657,-5555,0,1],697708]
[[2143,2514,155,-111,-2,1],697828]
[[300012,113863,-30994,-2320,-2,1],697931]
[[-33224,4228,1390,-223,-2,1],697972]
[[1064,652,-174,-80,0,1],698012]
[[17,102,-37,-51,-1,1],698275]
[[-3510972,440002,3553,-1429,-1,1],698364]
[[-33250499035,666729819,1491793,-55872,-1,1],698405]
[[52514,11625,-589,-217,0,1],698461]
[[480619,113338,-9699,-1159,0,1],698572]
[[-2805478759695,18556304701,24508677,-279460,-1,1],698651]
[[-4386267,645640,11899,-2916,-2,1],698661]
[[-381,-425,437,-90,-1,1],698769]
[[2071664181,54482787,-833868,-23292,-1,1],698772]
[[-7576,-20356,7826,-713,-1,1],698804]
[[11907,4305,-161,-139,-2,1],698873]
[[2336901229192,18425780378,-14061687,-279556,-1,1],698891]
[[13672,5444,-82,-158,0,1],698948]
[[-14258,10869,287,-235,-2,1],699037]
[[-514768,76926,2797,-598,-1,1],699281]
[[1655212,258595,-5821,-1171,-2,1],699419]
[[65504,18824,-316,-312,-1,1],699479]
[[-250,380,-4,-59,0,1],699604]
[[71148,18634,-726,-319,0,1],699688]
[[-379613025,15374950,129668,-8373,-1,1],699777]
[[3712,4384,288,-170,-1,1],699823]
[[-807152,174128,13692,-1686,-1,1],699949]
