[[-2754,7965,-512,-241,0,1],700021]
[[10825,3561,-825,-210,-1,1],700037]
[[-13602929,954320,71623,-3954,-2,1],700073]
[[-338,324,16,-45,-1,1],700092]
[[280921,63862,-14609,-1295,-2,1],700164]
[[-256,1408,101,-85,-1,1],700225]
[[2655391,590470,-19395,-2155,0,1],700375]
[[8546942124,253596447,-1457180,-60047,-2,1],700567]
[[2405,1034,-103,-77,-2,1],700596]
[[769,5184,-1405,-301,-1,1],700601]
[[-17173394,12010832,244172,-12909,-1,1],700796]
[[-1440395738,56717569,490334,-22821,-1,1],700943]
[[24764,7100,-1839,-415,-1,1],700972]
[[-80,-580,-579,-132,-2,1],701015]
[[5331,-5363,1723,-187,-2,1],701141]
[[12095,-1148,-3321,-410,0,1],701141]
[[64449,14025,-737,-253,0,1],701459]
[[-15311,9497,453,-225,-2,1],701525]
[[-188671450866,-8104258145,-83996869,-280644,-1,1],701611]
[[-79,2291,-79,-143,-2,1],701757]
[[-8,199,-20,-40,0,1],701888]
[[4676706668,280736494,-1834731,-45302,0,1],702181]
[[-402550460416,-2987313152,73095488,-280920,-1,1],702301]
[[223629,92381,-2428,-2182,-1,1],702460]
[[392145931924,-1372515411,-64434309,-281004,-1,1],702511]
[[-32022,14438,389,-241,-1,1],702616]
[[22552762,3453429,38496,-5022,-2,1],702643]
[[-7839377104,751603368,53461492,-281080,-1,1],702701]
[[126490,23830,-2000,-467,-2,1],702900]
[[-1851758440,192971326,552955,-31240,-1,1],702909]
[[-54250,97505,-11459,-3472,-1,1],703161]
[[-7691735,406997,38651,-2301,-1,1],703171]
[[-10618595793,201957189,1178517,-31260,-1,1],703359]
[[638,210,-170,-67,0,1],703548]
[[16,195,10,-43,-2,1],703552]
[[-113158214144,-6390494952,-77624572,-281452,-1,1],703631]
[[38127300560,515445864,-3281847,-56292,-1,1],703655]
[[-2531407,1723543,-11972,-3245,-1,1],703771]
[[6135,1919,-270,-112,-1,1],703796]
[[-31065,9529,443,-202,-1,1],703945]
[[5836443,861325,-9825,-1965,0,1],704125]
[[-1695311968,52910952,269804,-14824,-1,1],704159]
[[-573,1400,-52,-103,-1,1],704297]
[[44424,11160,-630,-235,0,1],704475]
[[2800,4152,903,-234,-1,1],704851]
[[103501067,-16473894,-1118257,-17241,-1,1],704869]
[[-3661207762,129954339,77728,-26671,-1,1],704887]
[[117,60,-206,-69,0,1],704889]
[[-14642,11586,146,-235,-1,1],704924]
[[244294236,-54797861,2559857,-31332,-1,1],704979]
[[26236,7078,-331,-164,0,1],705073]
[[-6064,2336,252,-114,-1,1],705197]
[[-408760,102553,-1056,-770,0,1],705419]
[[7624,5691,-1318,-412,-2,1],705419]
[[935296,127752,-2428,-694,-1,1],705467]
[[-3719,1021,324,-95,-1,1],705475]
[[101461194240,-2966481856,-68237024,-282204,-1,1],705511]
[[19874,5715,-953,-251,0,1],705607]
[[140,2,-101,-38,0,1],705793]
[[3496,1292,-798,-259,-1,1],706021]
[[384981978514,9669645217,24768269,-282420,-1,1],706051]
[[201069,21450,-3817,-495,0,1],706068]
[[983489556175,3573464415,-55159829,-282436,-1,1],706091]
[[-9272718300,148987396,1591189,-31384,-1,1],706149]
[[58926,-65843,21783,-2182,-1,1],706211]
[[155165,93063,4348,-928,-1,1],706376]
[[-79739600,4056676,46048,-3923,-2,1],706428]
[[-61064464,3483568,53880,-4416,-1,1],706624]
[[244,-60,-625,-215,0,1],706625]
[[-4406,1152,276,-81,-2,1],706732]
[[446,-919,572,-101,-1,1],706747]
[[-2925,3510,71,-125,-1,1],706771]
[[2257,1522,55,-82,-2,1],706999]
[[4102344,411138,-6777,-1255,0,1],707067]
[[-404,2748,-637,-250,0,1],707139]
[[2744,3479,-140,-140,0,1],707224]
[[-545455,85957,2947,-713,-1,1],707291]
[[-1540,2727,98,-109,-1,1],707389]
[[8,-413,-347,-77,0,1],707405]
[[-8224,2767,525,-159,-2,1],707407]
[[-1243752161279,10032812221,38687795,-283012,-1,1],707531]
[[3076502593,23399445,-2180483,-31464,-1,1],707949]
[[-336988503,31497738,281091,-14079,-1,1],708111]
[[36400,26910,2444,-489,-2,1],708136]
[[-48133769073,1003204951,2634370,-70816,-1,1],708164]
[[8696063,-8870733,558646,-10120,-1,1],708428]
[[-817,441,70,-46,-1,1],708512]
[[-21715,7036,465,-177,-2,1],708547]
[[-251,175,72,-39,-1,1],708731]
[[5577360711,229953463,-1332702,-70888,-1,1],708884]
[[-14917,23851,-415,-576,-1,1],708983]
[[27498,-17879,-10116,-1068,-2,1],708992]
[[-3456,7280,508,-273,-1,1],709029]
[[4416487,728448,-8672,-1897,0,1],709207]
[[-34537601,7377264,33442,-5769,-2,1],709247]
[[70293864213,-5116715039,73395363,-283708,-1,1],709271]
[[-8749,14135,-4745,-785,0,1],709325]
[[7600,2500,-359,-137,-1,1],709516]
[[-6497,-8005,-3249,-448,-2,1],709525]
[[-9539,4928,231,-147,-1,1],709789]
[[422324,64735,-3705,-635,0,1],709825]
[[146822973,6814800,-104115,-6310,0,1],709875]
[[-7916095440,-89864400,6372556,-56796,-1,1],709955]
[[497831,155329,5571,-1164,-1,1],709997]
[[-10089557545,138071123,2706179,-40572,-1,1],710017]
[[-855380736,1240704,2199024,-40572,-1,1],710017]
[[7042740678,388514205,-422910,-47339,-2,1],710109]
[[-415650907,10301767,362937,-10586,-1,1],710171]
[[11033193907,-605556861,11022366,-71020,-1,1],710204]
[[7625168,685085,-38915,-2715,0,1],710425]
[[2435,1681,-82,-114,-1,1],710444]
[[-2658393472874,16053462777,33740285,-284248,-1,1],710621]
[[21954326418,278320635,-4426490,-60915,0,1],710675]
[[-20610,7261,474,-199,-2,1],710759]
[[504,564,6,-93,-2,1],711108]
[[17,253,29,-38,-1,1],711243]
[[-10261,3955,350,-180,-1,1],711388]
[[187,344,-151,-93,-1,1],711467]
[[6461,3054,9,-109,-2,1],711796]
[[-13531981080,255534226,971483,-31644,-1,1],711999]
[[-319789620112,-9104646704,-86524792,-284808,-1,1],712021]
[[5350689,842878,-5290,-2037,-1,1],712053]
[[693,610,-540,-465,0,1],712075]
[[113343,28010,-1315,-440,0,1],712075]
[[-14496000,917700,28647,-2300,-1,1],712485]
[[-45618688,12473860,0,-7692,0,1],712792]
[[110743,21910,-5515,-715,0,1],712900]
[[4970,-8876,4505,-467,-1,1],712908]
[[-8593,3522,495,-159,-2,1],712996]
[[-1696,2280,-142,-259,-1,1],713273]
[[3206733474233,19957078383,-27192559,-285336,-1,1],713341]
[[433379,90590,-1194,-631,-1,1],713441]
[[-87779492,7868310,117361,-8611,-1,1],713516]
[[2986736,59529,-78097,-4703,-2,1],713531]
[[-157357,23952,5167,-679,-2,1],713564]
[[-105486374800,2958733488,-3368952,-285504,-1,1],713761]
[[-141108776,6813420,181750,-7755,-1,1],713953]
[[-8350,-2485,2020,-249,-2,1],714005]
[[188840604,-115159945,4190201,-40800,-1,1],714007]
[[1396,890,-7,-63,-1,1],714133]
[[942,575,-319,-110,-1,1],714199]
[[24000,4375,-5500,-700,0,1],714200]
[[937,362,-249,-93,0,1],714292]
[[-15423671,714542,54705,-2887,-2,1],714373]
[[523,426,-41,-68,0,1],714501]
[[-209,84,82,-37,-1,1],714511]
[[-966278456,54317428,0,-16621,0,1],714703]
[[-1841,1933,227,-107,-2,1],714709]
[[1604081929676,7343169485,-52035620,-285910,0,1],714775]
[[403,1022,-797,-203,-1,1],714789]
[[35980,-24252,5492,-433,-1,1],714956]
[[273,246,0,-31,-1,1],714987]
[[215881472175,-7745192911,83429817,-286012,-1,1],715031]
[[97612200,587125,-341600,-9150,0,1],715225]
[[11762499,1083394,-25287,-2887,-2,1],715484]
[[5018084043,-379028653,8387851,-61343,-2,1],715687]
[[-1079,2423,344,-312,-1,1],715748]
[[-37757,9530,565,-200,-2,1],715777]
[[80739,-198875,-41925,-2071,-2,1],716011]
[[-1247,2169,137,-97,-2,1],716107]
[[-320,831,-70,-73,0,1],716355]
[[-1187147995,-97570275,-2779535,-28655,0,1],716375]
[[95756654256,-4906660360,74578628,-286620,-1,1],716551]
[[-201743,-105940,-18285,-1065,0,1],716575]
[[932,120,-327,-93,-1,1],716600]
[[338,188,-72,-49,-2,1],716924]
[[8993281,746155,-148911,-8139,-2,1],716999]
[[13525,6083,82,-173,-1,1],717027]
[[199,511,-79,-81,0,1],717077]
[[671209,108460,-2134,-649,0,1],717101]
[[3576,2116,-416,-192,-2,1],717156]
[[-2175,4589,-320,-198,-1,1],717588]
[[-488299,88440,2402,-609,-2,1],717597]
[[-171,-1292,-779,-133,0,1],717668]
[[-5305416736,146376394,14270679,-287136,-1,1],717841]
[[-1490354,-520737,-59549,-2353,0,1],718027]
[[-39790581021,504553884,4334288,-61565,-2,1],718277]
[[-877557,-111767,35455,-1743,-2,1],718641]
[[-702,1611,-150,-121,-1,1],718723]
[[-245086731,-1605160,800461,-15130,-2,1],718751]
[[-225255483,9670791,80956,-6088,-1,1],718824]
[[38882,27685,-4860,-765,0,1],718975]
[[-10550,2415,615,-156,-1,1],719105]
[[-704,469,58,-57,-2,1],719107]
[[27987,7898,-217,-174,-2,1],719181]
[[33569,15768,-25,-297,-1,1],719309]
[[4666136,1462436,1598,-3995,-2,1],719388]
[[10377,1616493,-1419,-2763,-2,1],719397]
[[2489,1469,-199,-113,-2,1],719469]
[[12917,13344,785,-293,-2,1],719579]
[[-393687916947,-10511129061,-92193999,-287836,-1,1],719591]
[[286,453,22,-45,-1,1],719667]
[[-2989,1078,182,-79,-1,1],719677]
[[405952509,29062376,-485489,-16741,0,1],719863]
[[-6865616869,165132751,2965922,-71988,-1,1],719884]
[[2140,3340,21,-221,-1,1],719935]
[[-3504567494619,21691247229,26121999,-288004,-1,1],720011]
[[6581200,1140040,20853,-2861,-1,1],720119]
[[22644,6390,-355,-170,0,1],720125]
[[-5049887380,262817559,400094,-32928,-2,1],720335]
[[-36439,9162,572,-207,-1,1],720439]
[[-39622500,3148500,68151,-6806,-2,1],720471]
[[1328,744,-112,-81,-1,1],720532]
[[23804,8336,-371,-196,0,1],720673]
[[-49440571250,616644641,3500229,-57664,-1,1],720805]
[[8938090,223020,-100953,-4173,-1,1],720860]
[[6336422015,386456891,1961022,-72096,-1,1],720964]
[[28051696782,-2375201469,51535007,-288388,-1,1],720971]
[[891,1170,-147,-110,0,1],721057]
[[-909700725,-26341385,2394613,-32056,-1,1],721269]
[[-3312,4284,154,-137,-2,1],721291]
[[-418982,105385,-765,-765,0,1],721325]
[[-2447,962,150,-69,-2,1],721333]
[[-17747982,11916886,-8047,-7333,-1,1],721448]
[[-4410651132,108559512,614951,-22200,-1,1],721513]
[[-414099,12636,9513,-761,-2,1],721641]
[[358456018,3515710,-762940,-15465,0,1],721700]
[[5081,5904,113,-155,-2,1],721748]
[[-82227279,10876823,-74895,-10327,-2,1],721801]
[[2946114301,117068910,-210995,-22210,0,1],721825]
[[-541199484,24761718,189797,-11631,-1,1],721831]
[[16477798792,481954291,-12836,-48131,-2,1],721989]
[[522365819450,19683701845,-375451,-288808,-1,1],722021]
[[-9159,5508,-141,-178,0,1],722043]
[[967396,137317,-25419,-2975,-2,1],722051]
[[374436128736,-3283924312,-75635172,-288904,-1,1],722261]
[[2731999,4266035,-5403,-4333,-1,1],722387]
[[3,-41,161,-139,-1,1],722416]
[[1171268,-604964,97485,-4910,-1,1],722579]
[[-996802217104,5411361272,46884948,-289056,-1,1],722641]
[[-198139,66353,1173,-523,-2,1],722911]
[[4736689664,-1500674112,-64715888,-289168,-1,1],722921]
[[-407,-7854,-3223,-352,0,1],722997]
[[-17707,14810,-1265,-365,0,1],723100]
[[1748537961,-122110045,-6063779,-55631,0,1],723203]
[[-2864967,819764,-21035,-3005,0,1],723604]
[[2872940,1563004,-4424,-2763,-2,1],723604]
[[1209911,1266315,-113,-2258,-1,1],723629]
[[4961,2552,-95,-106,0,1],723653]
[[9207,8271,-51,-188,-1,1],723763]
[[-11180213434,189132321,1583567,-33407,-2,1],723853]
[[-6537352293,323632179,521254,-72396,-1,1],723964]
[[-143190,-56168,21606,-1483,-2,1],724028]
[[-719,1270,-141,-323,-1,1],724091]
[[-20,-32,102,-51,-1,1],724156]
[[-1915,2371,-380,-188,-1,1],724276]
[[60856486596,895627593,-2603331,-62081,-2,1],724297]
[[166617296922,5987632957,38157757,-289732,-1,1],724331]
[[-1615,2098,69,-119,-2,1],724349]
[[-2705,1156,191,-76,-2,1],724381]
[[1089,0,-726,-231,0,1],724383]
[[13974736,4753848,322870,-10348,-1,1],724388]
[[-152,-447,711,-127,-2,1],724541]
[[-25470231025,782404495,-202878,-72456,-1,1],724564]
[[19193964768,227273760,-3510890,-48315,0,1],724725]
[[4815,-4482,1424,-159,-2,1],724747]
[[512,178,-119,-49,0,1],724789]
[[-231172,82597,-1002,-747,-1,1],724877]
[[-2112844828771,16714895143,28042265,-289992,-1,1],724981]
[[98040144,7640216,-69710,-6971,0,1],724984]
[[-1049864980,-94121225,-2813485,-29005,0,1],725125]
[[93113,22028,-597,-296,0,1],725177]
[[-186480,102696,-9626,-1192,-1,1],725196]
[[1001353,307916,12487,-1776,-2,1],725483]
[[-3291947108,149297376,1151125,-32244,-1,1],725499]
[[18579,17758,-136,-277,0,1],725533]
[[-1343,2235,-385,-265,0,1],725575]
[[1491036816,318778014,1196415,-48371,-2,1],725589]
[[92890368,9741748,-566678,-15163,-1,1],725677]
[[14406,4123,-416,-163,-1,1],725743]
[[15069979407,274607765,-977369,-32256,-1,1],725769]
[[172200,54855,-142,-544,-2,1],725865]
[[5310,2394,-102,-117,-1,1],725940]
[[-36224,12884,146,-279,-1,1],726275]
[[-199278840989,18746788413,7756681,-290512,-1,1],726281]
[[9028,18784,-283,-313,-1,1],726292]
[[-52650,37125,-450,-450,0,1],726300]
[[-1648,1135,164,-83,-1,1],726333]
[[-6026,17433,-204,-310,-2,1],726356]
[[3495,800,-415,-115,0,1],726500]
[[-1165,1742,211,-159,-2,1],726572]
[[442114663680,-984340488,-67389916,-290724,-1,1],726811]
[[-27883771,-16839294,-1191269,-20191,0,1],726876]
[[-6938,1745,605,-144,-1,1],726953]
[[-2044,3455,-80,-140,0,1],727000]
[[51308467,7998698,-161621,-8387,-2,1],727012]
[[259,-1500,1327,-208,-2,1],727087]
[[1041,1230,-20,-75,0,1],727125]
[[-1022,-144,498,-115,-2,1],727156]
[[117327,31046,-185,-357,-2,1],727276]
[[-1924007450240,8884441176,52427460,-290940,-1,1],727351]
[[-28354427,2728629,20589,-4140,-1,1],727393]
[[10817606696,215260580,-814940,-29105,0,1],727625]
[[-1157,433,229,-75,-2,1],727733]
[[1345,503,-188,-77,-1,1],727767]
[[11,440,-803,-286,0,1],727793]
[[-5994,6417,-537,-247,-2,1],728123]
[[7344239,887330,-170641,-6935,-2,1],728343]
[[-255360,-59936,26068,-1599,-2,1],728424]
[[15088675,-2529250,-305775,-7550,0,1],728575]
[[65,-621,460,-89,-1,1],728641]
[[-5392,1896,716,-172,-1,1],728677]
[[-263,-84,270,-75,-2,1],728749]
[[83,171,31,-28,-2,1],729025]
[[25,-178,-288,-105,0,1],729163]
[[29129,7308,-691,-225,-2,1],729179]
[[735363541949,19352333110,-10355705,-291710,0,1],729275]
[[-10038049,1142332,1905,-2414,-2,1],729377]
[[-225749443,16580630,65645,-12155,-2,1],729396]
[[-672200,103722,2445,-642,-1,1],729443]
[[16369,16735,2257,-577,-2,1],729443]
[[15406,8332,-250,-241,-1,1],729596]
[[-1106,622,100,-51,-2,1],729748]
[[4124,2378,-99,-111,-1,1],729772]
[[114744004,7894258,-4095,-6231,-1,1],729964]
[[-2960,4480,-828,-240,-1,1],730205]
[[123897574288,-5331685256,-80559084,-292092,-1,1],730231]
[[607,2743,-3207,-467,-2,1],730235]
[[-22769952,5946544,32814,-6163,-2,1],730268]
[[14798889,4472100,19413,-5205,-1,1],730287]
[[-5904,-62484,-20845,-1305,-1,1],730292]
[[-8576454160,726621906,-8563347,-292264,-1,1],730661]
[[1143152,-259154,-64060,-2777,-2,1],730856]
[[2124,571,-371,-112,-1,1],730881]
[[273,4,-195,-69,-2,1],730900]
[[760,775,-30,-57,0,1],730975]
[[-535377,89552,2543,-720,-2,1],730989]
[[24,25,-96,-41,0,1],730992]
[[957001,53692,-15159,-1178,0,1],731011]
[[28643,-22591,5459,-444,-1,1],731027]
[[27189,8094,-266,-187,-2,1],731329]
[[3351925,535033,-2057,-1517,-1,1],731443]
[[-3275068416,-253311261,-6060312,-48767,-2,1],731529]
[[-254725249096,-8684771518,-87600441,-292684,-1,1],731711]
[[39,105,-2,-46,-1,1],731712]
[[49126,15081,-332,-258,-2,1],731779]
[[-824537,-859295,-160273,-5793,0,1],731849]
[[7171,6999,146,-268,-1,1],731852]
[[641167,81645,-3759,-664,-1,1],731995]
[[177397,13519,-6479,-682,0,1],732017]
[[-271,-990,-605,-110,0,1],732125]
[[-375516021,-370747349,10045290,-73216,-1,1],732164]
[[-85826529189,1362462979,2431050,-73224,-1,1],732244]
[[47427233931,1124483679,-1230170,-73224,-1,1],732244]
[[192,226,-12,-38,0,1],732544]
[[-720656892,59147908,740929,-41860,-1,1],732557]
[[-134,-91,384,-94,-2,1],732617]
[[-217,3663,173,-126,-2,1],732663]
[[647209,140148,-10915,-1231,-1,1],732683]
[[-45021,17474,-8,-319,-2,1],732727]
[[1225,1780,471,-137,-2,1],732740]
[[460443,188138,-24755,-4951,0,1],732748]
[[-12305687,2152196,3384,-3927,-2,1],732835]
[[11182996,3454660,-20295,-4510,0,1],732875]
[[3768,3200,34,-132,-2,1],732988]
[[1774263232,26633496,-1058824,-20362,0,1],733032]
[[-8352,2952,272,-126,-1,1],733069]
[[396144,1588506,-2882,-3013,0,1],733076]
[[20,-612,-570,-121,-1,1],733204]
[[74,11,-84,-41,0,1],733248]
[[-3817,3564,-319,-176,0,1],733293]
[[-665136,24468,11992,-907,-2,1],733337]
[[-2577825,280584,5571,-1041,-1,1],733367]
[[94432,110785,-385,-915,0,1],733525]
[[-61811181,8865369,3726,-6986,-1,1],733572]
[[-19992959,1306768,22342,-2279,-2,1],733593]
[[-251713,71897,1268,-576,-1,1],733600]
[[1319,1054,29,-71,-1,1],733617]
[[-1347,-306,593,-115,-2,1],733668]
[[135542318,4701616,-157180,-6429,-1,1],733708]
[[-23088,-23074,-6983,-621,-2,1],733733]
[[-1490478257681,11711017809,37482555,-293520,-1,1],733801]
[[12395251387,86697475,-6222658,-73380,-1,1],733804]
[[-638,1175,87,-69,-2,1],734143]
[[37953,10908,-651,-254,-2,1],734211]
[[-1435,2542,-41,-123,0,1],734228]
[[-339523631748,7587070569,-19179681,-293716,-1,1],734291]
[[27,430,-111,-84,-2,1],734369]
[[-1164,1700,-25,-123,-2,1],734409]
[[-1370513816,653813978,6374861,-293772,-1,1],734431]
[[102947,27813,-205,-339,-2,1],734517]
[[65816,97224,-3374,-880,-1,1],734708]
[[1199939,202440,-5302,-1205,0,1],734809]
[[-703465700800,-959446888,72961964,-293964,-1,1],734911]
[[672,1702,395,-168,-1,1],735003]
[[-1823,2030,-105,-136,-2,1],735037]
[[-1259327935,-106446100,-2969905,-29405,0,1],735125]
[[-8066188,-7054891,-616372,-11993,-1,1],735151]
[[95,201,32,-87,-1,1],735343]
[[438993,116085,-6035,-1917,0,1],735347]
[[127192,25556,-833,-323,-1,1],735372]
[[408348993681,-10672500141,94041801,-294156,-1,1],735391]
[[385826,227385,-620,-1085,0,1],735475]
[[439829,1294480,-198585,-7355,0,1],735500]
[[-3122,-3490,-1306,-177,-1,1],735532]
[[35100,44740,2764,-796,-1,1],735592]
[[2089804980,205932724,-1096056,-36780,-1,1],735608]
[[40,150,-5,-25,0,1],735875]
[[-3654580,111944,33152,-1857,-1,1],735932]
[[-1955220624,-142746440,-3581745,-32710,0,1],735975]
[[-1352,-648,8570,-761,-2,1],736073]
[[-178,-979,-624,-113,0,1],736119]
[[-161190121,-27500386,-1498587,-26291,0,1],736148]
[[2296,1312,-82,-82,0,1],736196]
[[-4687,5638,833,-215,-2,1],736205]
[[-419990,-62267,31121,-1787,-2,1],736307]
[[17665,5484,-229,-149,0,1],736468]
[[959513,35872,-16810,-1231,-1,1],736613]
[[990445624,-135037875,4323711,-42100,-1,1],736757]
[[-9009350081,-567499277,-11112814,-73692,-1,1],736924]
[[-3308,1442,501,-187,-1,1],737045]
[[10308036067,201444180,-807199,-27889,-1,1],737077]
[[3320784899,-330222477,9670542,-73708,-1,1],737084]
[[130595950,42896209,-182015,-15251,-2,1],737209]
[[409695,81939,-1337,-573,0,1],737451]
[[2513524,138611,-22943,-1604,-1,1],737451]
[[-39062,13742,2170,-389,-1,1],737484]
[[-556,3557,-108,-174,0,1],737957]
[[167569164801,-6098946561,72823965,-295192,-1,1],737981]
[[2908175,518500,-1525,-1525,0,1],738100]
[[-99772185584,-4767575584,76826756,-295260,-1,1],738151]
[[-188176681234,-7492723899,-82467347,-295264,-1,1],738161]
[[-104,740,-118,-86,0,1],738244]
[[32735,9441,-1273,-367,-1,1],738331]
[[17591,7161,14,-189,-1,1],738409]
[[26942,-40320,10520,-729,-2,1],738468]
[[227421,-36315,-15477,-1061,-1,1],738649]
[[-653,598,-8,-65,-1,1],738773]
[[118483065774,16977211021,-12795687,-295512,-1,1],738781]
[[-17095488,1978056,-7944,-3310,0,1],738792]
[[-20980,6626,485,-170,-2,1],738819]
[[-2738,1850,156,-87,-2,1],738844]
[[-637,327,61,-38,-1,1],738997]
[[-2541587,411884,80625,-3849,-2,1],739019]
[[443375,71225,-2295,-597,-2,1],739025]
[[-16009612,1781534,-3011,-3193,-1,1],739044]
[[-506,-2849,-1639,-253,0,1],739079]
[[3366739133,1160994211,-58051485,-295728,-1,1],739321]
[[47859730281,633824983,-3128455,-56881,0,1],739453]
[[42705663,7394920,-554619,-14221,0,1],739492]
[[-19,-518,567,-104,-2,1],739549]
[[3304873279974,21541901369,-24646171,-295872,-1,1],739681]
[[-1301504,183048,3725,-863,-2,1],739757]
[[-11001423720,254508224,756726,-31706,-1,1],739816]
[[51521969736,595675026,-4477495,-63419,-2,1],739907]
[[-111896,-96205,-24282,-1917,0,1],740033]
[[-393,354,23,-49,-2,1],740100]
[[14719,5350,-493,-247,-2,1],740597]
[[-59817075,4176955,119882,-6063,-1,1],740601]
[[-729,2305,-737,-195,0,1],740653]
[[-30,100,100,-69,-2,1],740700]
[[60624,13360,-630,-235,0,1],740700]
[[-24324795,2123562,62959,-5834,-2,1],740797]
[[-25872,21472,-1419,-528,0,1],740927]
[[35311,23522,2433,-522,-2,1],740927]
[[-3490722,431353,9748,-1450,-2,1],741080]
[[-22121045,1751027,18494,-2655,-1,1],741169]
[[216458,39050,-1452,-429,0,1],741268]
[[22984,8018,-80,-179,-2,1],741304]
[[935045768,94114060,-661490,-34215,0,1],741325]
[[648,424,-46,-52,-2,1],741348]
[[4305173655,81822100,-977653,-23073,-1,1],741645]
[[-32391450,6514270,93533,-14421,-1,1],741672]
[[106,175,-1,-28,-1,1],741717]
[[-4251,-7415,-3255,-435,0,1],741725]
[[-81,645,-93,-83,-1,1],741867]
[[155227,29610,-901,-351,-2,1],742100]
[[359,253,-33,-42,-2,1],742219]
[[284,-280,-408,-103,-2,1],742228]
[[89410770,4312175,-73322,-4808,0,1],742235]
[[440350,131125,-1200,-725,0,1],742525]
[[-1549,-479,854,-154,-1,1],742564]
[[416,868,-243,-110,-1,1],742591]
[[-1024,208,887,-180,-1,1],742657]
[[215757,2314035,-154635,-7015,0,1],742675]
[[119773107,-5612690,-832885,-15915,0,1],742700]
[[-173,208,82,-93,-2,1],742801]
[[1328,1416,0,-84,-2,1],743008]
[[-3352213435328,23035369128,23246076,-297264,-1,1],743161]
[[8107,4719,-121,-286,0,1],743193]
[[-2305349155248,12973126336,43472336,-297348,-1,1],743371]
[[-207,-162,339,-78,-2,1],743373]
[[-29214,8327,435,-191,-2,1],743533]
[[3433129313,81564406,-727261,-22307,-2,1],743620]
[[-3753584993,141687768,-98897,-28141,-1,1],743737]
[[-1416022597,-115092340,-3094520,-29755,0,1],743875]
[[455415,656284,-2426,-1743,-2,1],743895]
[[5653967271,150869560,-430683,-26102,0,1],743907]
[[-2896,2768,105,-111,-1,1],743956]
[[-87232,-88144,25032,-1483,-2,1],744013]
[[40734,-55025,-15283,-1023,0,1],744217]
[[-339879,2136,11085,-869,-2,1],744363]
[[61,755,-3,-71,0,1],744439]
[[-221195357857,-5290292659,83593695,-297804,-1,1],744511]
[[12025,3779,-466,-165,-1,1],744523]
[[-2223779,333166,6831,-1271,-2,1],744572]
[[-363,1452,-1210,-429,0,1],744579]
[[225714,89401,4218,-877,-1,1],744601]
[[-1801474392,101495876,128074,-22337,-2,1],744620]
[[-282402,72263,3313,-643,-2,1],744689]
[[-924102824,-134416040,-5737270,-74510,0,1],745100]
[[-187277385,-62894015,4095097,-59608,-1,1],745105]
[[-1234100,384375,-2050,-5125,0,1],745175]
[[-192228293,-47433725,7839546,-74520,-1,1],745204]
[[9600,3210,-171,-116,-1,1],745227]
[[-20875,8545,3584,-1235,-1,1],745287]
[[-22384,15646,-185,-357,-2,1],745349]
[[1593,1872,-201,-138,0,1],745497]
[[579946,79261,-8240,-966,-2,1],745585]
[[24,-1889,-1375,-217,0,1],745597]
[[-295986224,12000476,99025,-6816,-2,1],745675]
[[42974,-3315,-6280,-685,0,1],745675]
[[-155101,73054,806,-543,-1,1],745679]
[[-6514945425,816019955,-2595398,-74580,-1,1],745804]
[[-116518520064,1236310012,28549645,-298324,-1,1],745811]
[[-112,-359,-305,-76,-1,1],745911]
[[72310018,5166535,-32065,-4565,0,1],746075]
[[3519484,-109376,-109607,-4270,-2,1],746263]
[[43815333,-19014826,972049,-14587,-2,1],746263]
[[438,256,-140,-69,-2,1],746316]
[[-81,-431,-453,-99,0,1],746447]
[[137187,26576,-1024,-351,-2,1],746487]
[[2190,3833,497,-236,-1,1],746509]
[[-563864,82988,4609,-725,-1,1],746604]
[[-2471,396,535,-121,-2,1],746732]
[[-23770994344,213106866,22016283,-298728,-1,1],746821]
[[-112857,-81890,-18465,-1240,0,1],746825]
[[395,355,-30,-48,-1,1],746900]
[[718159304235,4101640843,-46099347,-298764,-1,1],746911]
[[2085912,-720756,78200,-2843,-2,1],746923]
[[-64,1272,264,-213,-2,1],746936]
[[-393824,41720,7683,-819,-1,1],747100]
[[2769464,554800,-32302,-2750,-1,1],747192]
[[-2204,615,782,-154,-2,1],747232]
[[6247,3007,-1102,-241,-1,1],747275]
[[8634069,982852,-15674,-2305,0,1],747281]
[[-80728,13743,6151,-1171,-2,1],747307]
[[-31889,-35936,-12920,-1451,-1,1],747389]
[[-1617,4341,-1746,-353,-1,1],747441]
[[9478222282,217558875,-568195,-29905,0,1],747625]
[[463,1642,61,-114,-2,1],747773]
[[-2028,767,157,-61,-2,1],747829]
[[5497513,784092,-9593,-2353,0,1],747892]
[[326222614,-34351628,1235116,-16025,-2,1],747908]
[[1446,1164,-198,-107,-1,1],748404]
[[25,30,-16,-17,0,1],748415]
[[11848,5576,-48,-173,0,1],748493]
[[231,328,-5,-42,-2,1],748503]
[[1570966743,-272254409,-26736813,-299404,-1,1],748511]
[[4061408,667639,-25534,-5257,0,1],748747]
[[4871722968,134486136,-369414,-24960,-1,1],748812]
[[-2209963016,76987594,144772,-18719,-2,1],748824]
[[-11122,5373,264,-151,-1,1],748831]
[[233,-209,-327,-89,-2,1],748831]
[[1523686240624,16981148590,4104087,-299568,-1,1],748921]
[[2237,3481,-59,-190,-1,1],749137]
[[-226209,61236,39,-593,-2,1],749196]
[[82424,64202,2377,-787,-1,1],749239]
[[-465284,243692,1230,-1159,-1,1],749332]
[[-208160,1202124,-10408,-2602,0,1],749376]
[[-11115384,3683461,-147295,-10531,-2,1],749435]
[[-416,828,-63,-85,-1,1],749503]
[[-7059,7376,106,-213,-2,1],749833]
[[157012188486,-7865627789,87496115,-299952,-1,1],749881]
[[1209114855,70415811,-1343457,-33336,-1,1],750069]
[[-1119255,85655,13517,-1158,-1,1],750245]
[[640608,98440,-4004,-877,-2,1],750248]
[[-3072615174,94555260,226278,-20203,-1,1],750412]
[[2625162727,68403442,-331261,-16079,-2,1],750428]
[[-1700210359386,21813560315,9217503,-300244,-1,1],750611]
[[82575,53595,4839,-843,-2,1],750669]
[[696741,99334,-2000,-621,-2,1],750783]
[[232,268,-152,-104,-2,1],750816]
[[-164880512,8037768,87511,-6506,-1,1],750947]
[[124036376,9725328,-66122,-6949,-2,1],750967]
[[-1078978915,34052336,225934,-11767,-1,1],751037]
[[-2916,1565,257,-102,-1,1],751231]
[[20520341481,629440788,-764595,-50081,-2,1],751239]
[[-2784007642,70986929,872228,-23114,-2,1],751257]
[[-92138561942,-4659428377,-71014861,-300528,-1,1],751321]
[[-41282,-56115,-19715,-1265,0,1],751325]
[[-9277,14869,79,-260,-1,1],751327]
[[-5491,2023,281,-116,-1,1],751359]
[[-737477568,-76550085,-2614785,-30055,0,1],751375]
[[77,682,-99,-143,0,1],751388]
[[853347416832,-276545,-73134131,-300592,-1,1],751481]
[[2377944,62532,-30744,-1832,-2,1],751776]
[[2269,501,-348,-103,-1,1],751793]
[[606746004905,-13330958933,103663837,-300736,-1,1],751841]
[[-23519,7794,737,-208,-2,1],751901]
[[-58300,25894,-539,-396,0,1],751927]
[[45729,914580,-116863,-5081,0,1],751988]
[[6246,1784,-646,-169,-1,1],752084]
[[661,13,-501,-143,0,1],752363]
[[-4495358441,115193512,409906,-21497,-2,1],752451]
[[-2864,1794,386,-193,-2,1],752492]
[[-3246352,-367928,160287,-8136,-1,1],752617]
[[5753,-3146,-4917,-539,0,1],752708]
[[-13100,10465,222,-225,-2,1],752752]
[[319,-1347,-1690,-265,-1,1],753013]
[[-844040,122566,6844,-951,-2,1],753016]
[[1024305507024,14248123648,13313588,-301212,-1,1],753031]
[[8181534855,200360911,-3524246,-75304,-1,1],753044]
[[-37999540,-9506908,-711976,-14040,-1,1],753076]
[[120979,263245,-68007,-12911,-2,1],753235]
[[-4707,2496,454,-137,-2,1],753245]
[[-10879,17248,-5621,-704,0,1],753511]
[[62981605928,-4327208718,77069105,-301404,-1,1],753511]
[[-792,12380,286,-227,-2,1],753532]
[[1963745649,48043035,-949855,-24535,0,1],753575]
[[-5,21,64,-37,-1,1],753709]
[[60268,12686,-1009,-279,-1,1],753764]
[[-1387,-2274,-1102,-169,-1,1],753847]
[[241613,-110618,-58220,-2911,0,1],753949]
[[-13,55,-31,-37,0,1],754051]
[[4106,2971,158,-163,-1,1],754129]
[[870020,251186,-5403,-1567,-1,1],754196]
[[-17489,32938,3423,-575,-2,1],754447]
[[48945966,3359041,-84253,-6534,-1,1],754519]
[[-12008957,149657,98130,-4051,-1,1],754681]
[[-563796293,278956605,3363411,-60384,-1,1],754805]
[[-53631,-386982,-71982,-3437,-2,1],754929]
[[-96875,20885,951,-291,-2,1],754981]
[[-5025,4750,-96,-175,-2,1],755083]
[[332602,155112,3806,-2051,-2,1],755108]
[[-1105,803,115,-81,-2,1],755377]
[[-15379657083,709303434,-1204399,-64751,-2,1],755447]
[[-424677707,26008684,72416,-10473,-1,1],755581]
[[-76513105817,-3902837721,-62366223,-302308,-1,1],755771]
[[-47442,12709,519,-247,-2,1],755909]
[[65449,17350,-393,-257,-1,1],755975]
[[889,1800,157,-213,-2,1],755977]
[[1503675,129765,-11111,-1107,0,1],755999]
[[-5107767688,70685794,1717103,-28802,-1,1],756063]
[[-3710442572,221667951,-1049867,-43204,-1,1],756077]
[[-14121,4653,273,-136,-1,1],756097]
[[10907373200,299625360,-2438005,-60496,-1,1],756205]
[[16,155,-70,-52,-2,1],756297]
[[20373529158,758561421,-946615,-64835,-2,1],756427]
[[-325975,51879,1961,-466,-1,1],756679]
[[33408,32080,-2352,-775,-2,1],756712]
[[2240,809,-200,-82,0,1],756739]
[[-4115890,-1665959,-175588,-5330,-2,1],756791]
[[-9552,4364,49,-153,-1,1],756868]
[[-611,-952,-501,-93,0,1],756892]
[[-20853,2652,1203,-201,-2,1],757089]
[[34024893224,813971230,350441,-64895,-2,1],757127]
[[-2331162747,44096238,850069,-19111,-2,1],757153]
[[369,-984,-697,-123,0,1],757188]
[[4711330028,-274869791,5657271,-43284,-1,1],757477]
[[-1016632593,69932118,130172,-17389,-1,1],757681]
[[-1958878178091,9515237751,53251929,-303084,-1,1],757711]
[[8,50,56,-50,-2,1],757728]
[[72641024,4445760,-33680,-4210,0,1],757800]
[[-110400,31872,1304,-391,-2,1],757869]
[[-2013176,498264,14684,-2368,-1,1],757888]
[[2888000,1295952,-71268,-4345,-2,1],757912]
[[-13763277913,477538543,2061662,-75796,-1,1],757964]
[[-100420,20580,1526,-351,-1,1],758020]
[[448,420,-84,-115,-2,1],758072]
[[2457151283520,20748036432,-9643172,-303244,-1,1],758111]
[[345698571,24794816,49486,-12091,-2,1],758113]
[[-584739,514602,2802,-1561,-1,1],758123]
[[-164219064,-20427232,1739276,-28687,-1,1],758167]
[[159878372,10732159,-46826,-9005,0,1],758221]
[[352599900128,-1241503176,-71516348,-303292,-1,1],758231]
[[125,15,-131,-59,0,1],758269]
[[10800,4872,-108,-164,-1,1],758289]
[[-1363355280,35958288,1501426,-32498,-1,1],758296]
[[233507768,6059760,-1098446,-32498,-1,1],758296]
[[3750262225687,23044612451,-27998319,-303340,-1,1],758351]
[[7236835,-2028403,-318518,-8426,-1,1],758376]
[[1311,-4031,1801,-213,-2,1],758421]
[[629049708,38205996,142111,-15966,-2,1],758461]
[[-5576,268,1366,-214,-2,1],758516]
[[72050272841,-3466477379,55736123,-303408,-1,1],758521]
[[66583,-64231,15955,-1004,-1,1],758601]
[[-556981,80521,2622,-578,-1,1],758668]
[[1458529018,91338611,-24481,-24481,0,1],758911]
[[-1283608,-464774,-51423,-1967,0,1],758981]
[[583,459,-31,-53,-2,1],759071]
[[519113970,19471344,-121870,-8705,0,1],759076]
[[-155840,43837,4429,-843,-2,1],759197]
[[21781183,-4100432,-382644,-8267,0,1],759383]
[[1824127290,-143691543,3703077,-33756,-1,1],759519]
[[1985343,1462060,-89790,-4715,0,1],759525]
[[1680039608103,16323166247,-7991739,-303868,-1,1],759671]
[[-183216219488,-6930879784,-81378100,-303876,-1,1],759691]
[[-635,-1448,-882,-159,-2,1],759709]
[[106744,23936,-1870,-440,0,1],759836]
[[22114196811,771597267,-3556070,-75984,-1,1],759844]
[[6215748,1279611,-4665,-2411,-2,1],759969]
[[19908,9058,-399,-244,-2,1],759997]
[[368001,38161,-7099,-837,0,1],760027]
[[2230,-1041,-1321,-247,0,1],760113]
[[727,4580,1245,-280,-2,1],760397]
[[-28419,5000,1177,-218,-2,1],760477]
[[111690736196,-5697541553,80827109,-304204,-1,1],760511]
[[-138305791,5009573,142379,-6083,-2,1],760575]
[[960151,495610,-1345,-1410,0,1],760675]
[[-337,1175,-707,-258,-2,1],760729]
[[3138025664,232121760,-1133604,-38040,-1,1],760808]
[[-11901,7132,1201,-258,-2,1],760837]
[[85,304,-15,-41,0,1],760900]
[[4481,3879,121,-139,-1,1],760993]
[[1231762,416493,-2304,-1438,-2,1],761036]
[[-41284,5778,4777,-895,-1,1],761057]
[[-13604202,1055721,17636,-2098,-2,1],761105]
[[-1458253,723697,4807,-1780,-1,1],761121]
[[328599,55660,-3155,-585,0,1],761425]
[[-1720575,1035225,1905,-2810,-2,1],761475]
[[-17039,5164,502,-187,-2,1],761609]
[[15987,7466,-518,-209,0,1],761741]
[[-6023,-5729,-1855,-214,0,1],761767]
[[8487116895,13247639,-6765530,-76188,-1,1],761884]
[[-2999,5715,-181,-235,-2,1],761903]
[[23110951,-14205448,-1000277,-16325,-2,1],761908]
[[107855,27764,-803,-341,0,1],761948]
[[-4426182,276693,53366,-2955,-1,1],762071]
[[-51156,10653,906,-225,-2,1],762111]
[[-113589,11781,6252,-849,-1,1],762321]
[[11263020656,-1265079720,40336388,-305116,-1,1],762791]
[[-5088,1510,216,-78,-2,1],762848]
[[10512,6132,-440,-192,0,1],762996]
[[8536,23430,-979,-451,0,1],763191]
[[-28944,2043,1797,-249,-2,1],763221]
[[-1953306716569,16062171373,20367005,-305352,-1,1],763381]
[[-329538101949,-9384127385,-90171745,-305356,-1,1],763391]
[[44748,42746,-308,-473,0,1],763444]
[[4994,-704,-1496,-231,0,1],763532]
[[36344225,3365639,-7768,-4800,-1,1],763700]
[[8178210,874997,-14294,-2042,0,1],763708]
[[-44212135453,1979657771,-9562413,-305508,-1,1],763771]
[[-446334458816,-1379888997,74149801,-305520,-1,1],763801]
[[25399032,-719472,-193902,-5657,-2,1],763911]
[[15371,15997,2687,-787,-1,1],763933]
[[-9499639,859287,20208,-2464,-1,1],763964]
[[44550,1089,-2970,-363,0,1],764016]
[[-68311,73483,-723,-620,-1,1],764027]
[[548046683,815999,-5103814,-76404,-1,1],764044]
[[2498808250799,15066479241,-42268961,-305632,-1,1],764081]
[[19586422651,93209079,-8313234,-76408,-1,1],764084]
[[13642,9962,1,-209,-1,1],764088]
[[3329007,1658635,-14685,-2915,0,1],764225]
[[1131641,195734,-1066,-1025,0,1],764281]
[[4851,1608,-479,-143,0,1],764308]
[[7963,7329,729,-246,-1,1],764335]
[[-14151984736,337454264,550376,-38219,-2,1],764412]
[[2035,2200,-1045,-385,0,1],764500]
[[-78825,13842,4094,-511,-2,1],764511]
[[657912857,4683896,-841219,-15975,-1,1],764537]
[[-9832,2308,614,-153,-1,1],764708]
[[-27105146944,1667985772,1437713,-305896,-1,1],764741]
[[4390656,-2909051,-349077,-9381,-2,1],764791]
[[47533960944,-3666156192,76541284,-305920,-1,1],764801]
[[-8,1216,136,-79,-2,1],764873]
[[26340,9681,-108,-241,-1,1],764883]
[[316320,275398,-1903,-1431,-1,1],764957]
[[157696694384,-6580544722,80386305,-306000,-1,1],765001]
[[-93557555503,14773527089,23475753,-306072,-1,1],765181]
[[-4486941,398061,10440,-1339,-1,1],765449]
[[-33063949,5378075,-91221,-6768,-2,1],765811]
[[-2178,697,436,-138,-2,1],765864]
[[-843,1474,232,-135,-2,1],765891]
[[-8777,-9929,4721,-478,-2,1],765985]
[[-167,161,73,-68,-1,1],765999]
[[26697692,3191543,27547,-4690,-1,1],766249]
[[560,-1017,-755,-136,-1,1],766279]
[[1109,2065,-67,-174,-1,1],766321]
[[212877335,40947892,241959,-16421,-2,1],766388]
[[-585489,100696,2515,-645,-2,1],766404]
[[3122,1990,-250,-137,-1,1],766404]
[[-41321,3630,2022,-277,-2,1],766459]
[[-74765039501,-4706156890,-70673605,-306610,0,1],766525]
[[1949600,289522,-2137,-1164,-1,1],766577]
[[-426392,1264432,203986,-10697,-2,1],766733]
[[-15062094910,-2726952711,-72794243,-306760,-1,1],766901]
[[900129,369823,24478,-2281,-1,1],766953]
[[-1337,530,229,-71,-2,1],767068]
[[40,-416,312,-65,-1,1],767075]
[[1935,4597,-121,-174,-1,1],767179]
[[106,227,-22,-34,0,1],767200]
[[100294,21830,-733,-303,-1,1],767224]
[[-617139,117891,2953,-883,-1,1],767296]
[[1819,105,-534,-135,-1,1],767317]
[[1,4272,1436,-269,-2,1],767561]
[[-47256046904,14981138,30619505,-307116,-1,1],767791]
[[9507188,-3281920,283931,-7490,-2,1],767889]
[[-35823446624,1028946760,-537670,-76810,0,1],768100]
[[527432,73260,-5510,-815,0,1],768100]
[[985,-3432,1732,-213,-2,1],768151]
[[249051,48535,-4245,-685,0,1],768175]
[[186957440,7720056,-186128,-8738,-1,1],768251]
[[130603949471,1550253487,-3597254,-76864,-1,1],768644]
[[2842593511,-284191113,-10054910,-76872,-1,1],768724]
[[-22219178463,863135099,34673327,-307660,-1,1],769151]
[[-2096699051,62743698,273705,-16194,-2,1],769291]
[[-625,273,120,-49,-1,1],769291]
[[-27722,23830,698,-325,-2,1],769356]
[[52698,-88418,29538,-1807,-1,1],769436]
[[-730226551244,13399641897,-21639493,-307816,-1,1],769541]
[[30321749655,951652287,400194,-76960,-1,1],769604]
[[2241,2736,-561,-175,0,1],769612]
[[2971278724,84274885,-325980,-18110,0,1],769675]
[[8100337,535388,-38349,-2625,-2,1],769708]
[[-346168193,22105685,-63835,-11265,0,1],769775]
[[4148804,753308,-1464,-2145,-1,1],769820]
[[39222321035,1081991107,1016194,-76984,-1,1],769844]
[[-15162249085,1349605939,708330,-76992,-1,1],769924]
[[962175349,34057210,-332305,-16210,0,1],769975]
[[17496,6624,-258,-205,-2,1],770047]
[[-420840270016,-10998653028,-97429383,-308028,-1,1],770071]
[[-1651,2629,3,-192,-1,1],770227]
[[-64692341,-12590354,-791217,-16505,-2,1],770308]
[[9577,-1544,-1711,-234,0,1],770351]
[[-86186939,5158990,99990,-6027,-2,1],770399]
[[1586,2766,432,-147,-2,1],770404]
[[-4254326073505,24979399487,29491333,-308164,-1,1],770411]
[[-87100,49375,-1175,-725,0,1],770425]
[[61940,-45669,10970,-873,-1,1],770429]
[[-88231,49782,-163,-515,-2,1],770513]
[[1511436794856,8965224491,-52182391,-308224,-1,1],770561]
[[2638,1856,-340,-135,-1,1],770692]
[[-13804,-3868,2763,-313,-2,1],770693]
[[-39982871080,-2658199386,-54044359,-308296,-1,1],770741]
[[39573,10180,-392,-201,0,1],770863]
[[32564403,1792835,-83695,-4405,0,1],770875]
[[764300,102828,-4815,-849,-1,1],770908]
[[110540299,5412752,-52127,-4625,-2,1],771100]
[[130430015,28542026,146519,-12851,-2,1],771156]
[[593051968,32316240,-48964,-12241,0,1],771183]
[[-133925,28102,4384,-823,-2,1],771187]
[[-4313854970507,25289078769,29214609,-308496,-1,1],771241]
[[-151853,521730,-8967,-1843,-2,1],771524]
[[-16615,-55497,-20840,-1945,-1,1],771557]
[[-521,-71,249,-62,-1,1],771691]
[[-5513,3848,222,-141,-1,1],771709]
[[-21127650467,489623809,1001079,-44100,-1,1],771757]
[[909884775,181069405,-86440,-30871,-1,1],771785]
[[904090681,17949165,-685730,-16129,-1,1],771907]
[[9329100,937750,-9075,-2200,0,1],771925]
[[691043149,45251760,-244330,-16135,0,1],772175]
[[-31186,7439,531,-180,-1,1],772211]
[[101375,43750,-375,-425,0,1],772300]
[[-320768,113160,-2785,-865,0,1],772425]
[[-22344993,7693224,-9955,-5973,0,1],772508]
[[433845,171672,-2177,-933,0,1],772524]
[[-8724,-5332,3094,-345,-1,1],772596]
[[4085741648,-788728322,39467013,-309060,-1,1],772651]
[[20175611,876741,-65993,-3363,-1,1],772829]
[[-674,429,112,-63,-2,1],772976]
[[-2080,-210,711,-136,-1,1],773045]
[[-2266598393,18842316,2369324,-35681,-2,1],773123]
[[96947712,7193568,2000,-6042,-2,1],773164]
[[-1759208049,65566865,394775,-18192,-1,1],773177]
[[-1543153,198129,6237,-1060,-1,1],773369]
[[7602551,687885,-17545,-2035,0,1],773575]
[[1316504133,163598515,-97996,-25788,-1,1],773652]
[[56,184,-832,-195,-1,1],773683]
[[-100,565,-669,-173,-2,1],773689]
[[-331,-920,-654,-131,-1,1],773729]
[[-284569,46885,1738,-454,-1,1],773900]
[[-11019398226,389743511,-513873,-61912,-1,1],773905]
[[-21695500352,413942788,1809250,-51593,-2,1],773919]
[[16546255,2173733,-30909,-5022,-2,1],774031]
[[-129550704,-15888640,2002336,-34404,-1,1],774099]
[[531954796,27485109,-679621,-18220,-1,1],774367]
[[-3798091,-749307,127863,-4140,-1,1],774443]
[[884900,206815,-138,-968,-2,1],774569]
[[-1736,1891,1550,-254,-2,1],774752]
[[314402,543895,-6138,-2046,0,1],774752]
[[-38014015056,-3837118210,-64867177,-309924,-1,1],774811]
[[2673,4056,-41,-163,0,1],774868]
[[-1876631,-702506,222114,-12641,-1,1],774871]
[[487873,11796,-30677,-2590,-2,1],775093]
[[-18100335,1831868,16841,-2747,-1,1],775297]
[[-10035827,2129962,-30404,-3917,-2,1],775323]
[[-299,1279,-1111,-279,-1,1],775567]
[[-3743438995648,20907714832,38066497,-310240,-1,1],775601]
[[99299200,15515500,-119350,-25575,0,1],775775]
[[-40005325,4780875,-47275,-6100,0,1],776225]
[[2835,864,-513,-168,-2,1],776313]
[[-58158,12609,1598,-323,-1,1],776369]
[[273413301856,-8699424136,90124628,-310560,-1,1],776401]
[[-5349874516,385831156,-3012615,-66551,-2,1],776447]
[[-17344,3936,860,-192,-1,1],776744]
[[-154593156,-24713057,-1324264,-24165,-1,1],776745]
[[-45,466,-60,-231,0,1],776749]
[[9859,-9091,2714,-273,-1,1],777043]
[[1871939130704,13037193696,-35372272,-310828,-1,1],777071]
[[46750,8525,-1375,-275,0,1],777095]
[[-4085192,-1250710,-114015,-3455,0,1],777375]
[[-3964,3234,207,-126,-2,1],777643]
[[-6817203,-3477289,-389441,-10728,-1,1],777809]
[[6800496,858608,-17091,-3205,-1,1],777821]
[[583,390,-35,-40,0,1],777875]
[[34300,17493,-133,-275,0,1],777881]
[[13987,23998,-639,-355,0,1],777947]
[[-2501,2382,710,-187,-2,1],777983]
[[174734765,11600415,-389635,-12448,-1,1],778025]
[[-5041514400,134550124,395618,-24207,-1,1],778095]
[[-33329949,-13091545,-747863,-12617,-2,1],778147]
[[127260,26338,-2209,-478,-2,1],778239]
[[-157060761,-21767834,-973115,-14971,0,1],778492]
[[93158,36556,-338,-389,-1,1],778492]
[[-555344446530,-1796591633,78069083,-311404,-1,1],778511]
[[-4180272,1052956,-1090,-2541,-1,1],778533]
[[-97172803,24135051,37179,-10048,-1,1],778751]
[[-42173,-30983,9979,-731,-2,1],779229]
[[-10320650309,273332458,2341420,-51953,-2,1],779319]
[[-33885,-33885,-9287,-753,0,1],779355]
[[-648,-579,530,-93,-2,1],779504]
[[-92240358,10237145,287089,-10752,-1,1],779549]
[[-240751,-106112,-16223,-911,-1,1],779743]
[[-21961600,2175440,36,-3337,-1,1],779779]
[[19192,6520,-834,-228,0,1],779812]
[[72444,103363,32562,-2521,-1,1],779833]
[[3611911,681341,-6072,-1803,-1,1],780077]
[[2549584528,68347140,-330115,-16422,-2,1],780121]
[[120080,25675,-1185,-395,0,1],780125]
[[-4371,6172,150,-159,-1,1],780127]
[[8919,-16917,6117,-573,-1,1],780129]
[[-106643,-11761,10258,-809,-1,1],780219]
[[-24573,4463,1187,-226,-1,1],780223]
[[5663,1116,-593,-147,-1,1],780577]
[[-62365534,4237107,643450,-20623,-1,1],780743]
[[-6100,11788,200,-221,-1,1],780804]
[[12268,1046,-1235,-221,-1,1],780804]
[[373595936,24138744,-883484,-44620,-1,1],780857]
[[224993,-9743,-11041,-873,-1,1],781187]
[[-797023,123050,3725,-863,-2,1],781284]
[[-414299868480,-11792651024,-103069228,-312520,-1,1],781301]
[[-7973084,-2489983,-237651,-6423,0,1],781465]
[[673409,83908,-4235,-693,0,1],781484]
[[-148,-65,184,-51,-2,1],781525]
[[-191527,317973,5080,-1305,-1,1],781837]
[[4066393603,26997055,-3140751,-44676,-1,1],781837]
[[491195943,31727283,-151517,-19735,-2,1],781873]
[[79294,11685,-6601,-697,0,1],781911]
[[-4422,5731,-847,-297,0,1],781957]
[[2001143,521110,-2790,-2015,0,1],781975]
[[-60323,12742,2081,-379,-2,1],782012]
[[587995826400,-13558697784,107697564,-312892,-1,1],782231]
[[-33,128,49,-28,-2,1],782293]
[[44865898396,763757071,-2527602,-60181,0,1],782353]
[[29152,7856,-620,-224,-1,1],782508]
[[-314940891,44523768,-35384,-15877,-1,1],782529]
[[9286040059,60298084,-4378853,-52169,-2,1],782559]
[[10808,2892,-758,-187,0,1],782631]
[[2511771123344,15677019096,-38757868,-313068,-1,1],782671]
[[-160992905,8408418,58097,-6179,-2,1],782876]
[[-421643551632,4574919736,26375852,-313252,-1,1],783131]
[[-3956,3453,-284,-181,-1,1],783151]
[[59984,42156,5249,-720,-2,1],783387]
[[17115263,2647854,-13684,-3421,0,1],783409]
[[3250,4387,292,-296,-2,1],783432]
[[2648,1880,-186,-107,0,1],783829]
[[-7437,800,1291,-242,-2,1],783859]
[[-45402040,19596875,-1912655,-31355,0,1],783875]
[[55,44,-75,-36,0,1],784025]
[[27136,7752,-317,-187,-2,1],784027]
[[-36929,13866,495,-262,-2,1],784033]
[[99,440,-121,-77,0,1],784124]
[[-28,68,-1,-53,-1,1],784244]
[[-9755,4193,172,-143,-1,1],784269]
[[-79244,16052,897,-262,-1,1],784289]
[[51584493,6723540,-298824,-12451,0,1],784413]
[[-5815906,-1431935,-118353,-3507,-2,1],784801]
[[78651686675,778641719,-6655138,-78480,-1,1],784804]
[[1325029959,101515846,-21211,-21211,0,1],784807]
[[-33054,521,3368,-390,-2,1],784872]
[[5041,3751,-7,-123,-1,1],784939]
[[-2576152,279382,8406,-1253,-2,1],785068]
[[3238602939,7254555,-2418185,-31405,0,1],785125]
[[-157494132,-29907315,-1411940,-20215,0,1],785275]
[[9287,8054,-147,-193,-1,1],785479]
[[-6446,3072,355,-149,-1,1],785524]
[[-242485,19198,5261,-565,-1,1],785587]
[[18000,4559,-7748,-843,-2,1],785929]
[[19958701,-836615,-231045,-7385,0,1],785975]
[[243,4320,396,-207,-2,1],786031]
[[136646864,121444064,-2147004,-44916,-1,1],786037]
[[-1143140,481303,4930,-1550,-2,1],786144]
[[-5077938,657881,14204,-2382,-2,1],786184]
[[16307479381,284321899,-3737532,-57933,-1,1],786239]
[[109103332075,1320628887,-4465866,-78624,-1,1],786244]
[[-701,1181,78,-73,-1,1],786245]
[[6227380567,1055214461,318991,-67391,-2,1],786247]
[[-257305294,15829157,23588,-9827,-2,1],786288]
[[2582421010,140708841,-249223,-24196,-1,1],786383]
[[86512475,1831750,-571075,-21550,0,1],786575]
[[-45754485853,-8604469811,-96701287,-314680,-1,1],786701]
[[-8100,21330,2457,-573,-1,1],786900]
[[11104417575,700495315,3242786,-78708,-1,1],787084]
[[100375,289217,26674,-2186,-1,1],787104]
[[14618071,1120049,-17054,-2186,-1,1],787104]
[[-13309,3544,677,-164,-2,1],787115]
[[-8534,13303,0,-251,0,1],787136]
[[91008754,-19333079,-2777762,-52475,-2,1],787149]
[[1313273,1329543,-278640,-10432,-1,1],787172]
[[2951,-32510,-9343,-707,-1,1],787179]
[[5407,3622,-451,-235,-1,1],787309]
[[2380,2769,230,-126,-2,1],787312]
[[1768272,326752,-2008,-1849,-1,1],787316]
[[119743,-11773,-11529,-1098,0,1],787327]
[[-20665,10581,-431,-263,0,1],787537]
[[6764,684,-932,-187,-1,1],787588]
[[398397,97498,-8405,-1107,0,1],787733]
[[4523,1706,-220,-105,-1,1],787981]
[[-1854123536651,10020377381,51286359,-315220,-1,1],788051]
[[-59556,3845,3772,-477,-1,1],788175]
[[-64516,53848,641,-477,-1,1],788392]
[[5323,8974,199,-228,-2,1],788471]
[[-89648,-97896,-30116,-1830,-2,1],788552]
[[-8504,4306,935,-211,-2,1],788615]
[[1425,4460,-467,-204,-2,1],788615]
[[14629076,1334135,-38445,-4235,0,1],788975]
[[-662832077,31236249,429763,-24280,-1,1],789113]
[[445381745916,3574482653,-61333593,-315664,-1,1],789161]
[[-4176151889832,25189213086,29580003,-315688,-1,1],789221]
[[49125,13100,-655,-262,0,1],789275]
[[222,272,-44,-45,-1,1],789300]
[[-70658432,1640144,541726,-12803,-1,1],789543]
[[1349,711,-130,-79,-1,1],789773]
[[1316429686249,3255219010,-71260255,-316010,0,1],790025]
[[1425249,97894,-27144,-2329,-2,1],790507]
[[8859062629,315761041,-1790043,-63252,-1,1],790655]
[[-308416,269376,-16348,-2074,0,1],790804]
[[-2500712,184508,20050,-1499,-2,1],790972]
[[19366639645,339567892,-2756576,-52739,-2,1],791109]
[[-1683817649,57519213,328131,-16656,-1,1],791179]
[[-12990738944,538679224,-418457,-52745,-2,1],791199]
[[14862,-12327,3324,-302,-2,1],791208]
[[5485621794,158901406,-342607,-27693,-1,1],791240]
[[5168656938,-364906819,8273885,-63304,-1,1],791305]
[[-6380,2732,194,-109,-2,1],791332]
[[7162,5090,401,-201,-1,1],791528]
[[-201156003,-268573410,-7795328,-60901,0,1],791713]
[[-199537,30368,1781,-362,-2,1],791739]
[[-1092,2169,-229,-175,-2,1],791931]
[[4377,6361,3,-180,-1,1],792011]
[[-81062948208,1470826912,17171232,-316812,-1,1],792031]
[[-33912,29088,3258,-665,-2,1],792055]
[[-19814733,9763227,21249,-7634,-1,1],792069]
[[15337300,1258499,-170181,-6303,0,1],792077]
[[-1,10,-5,-35,0,1],792100]
[[33640585,2004587,-62059,-4065,0,1],792133]
[[-20673131,1530844,151018,-5867,-2,1],792261]
[[7600,3144,-132,-117,-1,1],792340]
[[-2109955952,74363928,540932,-21388,-1,1],792343]
[[-5011455744,259608864,7044,-35220,-1,1],792459]
[[-408,284,46,-37,-2,1],792700]
[[14152232,-220091608,-7076116,-61001,0,1],793013]
[[-12010911485,603177147,-4029070,-79312,-1,1],793124]
[[-9241037,919140,7514,-2029,-2,1],793283]
[[1188,1368,-171,-111,-1,1],793404]
[[1300,715,-204,-117,-1,1],793429]
[[-764,2302,88,-153,-2,1],793436]
[[-2117,1271,235,-89,-2,1],793469]
[[2627472640690,25569659151,-16602133,-317440,-1,1],793601]
[[4039,3375,-35,-130,-1,1],793603]
[[24249349905,446293159,-3701607,-63492,-1,1],793655]
[[11008,8128,624,-248,-1,1],793813]
[[18531,16823,190,-291,-1,1],794071]
[[-988,1501,200,-119,-1,1],794181]
[[795878,25250,-15774,-1177,-2,1],794348]
[[-2635,1848,-28,-113,-2,1],794401]
[[-5735440,-11944,84516,-3492,-1,1],794521]
[[42291644101,-139518590,-45923545,-317810,0,1],794525]
[[-16293,12710,-710,-365,0,1],794575]
[[-8016,2956,210,-115,-1,1],794587]
[[5235,1693,-1389,-279,-2,1],794647]
[[-1875,125,940,-231,-1,1],794655]
[[134749,66856,-793,-549,0,1],794708]
[[113075854488,-5013282666,70818689,-318000,-1,1],795001]
[[18179,9800,-315,-225,0,1],795125]
[[-96637,-64780,-13571,-943,0,1],795236]
[[-1832920236,-26687872,2581996,-30927,-1,1],795276]
[[496,-219,-458,-123,-1,1],795321]
[[-13398,6013,133,-199,-2,1],795361]
[[16451168,699460,-108240,-5740,0,1],795400]
[[3890286942,73310767,-1232481,-26223,0,1],795431]
[[8636838805,304102407,-1131865,-68183,-2,1],795487]
[[14,22,-30,-48,-1,1],795488]
[[2376,2290,-191,-145,-2,1],795649]
[[-1948273617040,19734359674,222785,-318264,-1,1],795661]
[[993,1022128,-5627,-2317,0,1],795724]
[[4027,3249,-234,-178,-1,1],795724]
[[665,1099,-581,-177,0,1],795739]
[[19873,5497,-422,-173,-1,1],795833]
[[-3717,2358,-31,-126,-2,1],795883]
[[184951851486,-7252371479,86827789,-318400,-1,1],796001]
[[17422951511,-839878173,13628958,-79608,-1,1],796084]
[[-2273482,223866,14060,-1359,-1,1],796220]
[[45283,14845,-231,-242,-1,1],796277]
[[240238923,26255620,-839319,-21521,0,1],796277]
[[-853424,92007,22897,-1604,-1,1],796279]
[[-96147,-103044,24841,-1438,-2,1],796355]
[[42177807,6444585,-97785,-6765,0,1],796425]
[[1228,-2004,985,-153,-1,1],796516]
[[-6445,6863,410,-203,-1,1],796547]
[[8404,2335,-370,-125,0,1],796625]
[[-5279,938,610,-137,-1,1],796689]
[[580724,54124185,-1345580,-35410,0,1],796725]
[[21013576,20726446,156180,-11951,-2,1],796840]
[[2808,-8262,3183,-325,-2,1],796975]
[[-4433,1849,127,-92,-1,1],796987]
[[419881,100696,-1845,-738,0,1],797081]
[[-5999,2662,316,-131,-2,1],797379]
[[-13600444141,220775263,1690507,-35440,-1,1],797409]
[[2957,2248,-233,-122,0,1],797437]
[[-47975291,-9088406,1021793,-21355,-1,1],797687]
[[-697162300400,-1909024530,83185303,-319084,-1,1],797711]
[[7053799675,-199099557,-9796542,-79776,-1,1],797764]
[[-489118655399,-12815248715,-107646057,-319140,-1,1],797851]
[[11877879275,888354471,3287282,-79788,-1,1],797884]
[[27473040,3878604,4347,-4240,-2,1],797951]
[[109732,31035,-385,-415,0,1],798075]
[[273798,93111,-7462,-984,0,1],798147]
[[7471,7565,282,-262,-1,1],798188]
[[-816,2416,80,-105,-1,1],798372]
[[3574,5533,-39,-156,-1,1],798433]
[[-9166,1307,908,-176,-2,1],798552]
[[-43704,1433,3149,-378,-1,1],798743]
[[-504932293,-125843493,6646382,-79884,-1,1],798844]
[[-5710948,3621764,-2857,-3986,-1,1],798941]
[[9450,3353,-235,-140,-1,1],798959]
[[-1146651,124346,10613,-1093,-1,1],799105]
[[-2889616,-976272,-98884,-3330,-1,1],799115]
[[-169983,193809,-1001,-946,0,1],799139]
[[46574401,4163546,-1355,-4559,-2,1],799487]
[[-82,416,-10,-69,-1,1],799580]
[[-6544,1912,264,-92,-2,1],799616]
[[-579502217,97357287,1679129,-36121,-1,1],799831]
