[[1655791,180056,-5751,-923,0,1],800028]
[[-2665852,373613,4177,-1246,-1,1],800033]
[[130,-59,-264,-110,-2,1],800077]
[[-124512,95572,-3219,-889,-2,1],800137]
[[-426591737417,-11735583711,-103796885,-320064,-1,1],800161]
[[-45150175,3110855,46243,-3952,-1,1],800361]
[[-52102836,4680943,-6823,-5248,-1,1],800381]
[[421623299888,8498310994,14951117,-320152,-1,1],800381]
[[3554390285,28200675,-2496599,-36592,-2,1],800485]
[[-7903309,-2237580,-189272,-5213,0,1],800797]
[[166,456,34,-89,-1,1],800828]
[[-17838,3539,1088,-215,-1,1],800917]
[[-82000,31450,385,-451,-2,1],800947]
[[-72348228,3852768,45060,-3981,-1,1],800964]
[[-3479314642909,21880634351,35468767,-320404,-1,1],801011]
[[4179,2401,14,-114,-1,1],801108]
[[3921883,749290,-19266,-2415,-2,1],801131]
[[-4064,2344,22,-121,-2,1],801331]
[[846083303,28371316,-158381,-10353,-2,1],801356]
[[2420,1511,-320,-212,0,1],801368]
[[1942204,252572,-9409,-1590,-1,1],801377]
[[2033112,305838,-4446,-1193,-2,1],801468]
[[-72936227,-14041975,-889851,-18933,0,1],801497]
[[-2012816152824,7554932383,66592857,-320620,-1,1],801551]
[[1117616,-74108,-55306,-3769,-1,1],801599]
[[31060671,3374126,-96305,-6259,-2,1],801629]
[[236776,21492,-6272,-720,-2,1],801632]
[[57789241,64285528,12597,-17177,-2,1],801668]
[[122012198,2818849,-1525799,-25861,0,1],801691]
[[-163523392201,-6780618841,-85733909,-320740,-1,1],801851]
[[-37414,10542,456,-211,-1,1],801868]
[[-43460697,11600813,-6385,-7434,-2,1],801891]
[[-33232,16360,7164,-752,-1,1],801911]
[[-248457,-125290,-21340,-1265,0,1],802175]
[[132,256,-30,-96,-1,1],802352]
[[-3202777425,41411285,1474267,-24963,-1,1],802395]
[[-90718272,6897738,42717,-6002,-1,1],802821]
[[11489375,77500,-96875,-3875,0,1],802900]
[[2817,2226,37,-103,-1,1],802909]
[[16470,6073,-161,-165,0,1],803071]
[[-24325,21601,-2008,-528,-1,1],803168]
[[12683,6556,-1364,-363,0,1],803231]
[[4385702964767,26612231409,-28377183,-321372,-1,1],803431]
[[-5684,2252,376,-164,-1,1],803628]
[[856171051,45166535,-557845,-18910,0,1],803675]
[[11403628225,357871750,-1087325,-47275,0,1],803675]
[[-27,-245,-310,-93,-1,1],803691]
[[289287,-173770,28130,-1443,-2,1],803799]
[[33013736,-192876,-235354,-6949,-2,1],803852]
[[-37096,23104,-1112,-877,-1,1],804051]
[[-1676,-2056,-868,-135,-1,1],804148]
[[-4669,4612,179,-147,-1,1],804161]
[[3263633659,117440785,-305041,-27731,0,1],804199]
[[-58959,18594,2752,-489,-2,1],804265]
[[10,53,-11,-29,-2,1],804361]
[[-4359901525,-343280033,11035874,-80436,-1,1],804364]
[[-12554969,1026857,28339,-2738,-2,1],804377]
[[-49652269605,493057823,7657926,-80440,-1,1],804404]
[[-23500184,2722978,262804,-20111,-2,1],804504]
[[23271600,2550856,-82082,-6765,0,1],804584]
[[1744920475,127512043,-717297,-28826,-1,1],804737]
[[-4419019287,105774939,1045788,-30451,-1,1],804787]
[[10365,5279,-676,-312,-1,1],804856]
[[-126857,29311,881,-358,-2,1],804915]
[[661848059281,-14669838187,113258795,-322032,-1,1],805081]
[[-138573231904,-8131921770,-95422941,-322048,-1,1],805121]
[[178255176,9836860,-80520,-6710,0,1],805200]
[[-11506644,1388076,12873,-2409,-1,1],805428]
[[153,-114,-397,-99,0,1],805509]
[[-1661,3945,13,-144,-1,1],805621]
[[5940730814,-42939071,-4617451,-46036,-1,1],805637]
[[-2104486528442,18203620163,15698367,-322348,-1,1],805871]
[[17968,13360,-2590,-615,0,1],805900]
[[39899531968,-2993068094,59219075,-322368,-1,1],805921]
[[-152084,21640,4040,-523,-2,1],805932]
[[3171875,-1868245,262086,-7347,-1,1],806053]
[[-2688132,456200,4649,-1448,-1,1],806063]
[[1225664,153120,-3476,-781,0,1],806069]
[[5400,2288,-102,-98,-1,1],806408]
[[-62839254,7089223,40350,-6963,-1,1],806437]
[[-39842793,-11986425,1155546,-25089,-1,1],806445]
[[-89,746,-355,-158,0,1],806581]
[[9852060,1284599,-12366,-2425,-1,1],806717]
[[431,-420,-743,-145,0,1],806796]
[[34208,9518,-363,-197,0,1],806821]
[[-4529043,745927,35105,-5367,-1,1],806823]
[[-1044,646,225,-147,-1,1],806908]
[[-35989,2850,10245,-877,-1,1],806921]
[[517,-343,-449,-104,-1,1],806931]
[[-447,155,99,-37,-2,1],806947]
[[-160085586474,-6325132711,92225217,-322804,-1,1],807011]
[[116600499,22705710,-222605,-12660,0,1],807075]
[[101019902976,-5552857104,87068977,-322836,-1,1],807091]
[[460305213,25410216,-46033,-10623,0,1],807348]
[[2327,710,-297,-98,0,1],807363]
[[1366,-111,-508,-122,-2,1],807403]
[[-46311475,2961080,113289,-5409,-2,1],807428]
[[-6110598,2069401,-14144,-3426,-2,1],807741]
[[2140,541,-654,-203,-1,1],807769]
[[695400,103588,-12472,-1888,-2,1],807804]
[[2099893432,443588180,3720850,-69245,-2,1],807877]
[[-962,774,182,-157,-1,1],807916]
[[-371623,52160,3609,-597,-2,1],808028]
[[-84424,105384,-14702,-2360,-1,1],808156]
[[-7998,54816,3204,-653,-1,1],808236]
[[206656,54128,-948,-495,-2,1],808312]
[[5672,1265,-440,-118,0,1],808328]
[[-8273,2946,225,-115,-2,1],808348]
[[-10858,6788,38,-215,-1,1],808372]
[[3524,3240,51,-126,-1,1],808397]
[[-3414554432,-583118792,-25158684,-323376,-1,1],808441]
[[-126239172273,1521771847,4140462,-80868,-1,1],808684]
[[-50,73,124,-42,-2,1],808736]
[[-6247904,956368,145950,-5642,-1,1],808744]
[[-410843,314960,-13485,-2015,0,1],809100]
[[-794261,2740800,-25124,-3997,0,1],809107]
[[-143,149,13,-29,-1,1],809136]
[[6246261,-2808423,272862,-7877,-1,1],809161]
[[20175642,2008534,-2698,-3372,-1,1],809376]
[[522727566,25149056,-425188,-14911,-1,1],809476]
[[311741,65861,-229,-533,-2,1],809523]
[[-213,802,11,-103,-2,1],809532]
[[-181,460,-117,-81,-2,1],809555]
[[14121,4842,-213,-137,0,1],809572]
[[-11045304909,-339347709,11594102,-80964,-1,1],809644]
[[-2627927,281158,5694,-1041,-1,1],809873]
[[141168203,6533560,-64790,-5115,0,1],809875]
[[29271705831,1459725203,-1522582,-80988,-1,1],809884]
[[-256,-154,241,-57,-2,1],809899]
[[-4442392,1113124,-7578,-2526,0,1],810004]
[[-707,4055,1109,-312,-1,1],810061]
[[267809437751,-9549415485,99393005,-324072,-1,1],810181]
[[65768,20364,-4694,-631,-1,1],810557]
[[2316,1376,-14,-75,-1,1],810724]
[[-533,147,315,-97,-2,1],810731]
[[5709197326,106109539,-1352801,-28619,-2,1],810917]
[[-4232960,-1977424,-182156,-5039,-2,1],811103]
[[-819291,-291092,-35197,-1525,0,1],811117]
[[644,5,-284,-79,0,1],811231]
[[57932,12460,-4410,-715,0,1],811300]
[[-25937,7817,336,-193,-1,1],811423]
[[-2623,2492,-93,-135,0,1],811516]
[[2807996,488485,-3020,-1510,0,1],811625]
[[14064,4488,-369,-160,-1,1],812025]
[[-376829,109882,6804,-2597,-2,1],812027]
[[27,-19,-97,-53,0,1],812047]
[[76855977,3555938,-77899,-4656,-2,1],812169]
[[-92582966581,1554841103,2046754,-81220,-1,1],812204]
[[192432949,115422228,-15391,-25649,-2,1],812269]
[[-465,2356,-403,-217,0,1],812293]
[[-59897,9921,4950,-942,-1,1],812324]
[[-34656669,-5059509,1036311,-36108,-1,1],812439]
[[-189408488,-19013593,1592419,-25655,-2,1],812459]
[[98,198,52,-53,-1,1],812588]
[[3576,1236,-240,-104,-2,1],812592]
[[-8073,-2196,2499,-302,-2,1],812669]
[[-1549350,187865,4833,-889,-2,1],812947]
[[-1927,1070,75,-79,-2,1],813068]
[[-9152,20944,-1012,-385,0,1],813076]
[[-2127785,446138,-5237,-1920,-2,1],813077]
[[-51396960,-8635799,-488189,-9663,-2,1],813087]
[[790,-1288,652,-101,-2,1],813124]
[[-28539047,6137603,-90017,-11345,-2,1],813173]
[[918711,-337140,39445,-1598,-2,1],813223]
[[-40412941,3480241,22542,-3842,-1,1],813308]
[[675,1236,-292,-131,-2,1],813337]
[[44345795419,1170446059,-3644050,-81340,-1,1],813404]
[[1160727164,-303531917,8313321,-65100,-1,1],813755]
[[2779852096,114669459,107528,-26503,-1,1],814033]
[[-66402147,4133075,35132,-4284,-1,1],814036]
[[13436657,-947053,-171988,-5088,-1,1],814144]
[[1501,1179,-37,-125,0,1],814207]
[[166131,-31347,-30024,-2544,-1,1],814208]
[[62566184,2412061,-166339,-7110,-1,1],814363]
[[-6720,4160,1,-201,-1,1],814365]
[[-561,1377,64,-76,-1,1],814368]
[[-156,1382,-524,-233,0,1],814460]
[[239,506,-911,-188,0,1],814481]
[[5515,4800,-55,-145,0,1],814500]
[[-855514379468,1345387596,71909445,-325824,-1,1],814561]
[[18,2169,-114,-119,-1,1],814671]
[[-3900417599,362829169,1524373,-54311,-2,1],814689]
[[-8769159,850231,8965,-1911,-2,1],814689]
[[-44012,13379,806,-279,-1,1],814781]
[[1939,2541,169,-232,-2,1],814849]
[[-1936,319,317,-77,-2,1],814879]
[[18225,821825,5885,-2114,-1,1],814925]
[[578163,218834,3700,-2685,-2,1],814969]
[[4431300931783,27019537071,-29764567,-326008,-1,1],815021]
[[-4901735764003,27758663793,32832671,-326044,-1,1],815111]
[[-18309739449,-1672618190,-42231245,-326110,0,1],815275]
[[-389181473536,-11552877912,-105115051,-326140,-1,1],815351]
[[-46872,9414,819,-214,-1,1],815587]
[[-9603306585,188306099,4339226,-81564,-1,1],815644]
[[27747081,1612284,-56243,-3569,-2,1],815828]
[[-13368,3860,970,-223,-2,1],815996]
[[26834545,2469129,-3873,-3352,-2,1],815999]
[[-453157,122884,1884,-719,-1,1],816013]
[[-1377,441,189,-63,-2,1],816111]
[[-7605,2715,181,-106,-1,1],816405]
[[-7808,7000,61,-223,-2,1],816451]
[[10961368,976360,-36190,-2915,0,1],816475]
[[95373749,3807585,-153755,-6685,0,1],816525]
[[-4467,1785,5283,-620,-1,1],816849]
[[-604,111,230,-72,-2,1],817083]
[[416097,50163,-7797,-1010,-1,1],817161]
[[481782,326017,13212,-1906,-2,1],817256]
[[3099542725,24715660,-2638907,-37733,-2,1],817583]
[[915089,120280,-4030,-775,0,1],817625]
[[-126928,25392,1366,-379,-2,1],817652]
[[38,-503,-1112,-257,-1,1],817711]
[[33123403,565475,-141126,-4999,-1,1],817759]
[[-148859,-658140,-309690,-12837,-2,1],817763]
[[26,10,-42,-26,-1,1],817792]
[[28775,12675,-305,-290,-1,1],817795]
[[-14623457,1587811,125910,-6189,-1,1],817885]
[[2027,-2832,1151,-149,-2,1],817892]
[[567581921,20771044,-168623,-9787,-1,1],817947]
[[1607233,-477712,49173,-1830,-2,1],818195]
[[-511529600,11326660,527364,-13271,-2,1],818477]
[[-1901104149,-424683871,-10052249,-70163,-2,1],818587]
[[20398,10075,-310,-372,0,1],818617]
[[-2203117280,106603656,-146116,-25192,-1,1],818753]
[[-16323,9461,-239,-362,-2,1],818807]
[[4289704039,133011103,-184547,-25202,-2,1],819117]
[[2172637,267119,-11407,-1525,0,1],819169]
[[596448,-432480,86978,-3600,-2,1],819364]
[[-42723,14304,915,-269,-2,1],819588]
[[-20855676,1185088,71553,-4327,-2,1],819611]
[[-747,-267,571,-139,-2,1],819611]
[[2471,1828,-153,-101,0,1],819644]
[[302976576,7174864,-419384,-12039,-2,1],819687]
[[-737,518,66,-55,-1,1],819737]
[[-1127586205652,8049945439,56638761,-327960,-1,1],819901]
[[-2673,8986,202,-201,-2,1],820089]
[[2328,4288,166,-150,-2,1],820188]
[[-51249,-60665,-16445,-1210,0,1],820325]
[[1850,164,-468,-111,0,1],820348]
[[209081495,18094918,29483,-9779,-1,1],820383]
[[-17591,7024,334,-201,-2,1],820687]
[[5071914,6799305,-379781,-12251,0,1],820817]
[[-349436544,-71889500,-4142365,-46912,-1,1],820967]
[[3513862,522801,662,-1655,-2,1],821021]
[[-249930,45225,1641,-467,-2,1],821205]
[[-6876,4524,177,-144,-2,1],821241]
[[44996,20103,-98,-329,-1,1],821377]
[[-466724234312,10337023730,-29340801,-328564,-1,1],821411]
[[-484,-2882,-1641,-246,-2,1],821497]
[[-330493192768,-4720934186,90276419,-328636,-1,1],821591]
[[83768,12996,-2764,-463,-2,1],821635]
[[772,2052,182,-115,-1,1],821908]
[[8404386639,246998479,-120557,-36532,-1,1],821979]
[[46446585303,1012814107,-558990,-82204,-1,1],822044]
[[4082,-17255,6008,-566,-2,1],822184]
[[-4395200,501444,6674,-1555,-1,1],822241]
[[4380746895876,24313356110,-39304745,-328910,0,1],822275]
[[3096951,543634,-6617,-2157,-2,1],822276]
[[-1434907,190655,3710,-873,-1,1],822371]
[[-753808,413742,-3303,-1519,-1,1],822677]
[[-1,-63,-346,-150,-1,1],822752]
[[-756348489,2984676,978550,-17193,-1,1],822827]
[[904644480,25729088,-544294,-17193,-1,1],822827]
[[-1229288957,-932194147,58502465,-329220,-1,1],823051]
[[175619400,9922000,-248050,-11275,0,1],823075]
[[9386080,-2969768,232256,-5654,-2,1],823204]
[[-488560,41282,11604,-1011,-2,1],823256]
[[-9008659,2504043,-125660,-7132,-1,1],823468]
[[6293,841,-741,-157,0,1],823571]
[[-19189,12710,-1147,-341,0,1],823732]
[[584,1287,323,-141,-2,1],823887]
[[154732,15535,-7935,-965,0,1],823925]
[[-35300,11406,616,-310,-2,1],823936]
[[4,1585,-180,-110,0,1],824000]
[[6296387256,224239563,-933876,-37227,-1,1],824321]
[[622007588608,-14356908696,114151972,-329728,-1,1],824321]
[[-677,-1180,-655,-115,0,1],824500]
[[118475269,-34211448,1887706,-27847,-2,1],824747]
[[-4801,-168,937,-163,-1,1],824773]
[[-982123,-370996,-44902,-1901,-2,1],824913]
[[1112,700,-26,-53,-1,1],825124]
[[39832,14560,-1560,-365,0,1],825175]
[[31679253,1926309,-77293,-4806,-1,1],825349]
[[3,29,-17,-21,-1,1],825408]
[[-59,176,49,-35,-1,1],825525]
[[211,337,27,-44,-1,1],825673]
[[649000,90475,-2475,-605,0,1],825715]
[[6777,18891,-1197,-445,-2,1],825803]
[[-5739,-8110,3199,-310,-2,1],825863]
[[-29680,13916,161,-272,-2,1],825867]
[[461,-5750,3314,-477,-1,1],825869]
[[137036772,14597901,-398052,-26895,-1,1],826073]
[[828900,173625,-2300,-850,0,1],826225]
[[23908864,1656736,-28576,-2975,-2,1],826232]
[[379252083,21952740,-217883,-12333,0,1],826311]
[[65,30,-55,-36,-2,1],826425]
[[277094653,9639971,-583165,-15213,0,1],826573]
[[-2497329168,159323440,993752,-32145,-1,1],826596]
[[297,2610,71,-148,-2,1],826599]
[[75104736,3738702,-70426,-4593,0,1],826740]
[[-26364,39039,-1521,-2405,-2,1],826839]
[[75100476,4155085,-416020,-11935,0,1],826925]
[[-49978,13907,944,-269,-2,1],826929]
[[137597,31660,-4919,-802,-2,1],827093]
[[-68,7860,-610,-415,0,1],827100]
[[265951,28110,-4195,-535,0,1],827100]
[[201261,105986,974,-1065,-1,1],827207]
[[-2881869030648,17060235309,44239779,-330888,-1,1],827221]
[[-222586,43137,1528,-448,-2,1],827264]
[[-763592,355428,3048,-2176,-2,1],827488]
[[-683964,265986,-12666,-2111,0,1],827512]
[[-146500933,9028552,22217,-6533,-2,1],827716]
[[-1063584,151110,6213,-1009,-2,1],827731]
[[-3928,4009,874,-225,-2,1],827779]
[[-944,973,299,-121,-2,1],827811]
[[-18205,-15147,-4103,-385,0,1],827871]
[[17099,5592,-307,-157,0,1],828076]
[[-3734890512,94633696,769508,-25480,-1,1],828113]
[[-31625,15020,3981,-885,-2,1],828196]
[[-19332,4824,576,-173,-1,1],828196]
[[-4069,4589,117,-145,-2,1],828217]
[[4582816,561554,-19011,-3039,-2,1],828233]
[[2733056,436864,-31984,-2380,-1,1],828271]
[[10901,4294,-231,-142,0,1],828343]
[[17658005530,652680403,-732647,-55223,-2,1],828369]
[[792608574,35811878,-326158,-15261,-1,1],828476]
[[-5390,4477,-231,-209,0,1],828619]
[[-18239,421,1752,-246,-1,1],828652]
[[-714096193,14761802,571841,-13811,-2,1],828756]
[[-5242913321,-339606596,-7309136,-55259,-2,1],828909]
[[3152,4380,-40,-160,0,1],829000]
[[-61619047184,4813173174,-57134749,-331600,-1,1],829001]
[[2290943407,90777335,-727035,-38265,0,1],829075]
[[3088,1368,-132,-94,-2,1],829352]
[[-5189371274187,29060464689,33408675,-331764,-1,1],829411]
[[-777492,92619,30012,-3079,-2,1],829441]
[[-276,416,123,-67,-1,1],829496]
[[119664,252776,-17860,-1849,-1,1],829588]
[[-430110655371,-11878479225,-107965899,-331896,-1,1],829741]
[[431523652,15876745,-120647,-7901,-2,1],829773]
[[20422480,-5267896,418816,-9575,-2,1],829972]
[[-11149336,1762717,-2684,-3355,0,1],830027]
[[807291,114756,-2341,-698,-2,1],830027]
[[307,646,-35,-70,-2,1],830213]
[[1275,290,-553,-144,-2,1],830259]
[[-523528665147,11162548755,-31656411,-332176,-1,1],830441]
[[896518455,239115827,6910958,-83064,-1,1],830644]
[[21295725568,-7209060544,96421968,-332260,-1,1],830651]
[[-380,24,166,-45,-2,1],830900]
[[474,-107,-344,-91,-1,1],830997]
[[-10,57,52,-181,-1,1],831043]
[[-16941,4689,1444,-268,-1,1],831072]
[[-188,212,157,-92,-1,1],831303]
[[-1323,994,18,-73,-1,1],831337]
[[-544,256,80,-41,-1,1],831492]
[[7632,5280,244,-178,-1,1],831661]
[[-15510123520,305554384,1042396,-36964,-1,1],831699]
[[242,531,-53,-55,0,1],831879]
[[-698776,82740,4330,-663,-1,1],831916]
[[-375,50,340,-83,-2,1],831947]
[[4121466067333,26859764495,-25727017,-332820,-1,1],832051]
[[-3963,8920,440,-265,-2,1],832223]
[[126345,-2549,-6399,-598,-1,1],832469]
[[-73612,14640,971,-250,-2,1],832489]
[[538,442,-40,-61,0,1],832492]
[[-394,551,-56,-61,0,1],832576]
[[-9659,5565,-13,-183,-2,1],832639]
[[49957,38910,-4085,-815,0,1],832675]
[[33506,8495,-2428,-477,-1,1],832753]
[[174152,25916,-2772,-473,0,1],832799]
[[-11324,10259,270,-228,-2,1],832819]
[[-346858992,16891214,102239,-8295,-2,1],832851]
[[278807,34249,-4126,-578,-1,1],832896]
[[13147895,1081189,-15390,-2174,-1,1],832916]
[[1474,-1221,-946,-154,0,1],833184]
[[649219543,24108010,-137815,-9615,0,1],833300]
[[289,283,-28,-40,-1,1],833328]
[[107215418343,1288384715,-5067826,-83352,-1,1],833524]
[[2912,-4137,1610,-192,-2,1],833749]
[[72632,36556,2082,-543,-1,1],833756]
[[-584,2456,-151,-345,-1,1],833800]
[[194387031,20573696,775,-31024,-2,1],833813]
[[-10665,8595,-63,-245,-1,1],833885]
[[22577799,17528905,137153,-37068,-1,1],834039]
[[53386213,4716056,5546,-5461,-2,1],834097]
[[10656,6676,244,-207,-2,1],834132]
[[-3658323601872,18692901792,51470788,-333792,-1,1],834481]
[[-2529,1530,75,-98,-2,1],834489]
[[-73071128669,1644603123,1602286,-83452,-1,1],834524]
[[-4805317737,-344292669,-7349433,-53842,0,1],834551]
[[-101,-506,-686,-149,-2,1],834597]
[[-1975552,-712256,-79028,-2958,-2,1],834728]
[[-16113,-14148,-4061,-393,0,1],834732]
[[3865847,412179,-11642,-1520,-1,1],834772]
[[-11,72,24,-39,-2,1],834775]
[[28377635,1469842,-71852,-3905,0,1],834889]
[[-18167,9507,-180,-261,-1,1],835013]
[[-1822650,304901,4601,-1443,-2,1],835047]
[[-571536,333936,-23716,-2292,-1,1],835163]
[[-22175,39010,233,-544,-2,1],835307]
[[-105831,41793,4351,-1050,-1,1],835775]
[[27648464,17525600,-345008,-13372,-1,1],835775]
[[4076244,430212,-5331,-1301,-1,1],835788]
[[-10,114,10,-24,-1,1],835808]
[[1593225,216000,-3325,-925,0,1],835825]
[[54799805,5422102,-116108,-6647,-1,1],835849]
[[-381679671,35771600,284460,-14725,-1,1],835883]
[[-14923,-18114,11276,-1007,-2,1],835949]
[[-104545456253,-2642782179,67778907,-334380,-1,1],835951]
[[-4774068039,123073514,653767,-25079,-2,1],836020]
[[-1159181744839,1147867393,82509407,-334452,-1,1],836131]
[[-120275,-219436,-90065,-4217,-1,1],836451]
[[1535,1337,-82,-86,-1,1],836524]
[[-331332,61009,2984,-609,-1,1],836539]
[[2667264,294752,-6644,-1208,0,1],836540]
[[-4410,-24339,-8380,-742,-2,1],836583]
[[-434796649,30602943,702733,-19684,-1,1],836587]
[[-86,339,28,-63,-1,1],836613]
[[-252632557,-39062493,2077573,-25744,-1,1],836693]
[[-1507228847296,7230679400,66338412,-334704,-1,1],836761]
[[-8304128,-3565289,-278446,-6632,-2,1],836801]
[[-4513951981824,28688889728,28189520,-334792,-1,1],836981]
[[-293063,-218294,-43467,-2079,-2,1],836987]
[[931706368,-37945152,-2968592,-37200,-1,1],837009]
[[-2023496,200452,7336,-968,-2,1],837088]
[[5747842,3700250,-51566,-5021,-2,1],837100]
[[-45880,9832,670,-198,-2,1],837268]
[[5222560,460864,-14550,-1653,-1,1],837329]
[[27967052,3575728,-1843,-4250,-2,1],837329]
[[-6574967,1684228,-18508,-4627,0,1],837487]
[[-3601,3208,-265,-178,0,1],837569]
[[277915399,-102566285,6298782,-83760,-1,1],837604]
[[-823,643,17,-59,-1,1],837648]
[[28,-245,259,-62,-1,1],837739]
[[-56317778483,629803460,5582854,-71819,-2,1],837907]
[[-25935,6194,912,-233,-2,1],837919]
[[3639774776,691515946,-1353891,-64471,0,1],838123]
[[1423125113,69502008,-84074,-17515,-1,1],838237]
[[36652,7161,-1496,-319,0,1],838321]
[[312800,456592,103124,-5384,-1,1],838428]
[[-5327338,-1243716,-100962,-3025,-1,1],838468]
[[423,6066,323,-184,-2,1],838477]
[[-71836706149,1462159515,436178,-83880,-1,1],838804]
[[317293698905,-11448083743,108955163,-335556,-1,1],838891]
[[-337388,107592,3199,-966,-2,1],838901]
[[-39561040,6356712,-6124,-6124,0,1],838988]
[[-1934344,494940,-7872,-2659,-2,1],839093]
[[4312,1164,-370,-110,0,1],839356]
[[2718324581,124142441,-276517,-22634,-1,1],839359]
[[76,367,84,-69,-1,1],839423]
[[-36864,528,2873,-353,-1,1],839449]
[[-326688277,40476674,159515,-13991,-2,1],839556]
[[-124893,89313,1025,-676,-2,1],839597]
[[71782243,6143297,-84693,-6250,-1,1],839597]
[[4030095271303,28357406849,-22941451,-335892,-1,1],839731]
[[-2069,3041,125,-124,-2,1],839743]
[[13240846140,210426994,-2050755,-39062,0,1],839833]
[[-278904285,70898139,-74417,-21262,0,1],839849]
[[11488,6237,-239,-173,0,1],839959]
[[-179565,18032,4128,-499,-1,1],840059]
[[1003455944,31404422,-187539,-10840,-1,1],840131]
[[-3050426,-83751,109844,-6274,-2,1],840173]
[[28099528049,543041110,-984205,-48010,0,1],840175]
[[38434,3619,-5357,-781,0,1],840191]
[[-3361248,670552,0,-2122,0,1],840312]
[[34651,3480,-3221,-445,-2,1],840323]
[[1835,1635,125,-117,-2,1],840325]
[[1560993,140679,-15624,-1520,-1,1],840564]
[[-369032131856,2384873931,45628365,-336244,-1,1],840611]
[[-324,564,52,-53,-1,1],840700]
[[-6272,576,740,-134,-2,1],840776]
[[4293249639,285439631,-3094306,-84084,-1,1],840844]
[[-784461011,39490019,3781409,-48048,-1,1],840847]
[[669253210,62010451,-2429419,-38807,-2,1],840853]
[[140064231,2917114,-897939,-19004,0,1],840927]
[[-798481019,47062491,148225,-14784,-2,1],840931]
[[117225,34500,-1075,-450,0,1],841025]
[[-206,118,44,-23,-2,1],841100]
[[490,49,-211,-67,0,1],841139]
[[-51,-474,-396,-95,-2,1],841383]
[[-206563600,29761250,-759425,-20525,0,1],841525]
[[5150955708501,28793956010,-35175745,-336610,0,1],841525]
[[10817301,1170785,-14795,-2585,0,1],841775]
[[637975,29875,-11325,-925,0,1],841825]
[[-526,985,-199,-112,-1,1],841873]
[[736,1560,670,-167,-1,1],841879]
[[13863137748,178815461,-34120717,-336828,-1,1],842071]
[[2225753420396,20614506659,-7848195,-336832,-1,1],842081]
[[-581,300,73,-36,-2,1],842135]
[[-15485672368,-1206419213,50765465,-336864,-1,1],842161]
[[-165733049020,-993364317,58527937,-336948,-1,1],842371]
[[13542,-27331,12740,-918,-2,1],842391]
[[2259738585,225558941,-1022123,-37440,-1,1],842409]
[[35175,3280,-1943,-289,0,1],842449]
[[8901075,512510,-74638,-3663,-2,1],842607]
[[-15358,9031,186,-243,-1,1],842729]
[[-1877560,297473,5150,-1169,-2,1],842832]
[[-2450361245,-183275171,-4435396,-38067,-1,1],842921]
[[-1975368,-2920342,-265087,-6627,-2,1],842985]
[[-1364,452,723,-184,-1,1],843043]
[[-495416,66914,2586,-513,-2,1],843076]
[[-268787,106047,-497,-754,-1,1],843083]
[[-4920,2552,828,-376,-1,1],843136]
[[6639696,591889,-15056,-1882,0,1],843136]
[[-186743,184735,-6235,-1415,0,1],843325]
[[1052,922,-43,-69,-1,1],843508]
[[2612,8220,1112,-279,-2,1],843508]
[[97,39,-121,-73,-1,1],843712]
[[-21002,10488,391,-245,-1,1],843764]
[[-3864405698352,28437908546,21500559,-337528,-1,1],843821]
[[-1244064833,-165724835,-6553153,-72329,-2,1],843857]
[[573537206250,-4002701375,-93638775,-337680,-1,1],844201]
[[658397565,49057848,290655,-18089,-2,1],844228]
[[-129994375632,-5614952336,-76082999,-337696,-1,1],844241]
[[-60453,-133080,26755,-1390,-2,1],844403]
[[375997,-141376,-58101,-2757,-2,1],844556]
[[-5953845,1199086,11031,-3249,-1,1],844633]
[[-3642,960,498,-125,-1,1],844668]
[[-595939112209,4801779159,40453381,-337956,-1,1],844891]
[[-415,-1347,-872,-158,-1,1],845012]
[[-12345957,719364,62519,-3363,-1,1],845117]
[[-49433,12225,1443,-346,-2,1],845141]
[[-106423060,-2208805,618065,-13524,-1,1],845275]
[[7380,17262,3105,-587,-1,1],845361]
[[293675122359,-9595139033,100670351,-338160,-1,1],845401]
[[1783568,240935,-8390,-1465,0,1],845425]
[[-240542436465,-10049647077,-103587107,-338188,-1,1],845471]
[[-49,385,-42,-54,-1,1],845600]
[[2725,1821,-151,-103,0,1],845653]
[[-17041,9184,1241,-809,-1,1],845823]
[[-164,162,73,-39,-1,1],845892]
[[892,-836,-708,-131,-1,1],846052]
[[13095,5625,-165,-155,0,1],846125]
[[701,1459,-21,-84,-1,1],846175]
[[-1269,495,243,-84,-1,1],846225]
[[-525744,66928,3676,-588,-2,1],846252]
[[7425,8976,-385,-253,0,1],846340]
[[-9872,3055,640,-167,-2,1],846403]
[[-247,286,-13,-43,0,1],846508]
[[124407711163,1274602959,-6332598,-84660,-1,1],846604]
[[-3684512,690325,-2605,-2605,0,1],846625]
[[82318,195375,-28655,-2605,0,1],846625]
[[20,-73,-183,-87,0,1],846679]
[[2560124936912,12865546264,-58864044,-338688,-1,1],846721]
[[-240,-1132,903,-148,-2,1],846731]
[[-3793352150000,19707276000,50872800,-338700,-1,1],846751]
[[20384,5148,-949,-240,-1,1],846755]
[[37725816,5385970,-28495,-5376,-1,1],846783]
[[2634,805,-271,-91,0,1],846793]
[[-312,460,-6,-95,0,1],847092]
[[211735,60466,-3269,-1271,-2,1],847188]
[[-1471,341,410,-101,-1,1],847291]
[[481257,80760,-1685,-565,0,1],847300]
[[-3827636,217636,23125,-1581,-2,1],847511]
[[37151051,25184019,-106554,-12108,-1,1],847588]
[[-1895,4057,-211,-160,0,1],847621]
[[-1121108720,-224792681,-8022207,-67812,-1,1],847655]
[[-228152,44916,2082,-477,-1,1],847748]
[[4696837202631,26649437993,-37749443,-339168,-1,1],847921]
[[-32626824,-9208316,-677070,-14041,-2,1],847957]
[[68787136,12551924,-637318,-16203,0,1],847957]
[[2939524325,93215910,-219148,-20743,-1,1],848039]
[[14026915,1983568,13983,-3437,-2,1],848188]
[[1951250,429825,-184,-1450,-2,1],848231]
[[592312,110500,-1134,-668,-2,1],848284]
[[3427068507612,17339131528,-54733671,-339328,-1,1],848321]
[[4655,-5901,2391,-304,-1,1],848501]
[[-677646504,23409600,859190,-19586,-1,1],848744]
[[50061470144,-10048025848,108720836,-339540,-1,1],848851]
[[428090,76732,-1276,-549,-1,1],849028]
[[8280,6303,503,-226,-1,1],849041]
[[4,231,14,-34,-2,1],849056]
[[-37877389823,923254905,-771475,-72779,-2,1],849107]
[[-857,-2900,-1857,-269,-2,1],849244]
[[-3236488,204884,19290,-1438,-2,1],849364]
[[-2635574209,-297487553,-9923842,-84964,-1,1],849644]
[[12125433,-1871280,-269089,-7150,-2,1],849723]
[[-22613,5169,675,-169,-2,1],849727]
[[25542,-32436,-10407,-815,-1,1],849828]
[[239536,59216,14,-523,-2,1],849852]
[[40876,-88436,19260,-1139,-1,1],849908]
[[221049,86958,-817,-2199,-1,1],849911]
[[-920,4734,59,-148,-1,1],850027]
[[-1062380955632,874210192,82361660,-340056,-1,1],850141]
[[-55931177,9867260,-262241,-16457,-2,1],850361]
[[1582504,233478,-4121,-1119,-2,1],850363]
[[75832,19185,-560,-290,0,1],850400]
[[-394107,58898,4270,-643,-2,1],850619]
[[-5321364726871,29801870459,34944743,-340260,-1,1],850651]
[[-25,-345,586,-167,-1,1],850801]
[[-6336,2974,153,-127,-1,1],850807]
[[1560,1354,29,-82,-1,1],850819]
[[18573122554,637697197,-1414334,-56723,-2,1],850869]
[[44030243,-812040,-246440,-6565,0,1],850925]
[[3692059,258520,-25852,-1967,0,1],851149]
[[6696647575,-568894185,12529134,-85116,-1,1],851164]
[[2494806153701,23120947410,-3235795,-340610,0,1],851525]
[[-1931305,227448,5415,-1035,-1,1],851539]
[[1757,2938,917,-203,-2,1],851539]
[[5040,21055,-36,-292,0,1],851560]
[[985,99,-605,-146,-1,1],851617]
[[-1155,583,77,-52,-1,1],851719]
[[-81477,87714,-649,-660,0,1],852291]
[[-325,195,79,-40,-1,1],852371]
[[19251,6426,-750,-221,0,1],852427]
[[-3334915768,151883497,-170488,-42622,0,1],852440]
[[16484701,-496540,-219295,-6710,0,1],852475]
[[-1308104,215999,2170,-1008,-2,1],852481]
[[-7811,1323,949,-180,-1,1],852489]
[[10424272,2508970,-9876,-3365,-2,1],852872]
[[18633,15359,1829,-444,-1,1],853259]
[[-123144375,11585635,85217,-7911,-1,1],853301]
[[21108898421,303786548,-4266665,-65641,0,1],853333]
[[80212654404,1044047853,-3085597,-65651,0,1],853463]
[[353,745,21,-78,-2,1],853525]
[[-555530184,70249905,-269544,-22462,0,1],853556]
[[536,1236,-172,-97,0,1],853675]
[[12100,4906,-59,-142,-2,1],853813]
[[1641513113,69167277,-374525,-29962,0,1],853917]
[[-5266,11009,348,-250,-2,1],853981]
[[2565,2698,-209,-130,0,1],854183]
[[5825644,7171009,-153756,-8542,0,1],854200]
[[-8224835837,529984271,4545642,-85444,-1,1],854444]
[[406242724,9995113,-1013421,-19871,0,1],854453]
[[-311703520844,-410914468,78510633,-341796,-1,1],854491]
[[-104554128977,1856631131,2495210,-85452,-1,1],854524]
[[-63324,180110,-4570,-1085,0,1],854600]
[[1024794,213047,2153,-1125,-2,1],854775]
[[711605493,28991610,-198465,-11790,0,1],854775]
[[-384,1456,-42,-126,-2,1],854876]
[[273,788,43,-74,-2,1],854929]
[[25299,6801,-404,-180,-1,1],855008]
[[344657625,-50979835,2186635,-26601,-1,1],855045]
[[2244423,182786,-15989,-1458,-2,1],855055]
[[-353453724423,-10897609121,-106492119,-342088,-1,1],855221]
[[-1516,1402,288,-146,-2,1],855424]
[[-2268243285,-20311729,3182977,-38028,-1,1],855639]
[[-26572,4325,2090,-389,-2,1],855693]
[[869759552,36238032,-216340,-13692,-1,1],855775]
[[-1381,589,104,-53,-1,1],855873]
[[87163,25171,-1944,-477,-1,1],855877]
[[-422720,-602376,-73976,-2642,0,1],856008]
[[-451150,-277064,-41604,-1959,-1,1],856076]
[[-200,-489,578,-112,-2,1],856175]
[[3907524,534320,-3562,-1461,-2,1],856260]
[[-487,1230,925,-190,-2,1],856277]
[[-1193,2719,-234,-180,-1,1],856348]
[[-130815493,23774420,-437801,-16423,-1,1],856363]
[[-2801157272,76041485,1005612,-27889,-1,1],856603]
[[38073597143,1689199231,-753882,-85668,-1,1],856684]
[[1400,6724,186,-185,-2,1],856772]
[[4645385865203,30555731499,-27521733,-342736,-1,1],856841]
[[2243139151,61543460,-335995,-15785,0,1],856900]
[[2502892,936419,-10082,-2201,0,1],857183]
[[14568,-122930,26061,-1377,-2,1],857233]
[[1686173125,-232504825,6059865,-48988,-1,1],857297]
[[294884720,-37088662,1507177,-20176,-1,1],857497]
[[94549,-24886,-10709,-815,-1,1],857529]
[[-11888,5334,841,-240,-1,1],857561]
[[124,-771,-1393,-433,-2,1],857761]
[[184295941,18563189,-591403,-20184,-1,1],857837]
[[-695199,100104,4193,-709,-2,1],857868]
[[328,159,-193,-97,-2,1],858029]
[[23169672,1556817,-22470,-2553,-1,1],858393]
[[-52920,-4396,4688,-456,-2,1],858528]
[[-5908,1752,300,-103,-1,1],858572]
[[211025,49515,-1329,-522,-2,1],858605]
[[-14242541952,334780426,1057043,-38160,-1,1],858609]
[[-1653381,662034,-476,-1781,-2,1],858619]
[[191593,27010,-2365,-415,0,1],858700]
[[233651,58810,-1395,-560,0,1],858775]
[[54158723569,985497998,-1056976,-66061,0,1],858793]
[[-1719735719,-133503530,-3572920,-34355,0,1],858875]
[[3748206081,248833265,-584035,-34355,0,1],858875]
[[-174210403725,-2559891555,80637381,-343576,-1,1],858941]
[[79288,24343,-561,-319,0,1],859001]
[[-56370240,2036742,405397,-10682,-1,1],859043]
[[57364,30088,597,-785,-1,1],859144]
[[1021,-1684,792,-117,-2,1],859249]
[[67191749,5484431,3149,-5220,-1,1],859261]
[[282632,-10340,-13310,-990,0,1],859300]
[[-143704,497502,1559,-1417,-2,1],859319]
[[213,-569,-891,-223,-1,1],859327]
[[34897990775,140272267,-9693626,-85936,-1,1],859364]
[[-13526490401,40706921,6648357,-68752,-1,1],859405]
[[4854565,690032,-7777,-1717,0,1],859409]
[[20,-104,-252,-125,0,1],859468]
[[1745,-16,-489,-118,-2,1],859543]
[[-12184055917,808701879,4916706,-85956,-1,1],859564]
[[15976751109,100239436,-6215374,-66121,0,1],859573]
[[37311520,2657704,-27903,-3545,-1,1],859604]
[[1731864,273748,-4314,-1549,-1,1],859612]
[[-1700,2276,1268,-276,-1,1],859784]
[[-245,172,49,-29,-2,1],859788]
[[-47477,-5706,4821,-477,-1,1],859859]
[[-1046720,101386,16381,-1319,-2,1],859971]
[[-308,286,11,-43,-1,1],860068]
[[2421,981,-207,-97,0,1],860175]
[[-6946900,655260,50901,-4933,-1,1],860443]
[[6289,-6588,2317,-276,-2,1],860593]
[[4105060,1749159,39654,-4864,-2,1],860603]
[[9623360,-6366896,-486703,-9717,-1,1],860684]
[[-259362903,60655764,-5437,-24160,-2,1],860757]
[[-6972148317,143537461,892659,-26488,-1,1],860873]
[[-243651,-127990,-20305,-1085,0,1],860900]
[[1414191795205,29065622621,-6646233,-344364,-1,1],860911]
[[1535,1559,161,-95,-2,1],860925]
[[2801,1028,-193,-86,0,1],860941]
[[4520,3886,-19,-158,-1,1],861003]
[[-2078,787,264,-81,-2,1],861041]
[[-13649,4253,583,-189,-2,1],861287]
[[-1561,2138,816,-445,-2,1],861311]
[[-939,803,123,-68,-1,1],861383]
[[-4649594,-7729655,-601851,-11801,0,1],861473]
[[-583443,-216090,-27685,-1290,0,1],861525]
[[523,129,-169,-61,0,1],861633]
[[36880788,1866263,-67900,-3887,-1,1],861707]
[[1098888,115628,-9706,-1055,0,1],861724]
[[-70848800,7678840,22984,-6155,-2,1],861924]
[[-455533572624,-11941551728,-107516248,-344824,-1,1],862061]
[[-7344744,109706,59786,-2673,-2,1],862092]
[[485,-1817,-1455,-236,-2,1],862097]
[[-1738400,-910020,-103919,-3461,-1,1],862145]
[[-18575,4767,409,-139,-2,1],862429]
[[2884768975515,25904029493,-7003021,-344976,-1,1],862441]
[[-129684,119988,-14241,-1414,0,1],862641]
[[4030,1693,-283,-115,0,1],862783]
[[-1903,1083,84,-88,-1,1],862928]
[[121410931968,-10782985576,111904892,-345172,-1,1],862931]
[[-195779357,6940851,299158,-9588,-1,1],862956]
[[3431828127,32238943,-4730358,-86320,-1,1],863204]
[[1814,391,-617,-163,0,1],863297]
[[1792303556,21300678,-1305235,-22807,-1,1],863423]
[[2783647173632,12520757592,-65556996,-345400,-1,1],863501]
[[-1404,747,198,-78,-2,1],863712]
[[6355,2787,-333,-169,-2,1],863773]
[[61108872,3384304,-35284,-3600,-1,1],864096]
[[-433,750,-23,-82,0,1],864153]
[[89739157,2795268,-240158,-7827,-2,1],864157]
[[-20612,4618,845,-195,-1,1],864199]
[[138431037427,1821539423,-3180418,-86424,-1,1],864244]
[[285461,20570,-8096,-803,0,1],864347]
[[8477,1370,-1558,-323,-2,1],864357]
[[103455,50094,-3146,-979,0,1],864413]
[[-5202227,867006,-6302,-2349,-1,1],864441]
[[143,412,-74,-73,-1,1],864493]
[[1981913025,51718091,-408851,-15605,0,1],864517]
[[-1651,969,100,-66,-1,1],864700]
[[-148949384236,-6053091785,-79315879,-345904,-1,1],864761]
[[5952,2576,-106,-108,-1,1],864764]
[[5070,-1482,-1482,-224,-1,1],864864]
[[-293016717,14133924,88216,-7483,-1,1],864993]
[[26808,17604,-1120,-544,-2,1],864996]
[[3156192784,88313162,-413281,-19320,-1,1],865027]
[[-7437417,-376011,101644,-3604,-1,1],865056]
[[-211902,-138604,-24855,-1339,-1,1],865180]
[[60548015,3025968,-126082,-5731,0,1],865381]
[[6241,-2437,-1909,-257,0,1],865393]
[[27633,148667,67301,-4083,-2,1],865621]
[[543716816,26364522,-45559,-10997,0,1],865621]
[[18976,-19510,5887,-489,-2,1],865667]
[[195655043,10329510,-122140,-8215,0,1],865675]
[[72229774,6059277,-16619,-6033,-2,1],865733]
[[92289836227,-5155505561,80588757,-346320,-1,1],865801]
[[-9194172816,346443496,315572,-38484,-1,1],865899]
[[-4478,3901,146,-139,-2,1],865957]
[[-50545877152,-6700115804,95160585,-346416,-1,1],866041]
[[-1322167,232789,2396,-1178,-1,1],866124]
[[-14434590945,269331194,1036639,-32775,-1,1],866207]
[[627,-1160,665,-118,-2,1],866223]
[[33371,12052,-286,-223,0,1],866255]
[[16600,-3384,-3078,-390,-2,1],866404]
[[42,-487,432,-82,-2,1],866432]
[[-8127,2250,387,-119,-1,1],866509]
[[-740,812,192,-93,-1,1],866596]
[[-2342660,7435035,-2246318,-34665,-1,1],866635]
[[108,152,-50,-61,-2,1],866884]
[[-12444014629,-692752033,-13073214,-86692,-1,1],866924]
[[-4090681399140,21874968059,49148985,-346852,-1,1],867131]
[[-62400,28750,-700,-450,0,1],867200]
[[5483529,712902,-6419,-1703,0,1],867220]
[[22421035728,497075420,-3935414,-74345,-2,1],867377]
[[-1242,3321,164,-118,-2,1],867408]
[[94825381,7122301,-72407,-6425,-2,1],867591]
[[-1385756768,-133683660,-3713435,-34705,0,1],867625]
[[-1647,2235,-95,-205,0,1],867625]
[[16822776762,310783275,-1006445,-34705,0,1],867625]
[[-2264,-1414,1035,-147,-2,1],867749]
[[21112,2080,-1420,-233,0,1],867919]
[[-4379125868,202955935,-227035,-40065,0,1],868075]
[[-103546184877,1809611423,2534922,-86812,-1,1],868124]
[[3705112827,171313470,-409392,-27413,-2,1],868129]
[[854558525384,2579343750,-74423047,-347284,-1,1],868211]
[[-1035,1685,176,-146,-1,1],868220]
[[-1372736,-183384,74057,-3709,-1,1],868436]
[[25419313926,849635487,-668110,-66811,0,1],868543]
[[-6331,2304,206,-99,-2,1],868599]
[[6040,1969,-1289,-265,-2,1],868651]
[[450131,36089,-14949,-1359,0,1],868703]
[[406,667,-261,-145,0,1],868753]
[[8304852939,341426089,1424909,-49648,-1,1],868847]
[[-389256,-185360,-29790,-1655,0,1],868875]
[[9416778,7562545,195478,-9123,-2,1],868959]
[[-2348667,219837,11712,-1250,-1,1],869028]
[[-896,864,714,-177,-1,1],869137]
[[17545,12331,-648,-300,-1,1],869192]
[[-16312,4514,475,-159,-2,1],869275]
[[66170717202,1185222955,-1689929,-69544,-1,1],869305]
[[145208417295,1776122819,-4416166,-86932,-1,1],869324]
[[-38964,15610,337,-294,-2,1],869443]
[[-112914,23247,1080,-324,-2,1],869528]
[[81794768,7073613,-21621,-9400,-1,1],869537]
[[726367,-319468,39735,-1641,-2,1],869623]
[[-485,-1000,-595,-110,0,1],870125]
[[-2912,2056,18,-117,-1,1],870157]
[[3871066,954013,32384,-3190,-2,1],870317]
[[-35538,9251,485,-194,-1,1],870373]
[[61681889,330790,-287265,-8705,0,1],870500]
[[613,1020,-79,-106,0,1],870633]
[[3984,2392,52,-100,-2,1],870724]
[[17636660623,561885163,-7035450,-87072,-1,1],870724]
[[-1263,388,235,-78,-2,1],870759]
[[74284705195,1776731247,-1985342,-87076,-1,1],870764]
[[-17568,110776,-10858,-1464,0,1],870836]
[[-3603,3856,0,-139,0,1],870921]
[[3336173624,1674776860,-1132430,-87110,0,1],871100]
[[-73059057,14077773,31527,-7658,-1,1],871143]
[[-556150640,18779379,2168576,-32971,-1,1],871387]
[[-33069915,2049744,48765,-3591,-2,1],871596]
[[-18127792,2232904,-3374,-3436,-1,1],871596]
[[249623,20570,-5687,-616,0,1],871739]
[[-8980919,699594,29233,-2292,-2,1],871873]
[[8293802,1605087,-8866,-2728,0,1],871937]
[[-15971670,-3769584,466904,-10061,-2,1],872092]
[[22779,4167,-935,-201,0,1],872217]
[[59045043159,1018096319,-4431406,-87232,-1,1],872324]
[[201898952,152965408,1054522,-37394,-1,1],872536]
[[9207,4974,-157,-148,0,1],872557]
[[1039,538,-79,-53,0,1],872612]
[[48,121,36,-57,-1,1],872623]
[[-5706,5849,148,-162,-2,1],872633]
[[-9325739,2868574,-33661,-4926,0,1],872723]
[[-14093618184,-723684432,-12288560,-74807,-2,1],872767]
[[151021107,9464760,-36635,-6465,0,1],872775]
[[7808,2528,-646,-225,-1,1],872953]
[[22000,7275,-230,-193,-1,1],873007]
[[-42930,8631,876,-209,-2,1],873211]
[[833312,484772,16868,-2051,-2,1],873288]
[[5619121,322598,-30755,-2100,-2,1],873371]
[[5520346213706,31438810415,-34349205,-349432,-1,1],873581]
[[1072,1060,-385,-140,0,1],873625]
[[-23135032,6515014,25269,-5376,-1,1],873665]
[[1099528538,-629981461,77833739,-349500,-1,1],873751]
[[186066149,-20725514,814546,-11885,-1,1],873797]
[[214259,39318,-801,-379,-2,1],873884]
[[21057,1685,-1885,-290,0,1],874075]
[[43377527176,1788933060,-1485970,-87410,0,1],874100]
[[35307,17076,-15,-258,-2,1],874197]
[[3799752,462248,-3947,-1485,-1,1],874264]
[[-505900263571,-3730299641,95368753,-349720,-1,1],874301]
[[837,774,-17,-81,0,1],874308]
[[-15783386071,800690941,958293,-69948,-1,1],874355]
[[-10460653,987970,12203,-2051,-2,1],874532]
[[1539,725,-529,-212,0,1],874543]
[[-368,496,-20,-64,0,1],874564]
[[4168418131528,29664831249,-20047001,-349860,-1,1],874651]
[[-1972652414384,9260279352,65149220,-349888,-1,1],874721]
[[66665984672,-4843649016,82648364,-349908,-1,1],874771]
[[-200429816,21654910,-329843,-14341,0,1],874801]
[[1827,2169,211,-130,-1,1],874817]
[[17350150,2405085,-118979,-7776,-1,1],874845]
[[-65519,2792,8179,-732,-2,1],874949]
[[3677282,2750785,-7285,-3565,0,1],874975]
[[39293200,1661686,-206776,-7111,-2,1],874984]
[[10351800,-310625,-214775,-8875,0,1],875075]
[[55503928,-910130,-945135,-35005,0,1],875125]
[[-509453462629,-13532636147,-117728003,-350068,-1,1],875171]
[[-58321,11451,1109,-249,-2,1],875233]
[[4455,4841,842,-271,-1,1],875641]
[[98308,31860,134,-489,-2,1],875732]
[[-4251667767,171820427,1147256,-43788,-1,1],875768]
[[-25349,11261,-84,-255,-1,1],875773]
[[20429,6065,-341,-162,0,1],875843]
[[126836451000,-5990817810,-94353133,-350364,-1,1],875911]
[[183552896,515056,-544750,-12643,-1,1],876007]
[[-17233,5662,551,-179,-2,1],876052]
[[7938,3069,-187,-129,0,1],876103]
[[1112,-1932,1080,-192,-2,1],876128]
[[1688852,331430,-11528,-2882,0,1],876128]
[[705,1441,-92,-94,-1,1],876132]
[[-3907,5800,711,-236,-2,1],876427]
[[1959,4598,255,-187,-2,1],876452]
[[1424896,1221024,-40504,-6259,-2,1],876484]
[[4367,-770,-2167,-484,0,1],876667]
[[1913594,409721,-6928,-1622,-2,1],876744]
[[-4509,4239,291,-148,-2,1],876793]
[[170506093504,-7735785232,100219103,-350784,-1,1],876961]
[[766149,122860,-1705,-735,0,1],877300]
[[639,520,-149,-79,-1,1],877401]
[[4708,-911,-1467,-257,-2,1],877757]
[[952492647551,-2252897315,-96379695,-351110,0,1],877775]
[[-3125,2025,45,-148,-1,1],877867]
[[17852,-18158,5261,-455,-1,1],877932]
[[-2315265193,108593632,-266176,-27725,-2,1],878009]
[[3407807010,174699751,-1728781,-39024,-1,1],878049]
[[-3872,3056,-212,-170,-2,1],878104]
[[-37335118173,676795111,7131666,-87828,-1,1],878284]
[[13176,44835,-13420,-3660,0,1],878400]
[[1470492743,-121883635,3392114,-33237,-1,1],878417]
[[-585,234,195,-63,-2,1],878436]
[[278664,34115,-4739,-665,-2,1],878471]
[[23041641792,387531160,-1319836,-39048,-1,1],878589]
[[9660970,-136675,-105435,-3905,0,1],878625]
[[2838,-1259,-1360,-237,-1,1],878703]
[[1226775,197131,-4675,-1023,0,1],878735]
[[58212,38808,-2541,-550,0,1],878801]
[[-1046968,447269,2346,-1345,-1,1],878819]
[[-447365,-194273,-27117,-1310,0,1],878879]
[[2752,1968,12,-88,-2,1],878908]
[[938681339,-81515235,2418509,-25612,-1,1],878971]
[[-3007836637575,13900934761,65657237,-351672,-1,1],879181]
[[585,-302,-455,-111,-2,1],879372]
[[-22211026944,364742656,1493024,-39084,-1,1],879399]
[[3858308,2405080,76149,-4913,-1,1],879671]
[[-3562,1131,509,-163,-2,1],880009]
[[2499206076,19595271,-2029650,-31296,-2,1],880245]
[[171593917184,-9088616113,106959617,-352188,-1,1],880471]
[[-12672,3840,526,-150,-2,1],880588]
[[-596782,226135,-615,-1415,0,1],880675]
[[7792,2980,-408,-168,0,1],880852]
[[28515,41975,7616,-911,-1,1],880865]
[[397,1684,729,-209,-1,1],880889]
[[-223731872,14196001,369657,-12293,-2,1],881113]
[[2962487386,187832389,-653766,-31383,-2,1],881183]
[[-637477809625,-15740087425,-125234865,-352476,-1,1],881191]
[[539200,246677,-456,-1369,-1,1],881213]
[[446757,-205031,-40421,-1882,-1,1],881289]
[[10176,5000,20,-150,-1,1],881501]
[[4196937756,118338676,-474232,-24864,-1,1],881556]
[[15595354,2241605,-11972,-3245,-1,1],881667]
[[3833256393,170968476,354797,-31121,-2,1],881807]
[[-203223,358050,-34416,-2627,-1,1],881991]
[[-676336961774,30167252487,5891967,-352812,-1,1],882031]
[[-267,-701,-510,-109,-1,1],882031]
[[-427,192,829,-191,-1,1],882091]
[[-68867107,-1367440027,83870163,-352840,-1,1],882101]
[[-392,-51,205,-54,-1,1],882153]
[[4467,-9764,4831,-489,-2,1],882156]
[[3247,573,-955,-191,0,1],882229]
[[-908,3320,-589,-204,-1,1],882235]
[[5382942899999,32418665510,-31938355,-352910,0,1],882275]
[[-1469,548,117,-49,-2,1],882292]
[[-45520,12443,600,-273,-1,1],882391]
[[-407,726,-154,-143,0,1],882475]
[[-22409,10548,223,-225,-2,1],882521]
[[132307,53341,-369,-492,0,1],882689]
[[-330793,-36231,16866,-1093,-1,1],882739]
[[150863,-84119,-22246,-1298,-1,1],882912]
[[150017602619,1943269287,-3072854,-88300,-1,1],883004]
[[151988,36990,-2377,-720,-2,1],883017]
[[1716992,246608,-37028,-2371,-1,1],883027]
[[-10034552,3461410,-232304,-8605,-2,1],883112]
[[-4060602864,-259156248,-5618083,-44157,-1,1],883148]
[[718843,168244,2118,-1035,-2,1],883169]
[[4519,2427,7,-112,-1,1],883321]
[[357534,53477,-6998,-939,-1,1],883341]
[[32847,-40234,13697,-984,-2,1],883377]
[[614,913,222,-87,-2,1],883393]
[[5545825,122235,-71013,-3865,-1,1],883520]
[[-14814,6570,314,-223,-1,1],883732]
[[-12108,6724,157,-190,-2,1],883777]
[[2270209707,60408060,-1414360,-27915,0,1],883975]
[[-18676,7485,638,-223,-1,1],884071]
[[-37330171,7135616,-63041,-6773,0,1],884137]
[[-890382672,34110150,200841,-13443,-2,1],884241]
[[9084852,778360,-22021,-2196,0,1],884317]
[[509,-1301,-1684,-260,-1,1],884388]
[[334036,-491323,-76183,-2886,-1,1],884411]
[[-529,3613,-77,-140,0,1],884461]
[[523556,8009,-14854,-1118,-2,1],884484]
[[-901086713,-85626262,-2545937,-26537,-2,1],884620]
[[11224,1856,-1083,-229,-1,1],884792]
[[-10452509200,4448304,5066152,-50560,-1,1],884807]
[[67,-343,-605,-167,-2,1],884813]
[[14920,5876,-278,-173,-1,1],884853]
[[-327932035,-8192864289,106431081,-353944,-1,1],884861]
[[-71442,24507,1112,-645,-2,1],884927]
[[72888168,-12144601,667647,-12347,-2,1],884983]
[[41664,11036,-961,-311,0,1],885019]
[[-134556054,16232727,65196,-8429,-2,1],885213]
[[4587643,577481,-41594,-2810,-1,1],885276]
[[-243960616,20707718,38201,-9759,-1,1],885317]
[[-35424,-280440,-54120,-2460,0,1],885600]
[[2613151068,24111536,-1707476,-26567,-2,1],885620]
[[-2225,2750,-75,-150,0,1],885625]
[[100038188711,1693074111,-3791070,-88576,-1,1],885764]
[[408,356,-262,-225,-2,1],885852]
[[20147,5270,-868,-245,-1,1],885853]
[[59311,22927,-217,-312,-1,1],885907]
[[686032,142860,-3535,-940,0,1],885925]
[[181504,48448,-304,-576,-1,1],885953]
[[76065341911,1544260059,-248070,-88596,-1,1],885964]
[[-581,885,-127,-122,0,1],886231]
[[101316,20789,-788,-297,-1,1],886257]
[[707824908140,-16189878529,126118557,-354564,-1,1],886411]
[[2035615,3175984,832404,-17663,-1,1],886441]
[[10191194,1598345,-7458,-2547,-1,1],886441]
[[1543379625,75299103,164593,-21168,-2,1],886477]
[[-50888098640,708121976,4837044,-70924,-1,1],886555]
[[-1764,2331,-42,-140,-2,1],886599]
[[135,-2274,1840,-277,-2,1],886813]
[[-6413,11242,524,-277,-2,1],886819]
[[394049,24485,-10055,-960,0,1],886925]
[[144,298,-56,-69,-2,1],886968]
[[-2690,1189,499,-219,-2,1],887041]
[[-6070642020,112263467,1309215,-28013,-2,1],887129]
[[-30176,2712,2452,-368,-1,1],887149]
[[6695,10474,-15,-219,-1,1],887203]
[[39637,13233,-161,-245,0,1],887221]
[[662924,28885,-18180,-1310,0,1],887275]
[[408970956,14661559,-476018,-14944,-2,1],887395]
[[-560,576,84,-124,-2,1],887516]
[[567888799,24154435,-177505,-11135,0,1],887525]
[[39361,24567,1887,-474,-2,1],887609]
[[-3625164683,268924537,-2247091,-50724,-1,1],887677]
[[5065704,-159006,-100608,-4754,-2,1],887712]
[[51568,44810,-14665,-1315,0,1],887725]
[[-4212,2259,90,-115,-2,1],887744]
[[-8629,2596,251,-105,-1,1],888037]
[[-185269339940,2936777172,21213583,-355336,-1,1],888341]
[[4756310945451,32680283661,-27113083,-355348,-1,1],888371]
[[-1169983,154475,5508,-888,-1,1],888400]
[[-15874663357,-840132429,-14644194,-88860,-1,1],888604]
[[85434281,7215398,-46442,-10555,0,1],888731]
[[211432,94604,2488,-1776,-2,1],888800]
[[21240,-37749,10948,-829,-1,1],888899]
[[95920,46321,-3465,-825,0,1],888899]
[[2366,6559,-315,-213,-2,1],888937]
[[2448,699,-589,-170,-1,1],888949]
[[-262774714995,-425621127,85250839,-355656,-1,1],889141]
[[5427,-7668,2772,-291,-2,1],889183]
[[39075,9875,-2225,-425,0,1],889225]
[[-15472,4288,388,-140,-1,1],889327]
[[281071896463,-10137976187,105199533,-355764,-1,1],889411]
[[-3240,12636,0,-237,0,1],889485]
[[-30657365,1545242,79539,-3999,-2,1],889531]
[[18441,14099,721,-289,-2,1],889619]
[[-1089360,583744,39236,-3040,-2,1],889668]
[[1990,1459,-47,-91,-2,1],889681]
[[-31610,5625,4060,-474,-2,1],889700]
[[2186873684519,6500624217,-82321613,-355908,-1,1],889771]
[[115401167,2209920,-355225,-10265,-2,1],889772]
[[27038968,1883860,-35090,-3190,0,1],889900]
[[217,-650,409,-75,-2,1],889948]
[[11616,1892,-1052,-213,-1,1],889951]
[[-22200,4719,999,-203,-2,1],889965]
[[562125,250995,10577,-1555,-2,1],889977]
[[-1891,5549,-1767,-341,0,1],890041]
[[79572,76090,-2715,-730,-2,1],890041]
[[73918006,-10228291,-831687,-14591,0,1],890051]
[[595791808,27974064,-121916,-10959,-1,1],890081]
[[-7040,1200,956,-196,-1,1],890105]
[[-228872,79910,-1037,-671,0,1],890173]
[[9904257252,132389604,-2543991,-39564,-1,1],890199]
[[-242,161,52,-30,-2,1],890336]
[[2959,18293,-847,-341,0,1],890417]
[[27377789,1237426,-70133,-3623,-1,1],890417]
[[-21,185,-148,-67,-1,1],890425]
[[-3497369,431595,25885,-2212,-1,1],890491]
[[-5173032699,91454071,1713909,-31215,-1,1],890557]
[[768,1408,352,-127,-1,1],890572]
[[295607,-16463,-45694,-2474,-1,1],890784]
[[12307506632,392949760,-849710,-41115,0,1],890825]
[[76350,17746,-2324,-589,-1,1],890836]
[[63276333785,995416018,-3329410,-76361,-2,1],890897]
[[-6019068696048,32445696398,38737245,-356368,-1,1],890921]
[[1198,718,-10337,-2435,-1,1],891176]
[[10047568,3535658,142608,-6735,-2,1],891304]
[[-1066157,186559,3586,-1004,-1,1],891436]
[[-3575,427,487,-101,-2,1],891621]
[[-36167067,3776274,114357,-10167,-2,1],891708]
[[2372,1305,-76,-92,0,1],891776]
[[47901,-12190,-8320,-835,0,1],891925]
[[-2521801,268663,11399,-1480,-1,1],891941]
[[1141513,138940,-29471,-2051,-2,1],891948]
[[1833551,384524,-2362,-1305,-1,1],892003]
[[52524,40560,-327,-653,-1,1],892056]
[[-239765196717,-9014985207,-101090619,-356832,-1,1],892081]
[[11239,4242,-74,-127,-2,1],892261]
[[34101,-32886,9198,-687,-2,1],892397]
[[242880,-135376,21876,-1159,-1,1],892459]
[[-2934465,453701,509,-1536,-2,1],892521]
[[-1498,1261,-30,-95,-2,1],892577]
[[474685812265,-13608843817,119520165,-357096,-1,1],892741]
[[904050,169125,-1025,-1025,0,1],892775]
[[-7225,8602,1317,-284,-2,1],892819]
[[592,768,136,-83,-1,1],892964]
[[6398,999,-702,-157,-1,1],893179]
[[-5,22,-5,-23,-2,1],893268]
[[-603424,493966,-15793,-2108,-1,1],893309]
[[15343,3985,-2815,-415,0,1],893425]
[[4498307,227810,-34485,-2090,0,1],893475]
[[287091,36456,-4123,-589,0,1],893668]
[[1251,360,-1695,-285,0,1],893700]
[[15639029621,310961235,-893875,-35755,0,1],893875]
[[109341,31200,79,-390,-2,1],893981]
[[101790280824,1162866460,-6526930,-89410,0,1],894100]
[[-14646125,-331525,189345,-5934,-2,1],894245]
[[3804,1504,-106,-81,-1,1],894276]
[[-112824,22392,2070,-469,-2,1],894321]
[[12989,15684,56,-257,-2,1],894379]
[[-1176,70,333,-75,-2,1],894563]
[[-1413,3210,449,-154,-2,1],894723]
[[-1944,6174,-133,-209,-2,1],894755]
[[-347424,180160,-2220,-1010,0,1],894900]
[[-151387318,6644237,303122,-11993,-1,1],895063]
[[554,607,39,-69,-2,1],895075]
[[-341,2773,337,-141,-2,1],895259]
[[1539104,119540,-21333,-1732,-1,1],895297]
[[8077,16716,-157,-274,0,1],895311]
[[-256,426,-11,-52,-1,1],895447]
[[-25055595325,59270295,10853266,-89548,-1,1],895484]
[[-1691856,401928,-4372,-1561,-1,1],895484]
[[-254929,87515,-210,-672,-1,1],895604]
[[126280896048,-5748310224,80320188,-358252,-1,1],895631]
[[45068,-89502,27647,-1560,-2,1],895663]
[[-8570,-10986,-4210,-433,-1,1],895796]
[[207355876052,-7494684640,89476599,-358336,-1,1],895841]
[[-98,-392,-338,-89,-1,1],895852]
[[60085534736,27190571368,11539076,-358356,-1,1],895891]
[[-1721785744395,4187485473,84831481,-358392,-1,1],895981]
[[-3133711512,193828095,4066479,-59741,-2,1],896139]
[[5129460,594528,-10719,-2177,-1,1],896172]
[[-18326,-16135,-4575,-451,-2,1],896303]
[[1691872,195468,-3813,-877,-2,1],896363]
[[-2728192608,-180960185,-4195035,-35855,0,1],896375]
[[-2005341466,-154929455,-3979905,-35855,0,1],896375]
[[-24456096,-4922925,-326081,-7455,-2,1],896413]
[[-327,287,57,-65,-2,1],896483]
[[-43728026112,934151496,588140,-71724,-1,1],896555]
[[23692692,1979671,-98794,-5104,-2,1],896671]
[[7486,6077,-250,-201,-1,1],896857]
[[-2871423921,-442712705,12664002,-89688,-1,1],896884]
[[99603,20088,-775,-279,0,1],896892]
[[-1149,2753,-763,-219,-2,1],896923]
[[-1868944,-622831,-63591,-2255,0,1],897039]
[[3693691,413370,-4591,-1294,-2,1],897203]
[[-11614837,8905566,64601,-7228,-2,1],897245]
[[732269,109970,-2439,-675,-1,1],897281]
[[61636564,5947194,-2761,-5522,0,1],897325]
[[2309,-2559,969,-130,-1,1],897703]
[[400,2408,-91,-117,-1,1],897748]
[[-593,2490,-1156,-299,0,1],897757]
[[-4229,5494,-997,-273,-1,1],898013]
[[18091,3574,-911,-202,0,1],898027]
[[2167,-2780,1093,-141,-2,1],898132]
[[-7904,1772,1303,-267,-2,1],898207]
[[-703175650496,31797452640,2946132,-359284,-1,1],898211]
[[-3465368739,120838383,1026057,-39924,-1,1],898299]
[[10260,5101,-6,-199,-1,1],898595]
[[17589649,1087185,-97405,-4510,0,1],898975]
[[23,738,49,-61,-1,1],898987]
[[-7982290939,-2924117,4967711,-51372,-1,1],899017]
[[-425,265,126,-78,-1,1],899168]
[[-12926,3867,432,-147,-1,1],899201]
[[3561765,343097,-9797,-1313,0,1],899203]
[[-16,-86,-108,-38,0,1],899456]
[[5861127837499,33346651085,-34361855,-359810,0,1],899525]
[[3596513331485,15920064021,-67763973,-359872,-1,1],899681]
[[-128085,21893,1312,-312,-1,1],899712]
[[1407121,367133,-1333,-1333,0,1],899713]
[[25045900,618750,-121550,-4675,0,1],899800]
[[-97365725,5145193,47555,-4444,-1,1],899991]
[[456805114,42809730,553495,-20131,-1,1],899992]
