[[1364399,198694,-2992,-1007,-2,1],900073]
[[69984,19764,-783,-303,0,1],900147]
[[1014,741,12,-59,-1,1],900153]
[[637,483,-7,-49,-2,1],900361]
[[149568,36449,-328,-410,0,1],900401]
[[85593075,8041994,-32537,-6351,-2,1],900412]
[[5035601,4400110,-103170,-6335,0,1],900475]
[[12244,5240,-330,-195,0,1],900500]
[[412,107,-516,-129,-1,1],900529]
[[10144,3648,-82,-116,-2,1],900604]
[[649712316,29626960,-136895,-14410,0,1],900625]
[[-89,-394,-360,-99,-2,1],900829]
[[-1087035668,-9047841017,-111102811,-360372,-1,1],900931]
[[2160,1824,-55,-121,-1,1],901009]
[[-1937,1270,124,-77,-1,1],901111]
[[5767584670075,32254378245,-37236799,-360472,-1,1],901181]
[[3168587,792385,12317,-2300,-1,1],901203]
[[-15232,6076,483,-239,-2,1],901243]
[[-19468091227,430129519,640028,-45072,-1,1],901448]
[[-401,-1248,1367,-205,-2,1],901468]
[[-333384546624,-6552842728,105377956,-360636,-1,1],901591]
[[41,-190,233,-59,-1,1],901675]
[[560096959,20947928,-641617,-17341,0,1],901732]
[[2765,2252,-147,-127,-2,1],901828]
[[1395,1595,-539,-186,-1,1],902115]
[[-1110126638,-15037187,1801045,-24181,-2,1],902197]
[[-934648189,-91400927,-2725193,-27903,0,1],902197]
[[212324509593,-7753854381,92288369,-360924,-1,1],902311]
[[762551,408231,983,-1404,-1,1],902327]
[[272,1224,977,-273,-1,1],902411]
[[-145088,64204,918,-513,-1,1],902527]
[[1191035,262463,-3462,-1236,-1,1],902572]
[[285080070097,-10436277553,112903587,-361060,-1,1],902651]
[[-183215,71611,889,-539,-1,1],902720]
[[-112,111,62,-30,-2,1],902752]
[[345,999,-29,-117,0,1],902769]
[[-3737,6970,-371,-275,-1,1],902821]
[[-15621,-4661,2874,-312,-1,1],902836]
[[6348,5163,-42,-170,-2,1],902880]
[[92974,7110,-4730,-535,0,1],902900]
[[-18932,3886,1323,-279,-1,1],902924]
[[-8076124,1744461,56740,-4003,-1,1],902929]
[[12943,3922,-475,-159,0,1],903343]
[[65043,36135,-4455,-660,0,1],903375]
[[72,542,-71,-159,-1,1],903429]
[[451,-105,-283,-73,0,1],903537]
[[11,-155,398,-203,-1,1],903591]
[[-34407,22839,-231,-351,-1,1],903600]
[[1199385,213017,-2529,-1009,-2,1],903619]
[[-34114071806,1617346627,8928467,-361476,-1,1],903691]
[[-5268,17868,1641,-401,-2,1],903771]
[[824,355,-118,-59,-1,1],903771]
[[-394924,214083,3206,-2412,-2,1],903807]
[[-12129,5324,30,-169,-1,1],903869]
[[530149,325235,-1305,-1160,0,1],904075]
[[-32,184,162,-68,-2,1],904196]
[[-85927040,35665792,99476,-45216,-1,1],904328]
[[-43312,-76608,-31324,-2923,-1,1],904388]
[[-400369,-295697,-54909,-2753,-2,1],904427]
[[19,64,35,-25,-1,1],904527]
[[28875,9176,-213,-199,-1,1],904573]
[[-1434844176,-113575925,-3071769,-29823,0,1],904631]
[[314857774,9833529,-438635,-14476,-1,1],904775]
[[-312395667,-129591239,-7911615,-72384,-1,1],904805]
[[-5931403703,192166959,-31201,-31201,0,1],904829]
[[-30,-7,226,-153,-1,1],904833]
[[-5836583,519334,97421,-8272,-2,1],904925]
[[247170105,15416985,-37025,-8272,-2,1],904925]
[[4501,2843,-73,-176,0,1],905053]
[[-4080677448,-1037192038,-37761231,-362044,-1,1],905111]
[[-12315,13631,1157,-331,-1,1],905197]
[[-8609,8604,708,-253,-2,1],905299]
[[85430877038,6577222695,65075911,-362136,-1,1],905341]
[[921268584,23159820,-552280,-15088,-2,1],905376]
[[1271,2172,31,-109,-2,1],905428]
[[27783,3969,-1593,-294,-2,1],905513]
[[-3032,6185,-40,-340,0,1],905600]
[[9600,2250,-950,-225,0,1],905700]
[[16456805,4202522,-201333,-8517,-1,1],905837]
[[387086735027,-12033513101,116927247,-362340,-1,1],905851]
[[-869603,302302,-15215,-2107,-2,1],905887]
[[25648,8288,-327,-192,0,1],905891]
[[24147,5311,-865,-216,-1,1],905907]
[[-50475664,10538844,-101119,-8569,-1,1],905908]
[[8181187,14071901,-14589,-8105,0,1],906139]
[[70521192,3917844,-119934,-6663,0,1],906168]
[[46496,11670,-905,-300,-1,1],906229]
[[-26044697405,1343658979,-2428734,-90624,-1,1],906244]
[[2020707,198162,-17877,-1818,0,1],906273]
[[-6165342426,168928851,2615913,-48338,-1,1],906345]
[[168945,49492,-2870,-1195,-2,1],906409]
[[40078585040,1067715520,159536,-72516,-1,1],906455]
[[307,-1251,1290,-213,-1,1],906521]
[[19251,6885,-495,-210,0,1],906525]
[[-53492,-14505,8043,-709,-2,1],906587]
[[-152880,27573,2496,-467,-1,1],906633]
[[148248,37668,-1406,-621,-2,1],906719]
[[3403,2497,147,-135,-1,1],906973]
[[198,-1617,-1694,-330,0,1],907104]
[[2216633924,109979367,-59257063,-362872,-1,1],907181]
[[2972568,255310,-61190,-3165,0,1],907300]
[[8790,4239,-141,-203,-2,1],907335]
[[-12119944,17875226,-217792,-22685,-2,1],907464]
[[7754,-7686,2478,-268,-1,1],907808]
[[-14478568,1308255,11810,-2449,-1,1],907933]
[[-91,88,53,-26,-2,1],908011]
[[273,1268,-207,-116,-2,1],908011]
[[270272,45961,-2255,-533,0,1],908273]
[[-581,1024,-175,-117,0,1],908539]
[[431,-735,403,-74,-1,1],908575]
[[-4390161480995,21886719263,58043987,-363456,-1,1],908641]
[[-1069674625,117533775,-322013,-25658,-1,1],908735]
[[-279,8895,-17,-191,0,1],908749]
[[5472912202304,34444079616,-30646793,-363544,-1,1],908861]
[[385568,92010,-1765,-965,0,1],909025]
[[9143,-12093,3529,-326,-1,1],909031]
[[-491002205537,-14738981455,-126299257,-363660,-1,1],909151]
[[201,-809,746,-145,-1,1],909181]
[[-2699,-3765,-1445,-185,0,1],909225]
[[-2002953294073,20775633805,1709561,-363736,-1,1],909341]
[[16934,104025,-1516,-802,-2,1],909503]
[[-1099,-2030,-950,-143,0,1],909629]
[[429903493,19737210,-157040,-9815,0,1],909775]
[[-52741375,6564150,48060,-5617,-2,1],909781]
[[2769,1318,-239,-141,-2,1],909828]
[[-153,-410,-309,-78,-2,1],909901]
[[49017885,4329782,-43878,-4831,-2,1],909919]
[[4432,3120,-184,-133,0,1],910308]
[[-2022,1849,562,-153,-2,1],910512]
[[84,-610,-803,-168,-2,1],910609]
[[-519,1587,-55,-114,0,1],910617]
[[25167,362794,641,-3205,-1,1],910811]
[[1689,4419,168,-164,-1,1],910872]
[[29703739,18885226,-441002,-24415,-2,1],910927]
[[179104,269136,2068,-1723,-1,1],910940]
[[-1160,336,246,-69,-2,1],911173]
[[111332,43460,-260,-665,0,1],911300]
[[-1308,1253,13,-99,-2,1],911371]
[[-924,-14,329,-79,-1,1],911428]
[[8396,36240,1385,-756,-1,1],911431]
[[20116249199,323512860,-1843205,-40510,0,1],911475]
[[-54,31959,3027,-643,-2,1],911669]
[[35608,12966,-183,-265,-2,1],911701]
[[-332959064571,-10734736419,-109518329,-364696,-1,1],911741]
[[270351,51336,-1395,-465,0,1],911772]
[[534231,145066,1354,-1335,-2,1],911799]
[[-56806251963,847816842,2415492,-60791,-2,1],911889]
[[-5535,2367,357,-159,-2,1],911949]
[[850454,186089,506,-1265,-2,1],911952]
[[11600,5772,37,-154,-2,1],911953]
[[2007,-263,-725,-154,-1,1],911957]
[[3183609475,135283210,-381225,-27359,-2,1],912020]
[[4810049,-5549828,-433766,-8913,0,1],912097]
[[3122299719,66891220,-1409691,-27641,0,1],912153]
[[20549,25436,2730,-511,-2,1],912197]
[[4169058419,-300431141,-11567254,-91224,-1,1],912244]
[[12762266087,659205471,1021758,-91228,-1,1],912284]
[[-9972238445,388080718,662508,-42107,-2,1],912353]
[[4221,8002,-869,-262,0,1],912541]
[[1842027649,79649493,-1187801,-28080,-1,1],912613]
[[37322088371,519173967,-8834394,-91264,-1,1],912644]
[[-9669835392,440483952,-1598238,-60845,-2,1],912699]
[[-4666,3639,-314,-167,0,1],912799]
[[21088,6872,-200,-182,-2,1],912908]
[[-843205,157612,5659,-1048,-2,1],913193]
[[-52169804785,533628931,8693702,-91320,-1,1],913204]
[[-1163415,634590,-3205,-1923,0,1],913425]
[[948926415168,-19253550123,137650851,-365412,-1,1],913531]
[[335367,20155,-8841,-862,-1,1],913627]
[[320,2584,149,-117,-1,1],913732]
[[144811316,8705310,-177571,-8662,0,1],913841]
[[3192600,1303920,-52556,-3808,-1,1],914016]
[[22326521,1864165,-22630,-2955,-1,1],914063]
[[4811031,1093045,-3195,-2130,0,1],914125]
[[1103548563,33665067,-338193,-14129,-2,1],914207]
[[3432643,-42640,-58015,-2665,0,1],914300]
[[-1260403,139329,6383,-873,-1,1],914309]
[[-19807579801,958247843,3218702,-91440,-1,1],914404]
[[-45,-411,788,-147,-1,1],914465]
[[-3088,2308,53,-145,-1,1],914548]
[[-55107,15768,1458,-325,-2,1],914615]
[[2769144200,35818815,-1668963,-28144,-1,1],914693]
[[1732169,247945,-4009,-1244,-1,1],914817]
[[43215160,2832664,-23850,-3276,-2,1],914836]
[[64,98,-31,-43,0,1],914881]
[[6418740060288,34369080752,-39450100,-365956,-1,1],914891]
[[-1233,-3011,-1702,-246,-1,1],915156]
[[384,1056,-180,-119,-2,1],915192]
[[-475,538,-8,-55,0,1],915373]
[[-18804540006,313059497,3332045,-52308,-1,1],915397]
[[140618188393,1616169760,-3870940,-78465,0,1],915425]
[[-44894027,-21589181,2055219,-30098,-1,1],915493]
[[1348412751,-541342017,-13806102,-91552,-1,1],915524]
[[6740037,1932347,56186,-4379,-1,1],915619]
[[4176,3674,421,-163,-2,1],915689]
[[-43651,8492,901,-210,-2,1],915709]
[[154999,241931,25989,-2487,-2,1],915913]
[[-41112,8988,1168,-263,-2,1],916189]
[[25668,8544,-147,-185,-2,1],916269]
[[17349889,-1425767,-278553,-8387,-2,1],916391]
[[-25829,10750,247,-269,-2,1],916596]
[[-3341898,374961,6492,-1226,-2,1],916608]
[[-4530064339,122106099,1541575,-32834,-1,1],916627]
[[6656,-464,-1869,-301,0,1],916753]
[[330954161476,-6571076490,-107996095,-366710,0,1],916775]
[[-597,593,85,-55,-2,1],916817]
[[-5266471127,99410426,1285381,-27503,-2,1],916820]
[[46190265103,275729675,-8587115,-78587,-2,1],916867]
[[15916759,71471,-105015,-3954,-2,1],916949]
[[14672,4585,-560,-190,0,1],917000]
[[-2319387048,116194168,-236648,-29581,0,1],917011]
[[412665088,10691520,-423600,-11832,-1,1],917011]
[[459156,245330,5075,-1235,-1,1],917036]
[[559738188,-371370069,10643333,-78605,-2,1],917077]
[[-6786,11631,904,-324,-2,1],917224]
[[659248,132328,-1932,-795,-1,1],917252]
[[-61624168,5002582,219603,-8213,-2,1],917297]
[[305,235,-25,-38,-1,1],917325]
[[-43488,7992,944,-206,-2,1],917348]
[[-13398099,2115004,213879,-12654,-2,1],917531]
[[-2925590,-1966427,-323984,-12654,-2,1],917531]
[[-80829,52297,-2362,-642,-1,1],917532]
[[-13916,-14616,-4727,-477,-1,1],917532]
[[-49423,12756,885,-259,-1,1],917573]
[[6300,750,-1025,-200,0,1],917575]
[[4160,-4513,1591,-183,-2,1],917701]
[[-6555077534512,35503203618,37705319,-367140,-1,1],917851]
[[46,-65,-310,-120,0,1],917875]
[[2208901,329205,-1291,-1291,0,1],917901]
[[-1876956903871,24779522129,-10392111,-367212,-1,1],918031]
[[-5333,-1995,2283,-300,-1,1],918139]
[[-171734085,7043870,148801,-6832,-2,1],918265]
[[-7965,2640,217,-103,-1,1],918455]
[[-7460,2191,326,-110,-2,1],918496]
[[196,-308,-357,-89,-1,1],918596]
[[-3663,7689,-77,-198,0,1],918775]
[[-3361052272,-265553719,-6876712,-59282,0,1],918871]
[[-3645,-5423,-1953,-228,0,1],918877]
[[-484097,-491722,-108377,-5424,-2,1],918961]
[[15824246603,602866115,1580618,-91896,-1,1],918964]
[[14416859,-1232743,-211155,-6033,0,1],919027]
[[17194,-28680,9628,-729,-1,1],919044]
[[-580,624,26,-79,-1,1],919108]
[[1141605000,34908000,-303750,-13130,-1,1],919128]
[[3,112,121,-72,-2,1],919197]
[[-3303,372,685,-153,-2,1],919228]
[[35687,10072,-438,-205,0,1],919297]
[[-1081824,45272,18068,-1272,-1,1],919309]
[[5005693,-715099,-157377,-5522,0,1],919413]
[[7391011528,150894978,-3535969,-52540,-1,1],919457]
[[2052,842,-223,-95,-1,1],919492]
[[-1423058433984,1023097112,94982588,-367864,-1,1],919661]
[[4491032256,87281136,-925836,-22991,-2,1],919704]
[[-6243,2276,219,-97,-2,1],919852]
[[102405824,5191920,-51700,-4656,-2,1],919876]
[[2860,649,-352,-99,0,1],919919]
[[7938,8181,90,-179,-2,1],920043]
[[-72,456,-80,-77,0,1],920179]
[[3743,3450,180,-147,-2,1],920371]
[[5554554681027,34542044761,-29564565,-368176,-1,1],920441]
[[-103158656,9781581,-32728,-8182,0,1],920475]
[[2287468,238310,-5390,-965,0,1],920600]
[[36033,19444,186,-303,-1,1],920749]
[[-89,263,-95,-161,-2,1],920809]
[[191601,132060,-1220,-1485,0,1],921025]
[[628,724,84,-63,-2,1],921124]
[[-45981,26865,-954,-455,-1,1],921129]
[[-37908,8694,819,-231,-1,1],921292]
[[12928,692,-1776,-288,0,1],921436]
[[1063,-2315,1290,-182,-1,1],921572]
[[83696,57698,-21928,-1655,-2,1],921672]
[[-7353,11710,-185,-240,0,1],921695]
[[723782,48385,-14535,-1165,0,1],921775]
[[-1727,1066,133,-119,-2,1],921852]
[[4233,2165,-1045,-249,-2,1],921931]
[[649169333961,-15876359863,129697253,-368772,-1,1],921931]
[[2903,1499,-151,-114,-1,1],922009]
[[-11759203160,200504752,1445246,-32549,-2,1],922267]
[[-22041815261,353058523,4349293,-61487,-2,1],922329]
[[2085959,249860,-5208,-1023,0,1],922343]
[[-505529712,52255092,-713280,-23057,-2,1],922344]
[[-145,1290,428,-139,-2,1],922355]
[[-25353,12537,129,-256,-2,1],922381]
[[-30976,9728,624,-220,-1,1],922577]
[[26230,10675,-915,-305,0,1],922625]
[[35729581211,802053251,-5056966,-92280,-1,1],922804]
[[1861101,257410,-9945,-1510,0,1],922825]
[[56700,666870,-2461,-1776,-2,1],922837]
[[16322015552,352815640,-812204,-41020,-1,1],922959]
[[4808870877225,32730827245,-21156329,-369220,-1,1],923051]
[[-1024,-1912,-1096,-182,-1,1],923077]
[[26862896,299280,-174056,-6392,-1,1],923093]
[[-25,10,218,-131,-2,1],923149]
[[27158,-692370,86210,-2952,-1,1],923296]
[[-2086484,-709183,-71816,-2483,0,1],923485]
[[1781376,287716,-7612,-1675,-2,1],923544]
[[-2478327,-151773,170860,-7696,-1,1],923568]
[[48193521,3657555,-12315,-4105,0,1],923625]
[[10043,2816,-387,-132,0,1],923767]
[[-385237802354,-7508646337,113360123,-369612,-1,1],924031]
[[-46887577224,1565055760,-1570970,-92410,0,1],924100]
[[-3057699,12727210,-501695,-52810,0,1],924175]
[[-21570,7061,474,-211,-2,1],924241]
[[8802,3096,-228,-133,-1,1],924268]
[[-209508253593,2263310635,4733358,-92448,-1,1],924484]
[[2079,3368,-479,-190,-2,1],924523]
[[142905192,7487374,-129462,-7041,-2,1],924724]
[[-27776,8924,1048,-257,-1,1],924759]
[[5625,3175,-27,-115,-1,1],924989]
[[-2498,-1988,1378,-191,-1,1],925100]
[[177,-1245,-955,-165,0,1],925125]
[[-36678,13052,2656,-477,-1,1],925164]
[[-6388471,611264,82457,-7595,-2,1],925404]
[[-747,164,235,-64,-2,1],925525]
[[22484267,807394,-130188,-5139,0,1],925591]
[[-769,500,119,-65,-2,1],925668]
[[-277,364,143,-61,-1,1],925843]
[[-7090310,2345497,11840,-3170,-2,1],925931]
[[251336690,10059991,-100716,-6519,-1,1],925931]
[[1483272,-541188,-110280,-4667,-2,1],925939]
[[-4043813669,108819944,724147,-27779,-2,1],926020]
[[143463,19298,-6125,-885,-2,1],926156]
[[-679168,-118304,99263,-4916,-1,1],926163]
[[-26533,-2890,3699,-411,-1,1],926167]
[[-3329,4889,-2,-230,-1,1],926172]
[[-1348,4498,149,-163,-1,1],926467]
[[60475,108445,-16031,-1435,0,1],926641]
[[1908687671,200032787,296526,-92664,-1,1],926644]
[[-1299,874,1063,-231,-2,1],926676]
[[902912,126168,-6280,-969,-2,1],926712]
[[25657,18119,843,-339,-2,1],926825]
[[65533,18826,-9863,-1871,-2,1],926937]
[[-3599597,271064,27467,-2037,-1,1],927017]
[[1364576313199,8299098610,-74347405,-370810,0,1],927025]
[[-44551,34460,-305,-935,0,1],927100]
[[-393,55,174,-57,-1,1],927277]
[[128,426,-2,-109,-2,1],927436]
[[1792349256,60859972,-210224,-15456,-2,1],927456]
[[8863549,341559,-56077,-2977,-2,1],927581]
[[-699992,-2016700,227920,-6624,-2,1],927584]
[[-1269556,179068,2701,-877,-1,1],927953]
[[293536877,52344544,-1610356,-42827,-2,1],927953]
[[-2025,1270,381,-111,-2,1],928244]
[[79859352,3670217,-1827968,-28562,0,1],928265]
[[409,125,-683,-158,-1,1],928539]
[[18285553,1591678,-59356,-5467,0,1],928609]
[[-98057406816,3769873327,-18313195,-371464,-1,1],928661]
[[4000,7675,1210,-276,-2,1],928663]
[[-108881560321,1595282231,4754862,-92868,-1,1],928684]
[[-762036,243721,-7028,-1506,0,1],928700]
[[140921,68449,-5249,-1004,-1,1],928729]
[[15600,5625,-200,-150,0,1],928800]
[[359932497,12172468,-209630,-8881,-2,1],928811]
[[553800,67024,-6674,-852,0,1],928964]
[[-83032,-65712,-13406,-889,-2,1],929213]
[[8440754,1209153,-36641,-3331,0,1],929349]
[[32507229,1742113,-49965,-3331,0,1],929349]
[[-446280,61604,2378,-489,-2,1],929412]
[[-60521264,4590913,137663,-10048,-1,1],929477]
[[-48022292365,1865475063,-260278,-92956,-1,1],929564]
[[341,434,-465,-155,0,1],929628]
[[-1779,12839,101,-310,-1,1],929629]
[[-1208,-2160,1720,-269,-1,1],929647]
[[9146116325,311133750,-3147100,-71525,0,1],929825]
[[-78007,419571,2447,-1362,-1,1],929969]
[[-614238768551,-15414792365,-128529455,-372010,0,1],930025]
[[-56993408,2701120,266620,-10730,-2,1],930072]
[[-5065,6190,-419,-310,-2,1],930085]
[[29093743,2499195,-10865,-3292,-1,1],930103]
[[-682206689,60335487,-508487,-41340,-1,1],930159]
[[811061,-10860,-19910,-1267,0,1],930159]
[[30193,8272,-320,-191,-2,1],930343]
[[2179,-2558,980,-127,-2,1],930379]
[[99027054,-8825989,-1330202,-28953,-1,1],930645]
[[18811836,1679252,-11052,-2908,-1,1],930688]
[[83862,16441,-1410,-355,-2,1],930907]
[[72,68,-116,-87,-2,1],930949]
[[-3407044,493292,6785,-1499,-2,1],931287]
[[8821379,-1916276,-218693,-5710,0,1],931301]
[[830259,89958,-10036,-1069,-2,1],931321]
[[1145,1764,125,-92,-2,1],931363]
[[-2743063297,182437735,-1080395,-37255,0,1],931375]
[[3794988547899,32350582553,-13899487,-372640,-1,1],931601]
[[12032,4753,-128,-147,0,1],931627]
[[121,165,-25,-65,0,1],932125]
[[-128,-1058,-1057,-269,-2,1],932197]
[[-28781,6358,658,-177,-2,1],932263]
[[367,-2053,1749,-307,-2,1],932341]
[[-867393,186212,1333,-1006,-2,1],932393]
[[-14634,16749,432,-687,-1,1],932409]
[[-11342818,-3112865,-243110,-6040,0,1],932425]
[[117712,24280,-655,-310,-2,1],932463]
[[19,136,-33,-74,0,1],932491]
[[1054350,463375,-66825,-3575,0,1],932525]
[[-40680375,4277715,17325,-5891,-1,1],932805]
[[4710091386208,35219775396,-24741065,-373168,-1,1],932921]
[[-2350,4310,-799,-261,-1,1],932936]
[[201145,-98700,15997,-895,-1,1],932965]
[[-1221437848331,33312793241,10337651,-373200,-1,1],933001]
[[3696617548891,26779920239,-25116387,-373200,-1,1],933001]
[[1104,1028,-252,-307,-2,1],933052]
[[163569,10739,-5992,-653,-1,1],933053]
[[1456,1912,364,-138,-2,1],933416]
[[5381,2090,-145,-95,0,1],933500]
[[2349963,225610,-7700,-1045,0,1],933625]
[[4942033600,79531128,-1545588,-28728,-1,1],933673]
[[1153420950,61638375,-152975,-15825,0,1],933675]
[[-3321,-6849,3159,-324,-2,1],933867]
[[213993,210490,-465,-930,0,1],933875]
[[1873144,283340,-3720,-1085,0,1],933875]
[[251545052,5587725,-435556,-11462,0,1],934153]
[[2887,1681,-182,-161,-1,1],934297]
[[110800,20000,-1900,-400,0,1],934300]
[[-13284,11070,-1476,-369,0,1],934308]
[[-15327807396,376710772,569940,-46716,-1,1],934328]
[[-1142461,281889,27437,-2160,-1,1],934373]
[[681,-2292,1580,-211,-2,1],934377]
[[-431,1277,-619,-163,0,1],934445]
[[27200,9448,-261,-244,0,1],934517]
[[354994,610105,-9567,-2051,-2,1],934555]
[[1367812,246450,-844,-1153,-2,1],934724]
[[-8104,3634,219,-179,-2,1],934757]
[[-175047,210844,1834,-1461,-2,1],934857]
[[9801,12060,-2695,-1310,0,1],934925]
[[-1515165,253264,3856,-1125,-2,1],934947]
[[948041328,37742536,-430570,-18453,0,1],934952]
[[-2603012,-690731,-64409,-2221,0,1],935041]
[[39364,16078,-1234,-349,0,1],935048]
[[1567125,185155,-3627,-840,-1,1],935231]
[[-5234201,5188245,-261269,-13195,-1,1],935321]
[[6948667825,3597550,-6619492,-71951,0,1],935363]
[[-814257749,95325310,-99045,-22010,0,1],935425]
[[-216160,63958,3720,-665,-2,1],935528]
[[-2587,903,201,-75,-2,1],935597]
[[-122838,47347,-1174,-609,-1,1],935649]
[[-939708631,35669935,173681,-11882,-1,1],935739]
[[-21430600,-19042250,-1516925,-32275,0,1],935975]
[[-337952,41560,6506,-773,-2,1],935975]
[[43873144,7596049,-106632,-8886,0,1],935992]
[[4608,2040,-415,-205,0,1],936125]
[[60435,31794,2026,-643,-2,1],936221]
[[51732,10260,-935,-240,0,1],936225]
[[-755,-1283,892,-143,-1,1],936289]
[[-4335,-4708,-1719,-223,-1,1],936469]
[[-828123075,37470624,1283537,-29573,-2,1],936529]
[[-442,-2337,-1408,-231,-1,1],936581]
[[290824325,15757797,-76921,-8134,-1,1],936727]
[[-1330,2215,-108,-155,-1,1],936805]
[[-53217,139941,657,-843,-2,1],936809]
[[-1536586,-1185747,-142112,-4441,0,1],937051]
[[-136413847557,1637074503,5734954,-93708,-1,1],937084]
[[20711259424,582501360,-1218230,-93710,0,1],937100]
[[-153691616,17805736,0,-18022,0,1],937144]
[[-250911,423705,7201,-1542,-1,1],937249]
[[3101,2385,43,-128,-1,1],937429]
[[-296142,-149572,-23254,-1235,-1,1],937484]
[[-32,-7552,7656,-1035,-2,1],937484]
[[47,-93,-199,-71,-2,1],937507]
[[5338794,1409369,-14419,-3507,-2,1],937723]
[[-10120383168,199221904,1100366,-31260,-1,1],937812]
[[6744645332,148163077,-981308,-28862,0,1],938015]
[[-17,24,25,-34,-2,1],938225]
[[-26735,6784,538,-179,-2,1],938381]
[[-470,2822,238,-167,-1,1],938556]
[[-809939701,37810079,150174,-13408,-1,1],938588]
[[-3494356168887,18475563659,59960387,-375456,-1,1],938641]
[[1022,-1033,-901,-167,-2,1],938739]
[[5304,1900,-278,-123,0,1],938812]
[[-784715041,-222151221,12318158,-93888,-1,1],938884]
[[-626,438,36,-45,-1,1],938900]
[[697,164,-779,-164,0,1],938941]
[[-7,-377,-462,-129,-1,1],938959]
[[9312975,2104920,-61290,-7749,-2,1],939015]
[[238558,-103165,15325,-819,-2,1],939037]
[[295493,95425,-935,-847,0,1],939059]
[[-2374599213,114069060,-293436,-26837,-2,1],939351]
[[-16086099,-1946021,382597,-9709,-2,1],939395]
[[-398086412643,-7534958103,115249395,-375772,-1,1],939431]
[[2005,-3617,1729,-212,-2,1],939453]
[[-19199,6927,321,-211,-1,1],939487]
[[1926,936,-42,-59,-1,1],939492]
[[-9571,30253,-3704,-851,-1,1],939499]
[[4712,2436,-50,-124,-2,1],939524]
[[-269485,-161792,-29995,-1671,-1,1],939583]
[[5013880,-8476852,701190,-13093,-1,1],939644]
[[-4265856,408552,18456,-1935,-2,1],939672]
[[-4387,2164,137,-119,-2,1],939748]
[[-36670072,10409618,171449,-9168,-1,1],939761]
[[-1619,528,145,-52,-2,1],939799]
[[-84572254033,1421712945,2308161,-75184,-1,1],939805]
[[-13331276,3879201,-38210,-5721,-2,1],939827]
[[-4144,4536,28,-190,-2,1],939848]
[[56816,65036,1201,-588,-2,1],939851]
[[6276646355957,35748476437,-35455329,-375984,-1,1],939961]
[[34095744,3259152,-41784,-5223,0,1],940140]
[[-417516,139163,1891,-1125,-2,1],940187]
[[21844824,4216106,-123143,-7727,-2,1],940313]
[[251100408,9883354,-206247,-9315,-1,1],940459]
[[6018,2170,-208,-109,0,1],940652]
[[92044377,5595083,-57628,-5880,-1,1],940864]
[[87657,23485,-8235,-915,0,1],940925]
[[163560,60724,1674,-753,-2,1],940940]
[[627,297,-218,-82,-1,1],941028]
[[5638,2381,-77,-98,-1,1],941031]
[[-115799274,10825760,34750,-6837,-1,1],941148]
[[-3065,1277,290,-102,-1,1],941236]
[[-346701485824,-13014373376,-124183024,-376540,-1,1],941351]
[[25948524,2623174,-7423,-3426,0,1],941579]
[[-46129469,2695335,50158,-3856,-1,1],941708]
[[4966131781613,36364492449,-26481757,-376696,-1,1],941741]
[[-947,1279,14,-103,-1,1],941897]
[[110231,-83664,17454,-1035,-2,1],941957]
[[-7064384752,-999023176,-36852644,-376816,-1,1],942041]
[[-7330999,754873,88617,-4794,-2,1],942083]
[[-178596,94024,-103,-880,-1,1],942121]
[[69870,24011,-10528,-1031,-1,1],942203]
[[-13187,4670,241,-147,-2,1],942292]
[[98566308971,819129175,-9687502,-94236,-1,1],942364]
[[567264641,41364904,-1171666,-25471,0,1],942427]
[[-103725152,70409777,16526,-18075,-1,1],942503]
[[-1824371136,60036144,479332,-20195,-2,1],942508]
[[-8270712,1214844,22178,-2590,-2,1],942524]
[[141142207139,1747164279,-4788022,-94252,-1,1],942524]
[[4832,6522,341,-232,-1,1],942665]
[[88098514484,1167492475,-29154499,-377160,-1,1],942901]
[[-4568456007888,35992092829,24030723,-377248,-1,1],943121]
[[72724,61410,-2080,-610,0,1],943200]
[[-40894,8929,4299,-570,-1,1],943237]
[[-1779384,580916,110496,-6736,-2,1],943264]
[[448126198,16393423,-143174,-8422,0,1],943264]
[[945,1620,-15,-92,-2,1],943325]
[[-3811691555632,18465416136,67242772,-377344,-1,1],943361]
[[-7376712544,124920236,1413683,-29028,-1,1],943423]
[[1093427707,61258433,-4506,-19713,-1,1],943427]
[[124476,55309,-1804,-574,0,1],943492]
[[-913296,221852,30703,-2590,-2,1],943547]
[[-8576,20,1444,-227,-2,1],943924]
[[-4669,1707,547,-186,-1,1],944077]
[[47238511,2652082,-63182,-4427,-2,1],944097]
[[37856,14365,138,-273,-1,1],944329]
[[-22209803,1623322,21073,-2679,-2,1],944396]
[[-475992580349,-14259116115,-128266495,-377810,0,1],944525]
[[-171289,55483,2371,-547,-2,1],944647]
[[-775847519,74929269,526813,-22228,-1,1],944707]
[[-154,825,929,-208,-1,1],944801]
[[16008175736,324256072,-897000,-35757,-1,1],945017]
[[6249,2412,-128,-99,0,1],945075]
[[34844,10116,-1124,-281,0,1],945284]
[[2638,1172,-90,-69,0,1],945364]
[[611755250976,-15805917400,132459788,-378240,-1,1],945601]
[[-1743,3110,-1085,-265,0,1],945700]
[[-4807,1910,227,-105,-1,1],945757]
[[-259436,-238911,-36124,-1642,0,1],945792]
[[100375491087,-10645413031,119437013,-378324,-1,1],945811]
[[-14535,5262,222,-165,-2,1],945873]
[[20007,13608,369,-258,-2,1],945943]
[[-44,165,-110,-55,0,1],946000]
[[79337410719,1484987887,-3292094,-94600,-1,1],946004]
[[3920363051,197394910,-276545,-29110,0,1],946075]
[[16794585,-12548862,-881991,-15767,-2,1],946116]
[[47948,-28289,5800,-433,-1,1],946121]
[[-8869232,984288,17572,-2827,-1,1],946124]
[[-75,100,0,-25,0,1],946125]
[[2038976,234960,-5020,-985,0,1],946225]
[[17008,5656,-236,-148,0,1],946228]
[[12471,8746,801,-256,-2,1],946241]
[[160943,3935,-10265,-890,0,1],946325]
[[-8914,4659,247,-199,-2,1],946345]
[[10466801437,514721716,-2666630,-63089,-2,1],946359]
[[5918690999295,36469326281,-33809373,-378604,-1,1],946511]
[[3451516,624718,-32293,-2600,-2,1],946603]
[[1920,1440,-484,-162,0,1],946620]
[[24756454736,-4223554558,-101974323,-378664,-1,1],946661]
[[-47668,-33515,-7535,-565,0,1],946675]
[[-218439,60107,-173,-576,-1,1],946737]
[[5140212247,298383387,1439142,-94680,-1,1],946804]
[[6099,1835,-305,-110,0,1],946825]
[[-213121,38349,3616,-695,-1,1],946903]
[[75811401924,1207181627,-2916659,-81167,-2,1],946967]
[[13494,5409,-105,-146,-1,1],947025]
[[-1481172544,-126800910,-3496423,-33425,-2,1],947087]
[[-5168,1801,214,-86,-2,1],947196]
[[1484,3941,-230,-186,-2,1],947212]
[[12800,5252,-108,-169,-1,1],947389]
[[387,1068,123,-81,-2,1],947412]
[[-32976,-27006,-6544,-538,-2,1],947424]
[[6149991391,487698183,6556866,-94752,-1,1],947524]
[[-36,513,-412,-120,0,1],947584]
[[-13087375,1513475,33325,-5428,-1,1],947653]
[[340625,69600,-1031,-521,-1,1],947683]
[[-4923,-2172,1928,-271,-2,1],947919]
[[60,150,-20,-30,0,1],948000]
[[-24182131299,400568844,4533876,-63203,-2,1],948069]
[[6477472092,298177392,-206469,-63203,-2,1],948069]
[[2212,576,-603,-159,-2,1],948101]
[[-6029998503760,35958201912,32691212,-379248,-1,1],948121]
[[-14063,18860,-4510,-615,0,1],948125]
[[-6489858,-296451,284042,-19111,-2,1],948279]
[[-10553,2330,475,-119,-2,1],948332]
[[13476,6485,-20,-185,0,1],948400]
[[-828,482,161,-95,-1,1],948425]
[[755744,1880616,175822,-9157,-1,1],948445]
[[2627345,284550,-9485,-1355,0,1],948500]
[[8175,22340,403,-314,-2,1],948665]
[[-7979,313,1267,-197,-2,1],948749]
[[7668,2780,-127,-105,-1,1],948884]
[[-559,-563,621,-125,-2,1],949033]
[[-4771577092,234693948,404071,-31202,-1,1],949073]
[[-226,186,66,-60,-1,1],949088]
[[-1640,750,110,-61,-2,1],949100]
[[-3982012,373255,59468,-5567,-1,1],949551]
[[-1274,-2765,-1670,-310,0,1],949600]
[[-1212092854329,13132073303,18498617,-379848,-1,1],949621]
[[5696405875,-773949689,15690762,-94980,-1,1],949804]
[[226,1219,-147,-107,-2,1],949849]
[[-1271426,354632,-7098,-1839,-1,1],949996]
[[-917222,-193899,75712,-3198,-2,1],950197]
[[-4488118,1486935,-59210,-7640,0,1],950225]
[[40744,14696,-594,-275,0,1],950499]
[[94401,33058,-404,-367,-1,1],950499]
[[-1790313,-1279436,-128841,-3846,0,1],950603]
[[-3428262093,-96571001,11142954,-95076,-1,1],950764]
[[-34929,10857,608,-276,-1,1],950816]
[[50804,5441,-7396,-1319,-2,1],950832]
[[-163882726,11901364,666586,-17515,-1,1],950836]
[[171696224224,1736328160,-6943030,-95110,0,1],951100]
[[150528,94990,1606,-693,-2,1],951300]
[[-3441,3670,-396,-177,0,1],951307]
[[13715099,25487181,-1240567,-76108,-1,1],951355]
[[10873695776,118427437,-3985497,-54372,-1,1],951517]
[[741,504,-34,-45,0,1],951561]
[[-254,12127,-74,-232,0,1],951571]
[[-44216738457,1741956799,-1408374,-95160,-1,1],951604]
[[-295275,122977,-1829,-837,0,1],951607]
[[-18447893325,355352205,1876873,-43919,-2,1],951613]
[[-18280546384,2471980646,-27155917,-380868,-1,1],952171]
[[1333699996,20435076,-915550,-18311,0,1],952172]
[[1049308,266559,176,-1519,-1,1],952181]
[[-77024,29560,5114,-968,-2,1],952228]
[[4563,4296,451,-181,-2,1],952249]
[[9463,2316,-809,-202,-2,1],952289]
[[826,359,-475,-215,0,1],952343]
[[-69,-204,-184,-51,0,1],952371]
[[-11787,7316,-473,-233,0,1],952388]
[[73448937,7699050,-17109,-5703,0,1],952401]
[[-13269086,-5866065,511731,-10296,-1,1],952417]
[[-69973,14981,834,-258,-1,1],952472]
[[-13601,2972,730,-161,-2,1],952513]
[[-44122240,4410282,-971,-4855,0,1],952551]
[[17116,8139,48,-193,-1,1],952661]
[[-9973711104,-468045656,32277171,-381076,-1,1],952691]
[[-404942769,45890096,8743770,-81665,-2,1],952777]
[[1531351,-111444,-52459,-2761,0,1],952796]
[[-4168,2886,233,-115,-2,1],952853]
[[3377,1650,-110,-85,0,1],952875]
[[91,488,-69,-73,-1,1],952955]
[[-15588,4280,899,-249,-2,1],952983]
[[16578,9009,470,-235,-2,1],953157]
[[265263,99265,3224,-840,-1,1],953472]
[[36,58,-81,-43,-1,1],953516]
[[1798,3901,599,-197,-2,1],953635]
[[-859,676,95,-56,-2,1],953725]
[[26704,9428,-637,-246,0,1],954337]
[[-4432462000,70905828,3004116,-46075,-1,1],954419]
[[1493425,-876990,-161417,-5084,0,1],954521]
[[-43992,11514,624,-218,-2,1],954528]
[[-3642,3728,-441,-221,-1,1],954676]
[[67885048,1103743,-226116,-6852,0,1],954712]
[[11161,5625,-293,-185,0,1],954721]
[[199928079,20472939,-93354,-10608,-1,1],954756]
[[-281733,783189,178962,-10610,-1,1],954936]
[[-255771390,16735195,-21917,-9393,0,1],954955]
[[-123658845,11991730,-6262,-9393,0,1],954955]
[[9843864,-2905568,-388244,-9393,0,1],954955]
[[165548269882,5949734989,33884145,-382008,-1,1],955021]
[[2162664,276080,-4942,-1106,-1,1],955192]
[[-6169,-6047,-1969,-231,-1,1],955453]
[[-62170252,6913248,31961,-8061,-1,1],955513]
[[-4352,2626,231,-111,-2,1],955553]
[[16791429,1348645,-20945,-2698,0,1],955589]
[[1257,-1771,827,-130,-1,1],955591]
[[-1754671299206,26196647049,-14257567,-382240,-1,1],955601]
[[-435,304,48,-37,-1,1],955685]
[[8829,2886,-791,-222,0,1],955789]
[[2052,1528,89,-91,-2,1],955917]
[[392646584568,-13017646582,126832925,-382372,-1,1],955931]
[[-1707744378,53302313,246227,-14535,-2,1],956061]
[[-29088292,218426,154977,-5187,-1,1],956164]
[[3667307812,182722712,-35361,-28864,-2,1],956173]
[[5177659443,156685210,-412665,-26840,0,1],956175]
[[13,12,-118,-55,-1,1],956287]
[[-1189180276,-101611869,-2921843,-29424,-1,1],956293]
[[-16399,-73511,-33712,-3170,-1,1],956404]
[[126523,26437,-713,-335,-2,1],956439]
[[-7156,2314,203,-95,-1,1],956532]
[[-162,486,-18,-63,0,1],956772]
[[-28093,24138,299,-423,-2,1],956956]
[[34715,15777,-811,-334,-1,1],957011]
[[2,7,-970,-227,-1,1],957039]
[[45022,27624,388,-367,-1,1],957044]
[[432455084771,-14803957407,132356223,-382864,-1,1],957161]
[[-803655700,55042540,98277,-14997,-1,1],957187]
[[1791,366,-645,-183,-1,1],957213]
[[13044,4290,-232,-145,-2,1],957252]
[[227511304,12700339,-1416741,-82049,-2,1],957257]
[[15335,7511,165,-187,-2,1],957473]
[[-1110549,99800,18953,-1493,-1,1],957479]
[[-24044885120,680156812,4255,-63833,-2,1],957519]
[[582503560,124795792,4791850,-63833,-2,1],957519]
[[-1890135,389259,12753,-1611,-1,1],957632]
[[-23589609,2009767,14177,-3016,-1,1],957707]
[[-1113,1396,-51,-89,0,1],957900]
[[1364977467,-154453677,4730803,-43792,-2,1],957985]
[[6047001,529842,-13908,-1679,-1,1],958191]
[[-1215,306,243,-72,-2,1],958275]
[[470,-857,-712,-140,-2,1],958328]
[[1813853345424,2056992325,-100931421,-383332,-1,1],958331]
[[-10843013083,534479223,488788,-47920,-1,1],958408]
[[6018579490845,34752363089,-41138863,-383400,-1,1],958501]
[[6838,3869,89,-157,-2,1],958609]
[[2267,1106,-68,-67,0,1],958651]
[[-4788,6294,-259,-204,0,1],958659]
[[350708,78145,130,-609,-2,1],958784]
[[-40,-268,386,-104,-2,1],958932]
[[4153,2134,-3,-99,-2,1],958957]
[[3792627,413865,-5534,-1305,-1,1],958981]
[[278432,52096,-2310,-539,0,1],959057]
[[23999,12854,-9,-235,-2,1],959117]
[[63,235,-595,-163,0,1],959131]
[[1762202333899,20968216660,-48155605,-383710,0,1],959275]
[[280548281856,-13564022968,129795884,-383784,-1,1],959461]
[[637960,469204,-1558,-1394,0,1],959564]
[[582,-167,-486,-110,0,1],959664]
[[-6246800,666340,9308,-1622,-2,1],959728]
[[-70369014949,1904782291,1075070,-95988,-1,1],959884]
[[-116368,129966,-1844,-1291,-2,1],959896]
[[4550,22250,-1400,-425,0,1],959900]
[[24997,12525,439,-292,-1,1],959933]
[[-25299,11037,-163,-269,-2,1],960025]
[[56427227624,1915015460,-2208230,-96010,0,1],960100]
[[603,1601,245,-144,-2,1],960237]
[[5025,2059,-263,-133,-2,1],960247]
[[-361797462,20050548,153123,-10049,-1,1],960276]
[[-85729280,3384632,171384,-6874,-1,1],960433]
[[-791,292,105,-41,-2,1],960508]
[[-4290533,172453,44641,-2656,-2,1],960511]
[[-806912,-2058176,293964,-9707,-2,1],960563]
[[131559,-226795,-50168,-2523,-1,1],960597]
[[1089,1050,-173,-95,0,1],960604]
[[-2431539,1061537,-71069,-5099,-2,1],960613]
[[-99021797,13041301,194130,-9938,-1,1],960712]
[[-120349,-77865,-13945,-835,0,1],960725]
[[5528823048,442205154,6264135,-82349,-2,1],960757]
[[25059572031,883671114,-1426194,-64049,-2,1],960759]
[[9,174,-23,-63,0,1],960876]
[[364965,1074702,-405,-2177,-1,1],960921]
[[5504,1516,-422,-133,-1,1],961047]
[[12198,10255,575,-312,-1,1],961191]
[[-2366109477,43082669,2037763,-42720,-1,1],961209]
[[-2199,11972,13,-335,-2,1],961268]
[[753495109,-92060244,3395197,-36373,-1,1],961297]
[[76943,56710,-4115,-715,0,1],961300]
[[92450148,8464405,-38460,-6410,0,1],961500]
[[-275341952851,-9766786340,-109806155,-384610,0,1],961525]
[[1611925968,-378928696,-10601836,-76936,-1,1],961705]
[[-9923751,-2424665,-187705,-4960,0,1],961775]
[[7415,972,-1417,-269,-2,1],961796]
[[-21065,13838,1102,-467,-1,1],961983]
[[-11816,3404,334,-120,-2,1],962212]
[[-117293,170060,-46035,-2640,0,1],962225]
[[135343713,-39432731,2425195,-42772,-1,1],962379]
[[-510093,130647,24231,-1743,-2,1],962397]
[[83933412605,1264063656,-3019303,-82493,-2,1],962437]
[[438335,-13252,-56655,-3024,-2,1],962519]
[[719197245,24500658,-249564,-11523,-1,1],963027]
[[276970,41749,-2176,-478,-2,1],963215]
[[1904303,489084,9677,-2977,-2,1],963268]
[[150999237,7048995,-103351,-6281,0,1],963277]
[[13215025,-413585,-186692,-5891,-1,1],963353]
[[-137951297,-22640384,-1061700,-15719,-1,1],963541]
[[52011,-71310,17241,-1035,-2,1],963612]
[[200,-3420,1964,-247,-2,1],963649]
[[1315609,196726,-1885,-884,-2,1],963869]
[[11618676,668096,-211000,-11223,-1,1],963892]
[[-650410662099,-15784559740,-130914595,-385610,0,1],964025]
[[638575,-323036,54274,-3059,-2,1],964089]
[[-9817,3507,252,-141,-1,1],964171]
[[-14172661,3780913,72338,-5601,-1,1],964241]
[[-2299,-1148,1163,-179,-1,1],964341]
[[852616,54373,-18710,-1445,-2,1],964400]
[[-17644671,1243798,18669,-2203,-2,1],964588]
[[-18883,-18954,21541,-1387,-2,1],964684]
[[-18347,6495,369,-171,-1,1],964723]
[[-14425,5205,331,-174,-1,1],964751]
[[-1036297125,1419408225,285597,-77188,-1,1],964855]
[[77216,21560,-320,-310,0,1],965000]
[[787719680,-86506432,2797024,-29692,-1,1],965003]
[[1184,2352,668,-186,-2,1],965016]
[[636,907,140,-81,-1,1],965259]
[[3881580535040,29233191936,-20000208,-386104,-1,1],965261]
[[36159819276,2166463210,-3668045,-386110,0,1],965275]
[[2135,3062,651,-247,-2,1],965393]
[[108669,20823,-2783,-495,0,1],965547]
[[-5438935425,329409625,-2153975,-74275,0,1],965575]
[[1723,757,-201,-96,-1,1],965659]
[[-1948595,269971,3247,-1133,-2,1],965691]
[[1363167,175131,-19215,-1708,0,1],965691]
[[-912569,230728,-784,-1123,-1,1],965755]
[[206727967871,2135717551,-6064998,-96576,-1,1],965764]
[[618563,-1030536,296903,-7937,-2,1],965863]
[[-1764432,198850,5035,-885,-2,1],965929]
[[22878383,9976282,-514909,-36555,-1,1],966107]
[[-480954920932,-16114100484,-137705817,-386488,-1,1],966221]
[[126472855344,-6791965240,99023452,-386508,-1,1],966271]
[[-3293922693,99265784,249859,-20705,-2,1],966308]
[[987,3853,109,-123,-2,1],966429]
[[221986,59071,-452,-668,-2,1],966456]
[[-4731,3911,347,-152,-1,1],966685]
[[46091584396,826822216,-1649549,-56881,0,1],966977]
[[19720,9172,292,-219,-2,1],966989]
[[68024,84710,-3455,-935,0,1],967025]
[[12408365143,1724299167,-2785202,-96708,-1,1],967084]
[[14432313741,420803521,-614677,-42984,-1,1],967149]
[[856,638,-514,-133,0,1],967156]
[[78316384,3971725,-48264,-4022,0,1],967291]
[[-847,561,47,-52,-1,1],967501]
[[-571138721,-78880790,-3096400,-38705,0,1],967625]
[[2186973646724,5688798220,-93404431,-387088,-1,1],967721]
[[1439658749,100873166,-359690,-31851,-2,1],967829]
[[-5491557,-1983690,-211265,-5890,0,1],967975]
[[-1412427,249241,1788,-1314,-1,1],968068]
[[-128866,396418,-1812,-1377,-1,1],968156]
[[-11502953608,156060128,2678030,-41498,-1,1],968296]
[[306400,124500,-800,-800,0,1],968300]
[[6456587581,95894522,-2211973,-36639,-1,1],968327]
[[-335160,67312,1268,-576,-1,1],968352]
[[-151,-562,-595,-141,-1,1],968419]
[[-430551,173935,-10705,-1485,0,1],968425]
[[-2915,5742,-946,-649,0,1],968451]
[[117874,22135,-5155,-635,0,1],968725]
[[2073345,903323,-63016,-9332,-1,1],968792]
[[7738357,556160,-34210,-2365,0,1],968825]
[[11490193523,255299482,-705671,-31543,-1,1],968833]
[[-718336,232776,-2074,-1891,0,1],968863]
[[4571573521,149630570,-206941,-25593,-1,1],968893]
[[-161777,60865,1758,-590,-1,1],968912]
[[19651688,2602428,17338,-5098,-2,1],968924]
[[-13817435,337571,130602,-5629,-1,1],969061]
[[-190053132805,21073759079,-37328615,-387628,-1,1],969071]
[[12504,2820,-706,-187,-2,1],969132]
[[1871,1764,7,-97,-2,1],969148]
[[-10055201545,204954313,1056722,-31557,-1,1],969263]
[[2267893,263310,-5315,-1090,0,1],969475]
[[736,952,68,-73,-2,1],969512]
[[37495987564,1241522849,1556863,-83105,-2,1],969577]
[[42349957,2460462,-31777,-3184,-2,1],969617]
[[-119541277,37505935,-12929,-43096,-1,1],969669]
[[-1240,-6076,-5022,-527,0,1],969804]
[[-2509,3349,-131,-211,0,1],969811]
[[-7425596439037,39651186555,39841479,-387940,-1,1],969851]
[[-28146966,-4745001,-278550,-5999,-1,1],969903]
[[-677961488,61935540,216889,-25440,-2,1],969961]
[[-9685285,656550,37817,-2803,-1,1],970055]
[[-52825,-3951,19275,-2158,-1,1],970073]
[[548432,635710,-20385,-2265,0,1],970175]
[[-1040,406,136,-50,-2,1],970272]
[[-69180291597,1325835284,3914374,-83165,-2,1],970277]
[[-36878049,-1989291,796677,-27725,-2,1],970431]
[[1017,1102,141,-97,-1,1],970475]
[[1833282,41635,-30085,-1815,0,1],970475]
[[-3933,1359,234,-92,-1,1],970524]
[[97738428249,-7804573840,-116657105,-388210,0,1],970525]
[[340128988049,-1243824840,-77836105,-388210,0,1],970525]
[[-7034313973,-115716487,6417231,-55464,-1,1],970627]
[[422397856,30484216,4754,-11885,-2,1],970739]
[[15143,6589,-657,-242,-1,1],970759]
[[-5665823,861934,-5773,-2259,0,1],970868]
[[-109351881,5780096,56686,-4965,-1,1],970937]
[[-1008541186088,37413915930,6097635,-388384,-1,1],970961]
[[-4929,-542,1391,-213,-1,1],970965]
[[1669,-2642,1084,-139,-2,1],970987]
[[-21335,3754,970,-191,-2,1],971031]
[[2293347,2158548,36928,-4051,-1,1],971043]
[[-601724300,-78466528,-2757961,-29880,-1,1],971113]
[[-466896,149700,-4536,-1097,-1,1],971199]
[[3086423,306522,-6995,-1149,-1,1],971243]
[[33415,8899,-367,-188,0,1],971347]
[[7552,2813,-918,-235,-1,1],971389]
[[1937968461,168377313,2274811,-44837,-2,1],971503]
[[-10217,3922,277,-130,-2,1],971561]
[[67,-122,-223,-67,0,1],971572]
[[790976,923952,-4500,-2109,-2,1],971608]
[[12835,7114,-115,-177,0,1],971684]
[[-33728,-45632,-14756,-1240,0,1],971788]
[[6,15,-10,-30,0,1],972000]
[[401953,2408169,-5193,-4768,-2,1],972077]
[[19646476704,409644684,-2801869,-57181,0,1],972077]
[[82655442,-13008447,-1662830,-25582,0,1],972116]
[[300323,70743,-2366,-663,-1,1],972253]
[[-3744,1944,290,-127,-1,1],972409]
[[379225,92250,-4325,-1175,0,1],972475]
[[-28350,11385,481,-215,-2,1],972545]
[[3796125,353350,-18145,-1719,0,1],972572]
[[-1419573421,-140991720,-4162835,-38905,0,1],972625]
[[1113938,362695,-2510,-1255,0,1],972625]
[[123579,93765,-1645,-751,-2,1],972629]
[[-228016,19548,25517,-1783,-1,1],972676]
[[7014745,778349,-7044,-1771,-1,1],972707]
[[-3505,1493,289,-99,-2,1],972841]
[[18189,5320,-385,-160,0,1],972875]
[[1966117664,58148349,-598696,-21382,0,1],972881]
[[162546099188,-7984720133,106542761,-389268,-1,1],973171]
[[-121075074,7252872,39145,-5891,-1,1],973172]
[[1033208,-4593120,374384,-8007,-2,1],973219]
[[165376,74560,-1720,-685,0,1],973300]
[[-947737480,-155707210,-6720043,-77868,-1,1],973355]
[[-663639011464,-17072292887,-139504965,-389352,-1,1],973381]
[[-425,1052,-475,-147,-1,1],973571]
[[4475715465,104230344,-3782358,-64913,-2,1],973719]
[[38125,9270,-509,-199,0,1],973793]
[[-5592619788992,28036112520,58505964,-389520,-1,1],973801]
[[119,543,199,-79,-2,1],974113]
[[4436784396972,19931150988,-72598949,-389688,-1,1],974221]
[[-34244732,7850577,55579,-6388,-1,1],974231]
[[-7783,3409,323,-134,-1,1],974569]
[[877996068752,-19544800936,145875284,-389832,-1,1],974581]
[[341676875,-4698250,-874575,-15460,-2,1],974633]
[[256423,56724,-825,-549,-1,1],974693]
[[-88097541,-15870155,-910767,-16416,-2,1],974795]
[[-235644817,22841996,-27074,-13131,-2,1],974843]
[[1584404,264498,-497,-1151,-1,1],974852]
[[1174467024,1269059576,1107492,-77992,-1,1],974905]
[[-1712,850,1135,-215,-2,1],974949]
[[11916000640,2557150824,21141924,-390072,-1,1],975181]
[[-3120,1166,315,-95,-2,1],975193]
[[5728,6006,-59,-162,-1,1],975221]
[[-1723604387,-210962396,-7559264,-65015,-2,1],975249]
[[-23888,9800,296,-294,-1,1],975347]
[[27854124,3707334,49128,-5417,-2,1],975348]
[[4693705152,-328061239,7396751,-55740,-1,1],975457]
[[-10452888,1232712,18900,-3048,-1,1],975488]
[[2318841941,-152783476,-8704756,-75041,0,1],975533]
[[-1012868542,72141496,-242494,-20903,-2,1],975548]
[[-5845488826,70643946,2289827,-34147,-1,1],975640]
[[710824,179660,-3130,-1135,0,1],975725]
[[158715,110082,1044,-725,-1,1],975849]
[[12233147,524335,-60135,-3165,0,1],975875]
[[-39189,13669,343,-250,-1,1],975907]
[[-5776,3666,-41,-202,-1,1],975953]
[[-323882381,20902463,80493,-9156,-1,1],975989]
[[2975879581,-9007469,-5071637,-65075,-2,1],976149]
[[-129468158,13642898,-53454,-10401,-2,1],976244]
[[-142928917070,-6552722887,104934981,-390528,-1,1],976321]
[[-7660675,-2520375,-203225,-5225,0,1],976525]
[[6761,3738,-345,-163,-1,1],976639]
[[-22654917,2140779,14829,-3038,-1,1],976719]
[[208,552,-188,-128,0,1],976748]
[[-1075,3432,-326,-175,-1,1],976861]
[[6816256,2072444,-172155,-8113,-2,1],976873]
[[-40014116665,159324611,12037182,-97704,-1,1],977044]
[[9537197,687069,-19797,-1951,-2,1],977051]
[[-607723558775,-4011509597,110878017,-390828,-1,1],977071]
[[5841,726,-869,-187,0,1],977119]
[[48733178449,798029463,-1691843,-55836,-1,1],977137]
[[-425702476,52568985,-293405,-18685,0,1],977175]
[[6251,1024,-1299,-249,-1,1],977263]
[[109833,22768,-679,-297,-1,1],977301]
[[-62827368,4125064,53282,-4536,-1,1],977388]
[[-1175326277,129943907,9304886,-97740,-1,1],977404]
[[1753,537,-404,-118,-1,1],977444]
[[3344,-25760,7442,-578,-1,1],977496]
[[-507,182,460,-107,-2,1],977561]
[[10233,8181,21,-226,-2,1],977561]
[[-28205652,1245659,80544,-4003,-1,1],977587]
[[-57346,29755,-1623,-541,0,1],977587]
[[596695,110550,-715,-715,0,1],977625]
[[-488819006,51583761,70802,-14407,-1,1],977645]
[[945512925,52585750,-79275,-15100,0,1],977725]
[[1152,752,-416,-135,-2,1],977912]
[[-1919,750,124,-55,-2,1],978217]
[[-3532768,6961624,-180188,-9100,-1,1],978293]
[[-3899496,484348,13026,-1780,-2,1],978308]
[[9223709,438867,-41261,-2387,0,1],978329]
[[-1922,634,334,-107,-1,1],978524]
[[2811173,99567,-33620,-2016,-1,1],978664]
[[465429,125442,-607,-823,-2,1],978825]
[[9147181,666590,-20055,-1910,0,1],978875]
[[1704024,188160,-8330,-1135,0,1],979025]
[[3374680,261996,-27990,-2052,-2,1],979084]
[[3037,1355,-323,-129,-2,1],979219]
[[-2010312,383466,620,-1550,-2,1],979232]
[[20772,3855,-1050,-227,-1,1],979233]
[[191772179,8230071,-87177,-6027,-2,1],979297]
[[24684841317,651688923,309051,-65291,-2,1],979389]
[[64593,12735,-1815,-390,0,1],979425]
[[13867,2338,-997,-207,0,1],979444]
[[-5233057,-1319956,-110564,-3275,0,1],979487]
[[20709247,-365699,-373475,-16703,-2,1],979497]
[[8092855,663579,-66709,-3511,0,1],979569]
[[6723,8865,-117,-193,0,1],979723]
[[6752113102749,35081235785,-49184705,-391910,0,1],979775]
[[-4451424,460392,7224,-1391,-2,1],979884]
[[-192378352280,-8362607778,-105182293,-392032,-1,1],980081]
[[8377,1747,-1325,-266,-2,1],980109]
[[4459208064,36499855,-3018785,-39205,0,1],980125]
[[670995,73222,-18104,-1395,0,1],980251]
[[-152,813,50,-73,-2,1],980317]
[[-246939,125837,-463,-809,-1,1],980368]
[[-4575,15856,491,-625,-2,1],980388]
[[3298,3814,42,-129,-2,1],980428]
[[6461,6996,-14361,-1465,-1,1],980525]
[[1357650,312475,-2155,-1293,0,1],980525]
[[-1939464,460224,7336,-2079,-2,1],980609]
[[2750759715,71445584,-523655,-19042,0,1],980663]
[[-1690,-1569,11087,-971,-2,1],980705]
[[-13500,4712,324,-145,-1,1],980932]
[[-1763,-2178,-929,-148,-2,1],981061]
[[-6686432714043,39065276591,33244445,-392496,-1,1],981241]
[[1855577,381267,4059,-1602,-2,1],981361]
[[118999170,6108891,-339989,-10565,-2,1],981413]
[[15861453775,265336070,-1437091,-35051,0,1],981428]
[[1875245,151990,-41279,-2521,-1,1],981545]
[[-10807188967,166064131,2866123,-43624,-1,1],981549]
[[-324,3510,-720,-210,0,1],981600]
[[-2125,1275,280,-133,-1,1],981631]
[[-195314579869,2429439323,4240702,-98164,-1,1],981644]
[[-1,135,263,-100,-2,1],981749]
[[-1382940407,89715323,-341355,-30208,-1,1],981773]
[[-65064,73154,-229,-819,-2,1],981981]
[[1001,-1396,642,-97,-2,1],982057]
[[55575895,4427504,-58617,-5109,-2,1],982124]
[[-12,44,-1,-17,-1,1],982204]
[[-5842749,-1450865,-120695,-3535,0,1],982225]
[[1546868,544710,-14905,-2710,0,1],982375]
[[18347,2764,-1075,-213,-1,1],982421]
[[-6200132696944,39211025824,30739200,-393084,-1,1],982711]
[[-21817,330,2253,-306,-2,1],982747]
[[1551492,47073,-24140,-1562,0,1],982853]
[[-12806542,1091346,329332,-9387,-1,1],982916]
[[2484,2907,198,-276,-2,1],982917]
[[165167964,6722413,-419378,-11761,-1,1],982917]
[[550727,89170,-1263,-588,-2,1],982927]
[[-44518338,-6782526,1071201,-19893,-1,1],982968]
[[-9514,28087,-1736,-753,-2,1],983191]
[[1539,1457,20,-79,-1,1],983449]
[[-11281852,-3734876,-323008,-7763,-2,1],983516]
[[6938273611151,36534413060,-47012495,-393410,0,1],983525]
[[10018,18985,-1290,-390,0,1],983600]
[[4429272,3080994,16073,-3877,-2,1],983631]
[[871982093484,-19940020620,148617547,-393480,-1,1],983701]
[[14625,8325,-200,-207,-1,1],983791]
[[643434,382814,-4820,-1419,-1,1],983916]
[[-90779903841,2314282615,2480698,-98440,-1,1],984404]
[[10320592,-2931081,257881,-7041,-2,1],984433]
[[89416696,-27003227,1445340,-21321,-1,1],984547]
[[4808,3053,136,-135,-2,1],984592]
[[7453104625,251984100,-387485,-32061,-1,1],984743]
[[-287791079301,-14401940465,-136095905,-393910,0,1],984775]
[[-13623775,-3005750,-213950,-5225,0,1],984775]
[[62124,6610,-4780,-610,0,1],984800]
[[19771,5322,-710,-221,0,1],984899]
[[-26,-396,-858,-175,-1,1],984916]
[[-11385673895,310191771,1694611,-43788,-1,1],985239]
[[-15152,4030,388,-131,-2,1],985272]
[[-1175,793,388,-113,-1,1],985417]
[[752998675,57603795,186177,-21225,-1,1],985465]
[[1529,9658,-572,-253,0,1],985523]
[[12672,2064,-2028,-321,-1,1],985617]
[[-103040994,5831312,38734,-4899,-1,1],985644]
[[513,390,-71,-72,0,1],985779]
[[-2552,296,588,-139,-1,1],985913]
[[673913870951,-16771352271,137516261,-394368,-1,1],985921]
[[-9893,6774,731,-211,-2,1],986011]
[[10587315,945898,-40738,-4083,-1,1],986021]
[[-11803938057,234818919,840429,-30340,-1,1],986063]
[[12800483849,284026651,-830593,-34298,-1,1],986079]
[[-109944,91260,222,-698,-2,1],986084]
[[-23744,3928,2016,-326,-1,1],986281]
[[-5878909557,-495028125,14715954,-98632,-1,1],986324]
[[70,-685,1596,-241,-1,1],986545]
[[42532,35960,-744,-465,0,1],986668]
[[-535152,147335,20,-853,-1,1],986681]
[[15128178608,-1878411714,57898441,-394672,-1,1],986681]
[[-2905371876375,30718160553,-3670565,-394684,-1,1],986711]
[[17251489024,370752192,-1864916,-49336,-1,1],986728]
[[577519235960,-15178449878,132131661,-394776,-1,1],986941]
[[319452187,15432328,-126319,-8564,0,1],987001]
[[113724,-23715,-14955,-1085,0,1],987025]
[[112,160,-180,-84,-2,1],987028]
[[-11089,19561,29175,-3623,-1,1],987041]
[[-524305,-2527,14611,-1027,-1,1],987107]
[[-68944,48112,-4712,-837,0,1],987164]
[[266750036624,-5756595032,-113645428,-394876,-1,1],987191]
[[3769,2156,-95,-131,-1,1],987453]
[[18078760,2966856,16204,-4669,-1,1],987515]
[[352712491,6094443,-1284973,-23236,-1,1],987547]
[[6152429925,197452676,-970453,-34615,-1,1],987557]
[[-156624,219625,-1255,-1255,0,1],987685]
[[27866157267,159432623,-9760294,-98788,-1,1],987884]
[[3341441,-1220326,113535,-3411,-1,1],987923]
[[11139668,168581,-78408,-3369,-1,1],988027]
[[1258531235,47578504,-589031,-19001,0,1],988052]
[[52471800,184500,-252150,-7175,0,1],988100]
[[5431625224,-388718540,-14129830,-98810,0,1],988100]
[[3101523295,508397703,7825942,-98812,-1,1],988124]
[[-315006960,25131632,114323,-10684,-1,1],988307]
[[825,770,-77,-143,0,1],988460]
[[19545,7378,-257,-186,0,1],988469]
[[1288557,185259,-17717,-1656,-1,1],988469]
[[-6190623,836202,2873,-2051,-2,1],988669]
[[6448,14826,1953,-435,-1,1],988669]
[[185,748,64,-97,-2,1],988699]
[[12518919,4896647,-519778,-14124,-1,1],988708]
[[192758,530255,-279,-1457,0,1],988993]
[[1031396,220580,-615,-1230,0,1],989125]
[[-3809,1810,158,-89,-2,1],989251]
[[1161,810,-51,-59,0,1],989348]
[[2091205357373,23978320557,11756935,-395856,-1,1],989641]
[[-90343,69564,-869,-649,0,1],989703]
[[427427,134871,-61,-793,0,1],989725]
[[-5017,3440,-43,-158,0,1],989749]
[[4923110879703,36960547143,-32584249,-395920,-1,1],989801]
[[7045543704,136582180,-1252246,-29122,0,1],990148]
[[60,-92,-265,-100,-2,1],990153]
[[-8806462524,366052185,-1089220,-49510,0,1],990200]
[[-1252,-2504,-1252,-193,-1,1],990332]
[[-312767,934864,-47136,-3437,0,1],990347]
[[750,475,-40,-45,0,1],990400]
[[1565888833507,732071663,-105499645,-396168,-1,1],990421]
[[109156461923,-5540695719,83082385,-396196,-1,1],990491]
[[30075760856,443092684,-3379718,-58271,0,1],990607]
[[1051866029792,-21447327576,152240172,-396252,-1,1],990631]
[[24502,6753,-379,-169,0,1],990783]
[[129987,-24442,-16867,-1313,0,1],991012]
[[29089,9573,-385,-233,0,1],991159]
[[102936151,13197785,-27745,-7285,0,1],991225]
[[49841008,5784020,-11512,-4909,-2,1],991256]
[[-2308,902,311,-99,-1,1],991396]
[[-306181248,55350640,54100,-14899,-2,1],991463]
[[1815,2006,-21427,-1518,-2,1],991539]
[[-11472,416,1268,-198,-1,1],991603]
[[288,924,80,-95,-2,1],991637]
[[-2280482784,82203828,511875,-28331,-2,1],991641]
[[-75800,9656,2332,-344,-1,1],991872]
[[-598063747776,-15812103656,-134825980,-396780,-1,1],991951]
[[414313903408,9747873776,27060696,-396784,-1,1],991961]
[[6286869,6060474,2733,-4955,-2,1],992071]
[[-4368,3883,42,-148,-2,1],992081]
[[-1462503095,746870213,379839,-56692,-1,1],992117]
[[160083,79002,-894,-815,-1,1],992221]
[[-469,-1953,-1092,-177,-1,1],992257]
[[1251581551,-70201065,-3947845,-44110,0,1],992475]
[[-25494,6928,635,-213,-1,1],992516]
[[6336,-396,-2376,-451,0,1],992772]
[[-19088319150,268690239,4769847,-66185,-2,1],992799]
[[1347597,241839,-9804,-1328,-1,1],992856]
[[1162004,462210,-13640,-2077,0,1],992868]
[[-59793478047,333587025,9878503,-85109,-2,1],992957]
[[-6772699,554932,10964,-1469,-1,1],992961]
[[9216,4479,31,-146,-1,1],993049]
[[-4931,14634,301,-243,-2,1],993169]
[[4594009,401807,-18339,-1908,-2,1],993209]
[[-2177477626,5829854,2245249,-32473,-1,1],993304]
[[-382735,92579,1620,-609,-1,1],993311]
[[12553,4142,-254,-147,-2,1],993329]
[[383692,71691,-2165,-709,-2,1],993443]
[[9553,4391,-775,-219,-1,1],993785]
[[2917901,200460,-20420,-1585,0,1],993825]
[[57,2326,21,-105,-1,1],993829]
[[636465,69969,-7025,-843,0,1],993897]
[[136586,64046,-1550,-1271,0,1],994108]
[[-124133249,108987063,-77195,-23392,-1,1],994177]
[[2854000,302500,-5500,-1075,0,1],994300]
[[-30416,12540,44,-327,-2,1],994325]
[[2469,2168,244,-119,-2,1],994327]
[[-365607359163,-13672143177,-131780671,-397768,-1,1],994421]
[[136850937,6131228,-116201,-6288,-2,1],994543]
[[-4416,1960,108,-96,-1,1],994549]
[[361,984,526,-139,-2,1],994711]
[[11637,14721,3820,-554,-1,1],994796]
[[-5069857775,-404052000,-9795200,-76525,0,1],994825]
[[1134066636,-353859577,-10847899,-79588,-1,1],994855]
[[-376,507,-62,-73,-2,1],994880]
[[8128,6790,-217,-202,-1,1],995247]
[[80288,27624,-558,-367,-1,1],995291]
[[-41044,-73284,-22661,-1736,0,1],995317]
[[35838,6160,-3916,-495,0,1],995324]
[[-631220978816,-15707506538,-133113045,-398184,-1,1],995461]
[[-749502613,189073872,-508577,-32761,-2,1],995479]
[[2018924,319829,-14993,-1887,-2,1],995491]
[[3845,-4244,1517,-183,-1,1],995629]
[[-39574272,-11420824,-640560,-11114,-1,1],995665]
[[7843224764,824961661,-3370004,-76591,0,1],995683]
[[40387421,474114,-195495,-6351,-2,1],995701]
[[-1250,1600,265,-131,-1,1],995740]
[[-7744534944,-491725077,-9777123,-66389,-2,1],995859]
[[-464887919952,-13763242728,-129783212,-398352,-1,1],995881]
[[993,8119,12743,-1306,-1,1],996059]
[[-2107,5634,449,-207,-1,1],996061]
[[2151,-3562,1525,-188,-2,1],996073]
[[-9096,3574,241,-145,-2,1],996089]
[[19707,7138,-122,-183,0,1],996091]
[[-44648124027,520832910,5029344,-66407,-2,1],996129]
[[-3722580,510711,4089,-1872,-1,1],996147]
[[28903,1393,-4032,-545,-1,1],996163]
[[-3455905,353103,17813,-1836,-1,1],996247]
[[449782839,194664609,-925461,-66419,-2,1],996309]
[[1711016432,-196337392,5589400,-49816,-1,1],996328]
[[-951,2137,71,-136,-2,1],996341]
[[-352460946983,-13772260427,-132065589,-398628,-1,1],996571]
[[3060,1518,-59,-84,-2,1],996571]
[[-3199,1461,558,-199,-1,1],996583]
[[-1571408,27308,25332,-1549,-1,1],996679]
[[-524,672,-79,-79,-1,1],996772]
[[-180,-24,201,-54,-2,1],996777]
[[-9571136656,218911124,3110552,-49847,-2,1],996972]
[[248632,53716,-3066,-653,-1,1],997348]
[[2363446107,54137160,-1733985,-30690,0,1],997425]
[[-2460149,240354,7097,-1006,-2,1],997469]
[[-7436232,-2101060,-181706,-5250,-2,1],997804]
[[-506,1356,97,-103,-1,1],997828]
[[153,512,37,-45,-2,1],997988]
[[-231654916649,2526138627,5110190,-99808,-1,1],998084]
[[-303394663,-9283853,1308081,-23484,-1,1],998087]
[[107658,34401,-416,-522,-2,1],998360]
[[-3600,5235,-255,-219,-2,1],998505]
[[-6237436837,422163491,-4737145,-79884,-1,1],998555]
[[28,76,-54,-117,-2,1],998692]
[[3466167,377348,-4761,-1226,-2,1],998789]
[[3565,800,-559,-160,-2,1],998795]
[[-217045,35527,3398,-549,-1,1],998801]
[[1307,1380,-59,-79,0,1],999036]
[[-703966,534513,16577,-2016,-1,1],999041]
[[7190948684016,35573546226,-54070805,-399636,-1,1],999091]
[[-588261,126977,52,-849,-1,1],999099]
[[276449,117460,-805,-685,0,1],999100]
[[46505,11620,-497,-234,-2,1],999115]
[[10006,4945,-11,-143,-2,1],999189]
[[187127617,6737702,-287651,-9827,-2,1],999241]
[[-16033435,2043803,-10677,-4008,-1,1],999367]
[[1719,-870,-863,-159,-2,1],999388]
[[-1177169,194956,2460,-1031,-1,1],999503]
[[-36754560,5163291,35208,-10767,-2,1],999607]
[[-2644833192192,33993525504,28073008,-399900,-1,1],999751]
[[941320,133504,-3730,-884,-2,1],999908]
