#7
6x7
1 3 0 0 0 0 0 
1 1 0 0 0 0 0 
2 1 1 0 0 0 0 
6 1 1 1 3 1 3 
6 1 1 3 1 1 3 
1 32 0 0 0 0 0
6x7
1 3 0 0 0 0 0 
1 2 0 0 0 0 0 
2 1 1 0 0 0 0 
6 1 1 1 3 1 3 
6 1 1 3 1 1 3 
1 32 0 0 0 0 0
6x7
1 3 0 0 0 0 0 
2 1 2 0 0 0 0 
2 1 1 0 0 0 0 
6 1 1 1 3 1 3 
6 1 1 3 1 1 3 
1 32 0 0 0 0 0
6x7
1 1 0 0 0 0 0 
1 2 0 0 0 0 0 
2 1 1 0 0 0 0 
6 1 1 1 3 1 3 
6 1 1 3 1 1 3 
1 32 0 0 0 0 0
6x7
2 2 3 0 0 0 0 
1 1 0 0 0 0 0 
2 1 1 0 0 0 0 
6 1 1 1 3 1 3 
6 1 1 3 1 1 3 
1 32 0 0 0 0 0
6x7
2 3 1 0 0 0 0 
1 2 0 0 0 0 0 
2 1 1 0 0 0 0 
6 1 1 1 3 1 3 
6 1 1 3 1 1 3 
1 32 0 0 0 0 0
6x7
2 2 3 0 0 0 0 
2 1 2 0 0 0 0 
2 1 1 0 0 0 0 
6 1 1 1 3 1 3 
6 1 1 3 1 1 3 
1 32 0 0 0 0 0
