#15
6x6
1 4 0 0 0 0 
5 2 4 1 2 4 
1 2 0 0 0 0 
4 1 4 1 4 0 
4 2 4 2 4 0 
1 32 0 0 0 0
6x6
1 4 0 0 0 0 
5 2 4 1 2 4 
1 3 0 0 0 0 
4 1 4 1 4 0 
4 2 4 2 4 0 
1 32 0 0 0 0
6x6
1 4 0 0 0 0 
5 2 4 1 2 4 
2 2 3 0 0 0 
4 1 4 1 4 0 
4 2 4 2 4 0 
1 32 0 0 0 0
6x5
1 4 0 0 0 
1 2 0 0 0 
1 3 0 0 0 
4 1 4 1 4 
4 2 4 2 4 
1 32 0 0 0
6x7
1 4 0 0 0 0 0 
6 2 3 4 1 2 4 
1 2 0 0 0 0 0 
4 1 4 1 4 0 0 
4 2 4 2 4 0 0 
1 32 0 0 0 0 0
6x5
1 4 0 0 0 
4 4 1 2 4 
1 3 0 0 0 
4 1 4 1 4 
4 2 4 2 4 
1 32 0 0 0
6x7
1 4 0 0 0 0 0 
6 2 3 4 1 2 4 
2 2 3 0 0 0 0 
4 1 4 1 4 0 0 
4 2 4 2 4 0 0 
1 32 0 0 0 0 0
6x6
5 2 4 1 2 4 
1 2 0 0 0 0 
1 3 0 0 0 0 
4 1 4 1 4 0 
4 2 4 2 4 0 
1 32 0 0 0 0
6x6
2 3 4 0 0 0 
5 2 4 1 2 4 
1 2 0 0 0 0 
4 1 4 1 4 0 
4 2 4 2 4 0 
1 32 0 0 0 0
6x6
2 4 2 0 0 0 
5 2 4 1 2 4 
1 3 0 0 0 0 
4 1 4 1 4 0 
4 2 4 2 4 0 
1 32 0 0 0 0
6x6
2 3 4 0 0 0 
5 2 4 1 2 4 
2 2 3 0 0 0 
4 1 4 1 4 0 
4 2 4 2 4 0 
1 32 0 0 0 0
6x5
4 1 2 4 2 
1 2 0 0 0 
1 3 0 0 0 
4 1 4 1 4 
4 2 4 2 4 
1 32 0 0 0
6x7
2 3 4 0 0 0 0 
6 2 3 4 1 2 4 
1 2 0 0 0 0 0 
4 1 4 1 4 0 0 
4 2 4 2 4 0 0 
1 32 0 0 0 0 0
6x5
2 4 2 0 0 
4 4 1 2 4 
1 3 0 0 0 
4 1 4 1 4 
4 2 4 2 4 
1 32 0 0 0
6x7
2 3 4 0 0 0 0 
6 2 3 4 1 2 4 
2 2 3 0 0 0 0 
4 1 4 1 4 0 0 
4 2 4 2 4 0 0 
1 32 0 0 0 0 0
