#5
4x18
15 1 2 2 1 2 2 1 2 1 2 2 2 1 2 1 0 0 
16 1 2 2 1 2 1 2 2 1 2 2 2 1 2 1 2 0 
17 2 2 2 1 2 1 2 2 2 1 2 1 2 2 2 1 2 
16 120 0 0 0 0 0 0 0 0 0 0 0 0 0 0 0 0
8x21
18 2 1 2 1 2 2 2 1 2 1 2 2 2 1 2 1 2 2 0 0 
19 1 2 2 1 2 1 2 2 2 1 2 1 2 2 1 2 2 2 2 0 
20 1 2 2 1 2 1 2 2 2 1 2 2 2 1 2 1 2 2 1 2 
18 1 2 2 2 1 2 1 2 2 2 1 2 1 2 2 2 1 2 0 0 
18 2 1 2 2 2 1 2 1 2 2 2 1 2 1 2 2 2 1 0 0 
13 1 2 1 2 2 2 1 2 2 2 1 2 2 0 0 0 0 0 0 0 
19 1 2 1 2 2 2 1 2 1 2 2 2 1 2 1 2 2 1 2 0 
10 192 0 0 0 0 0 0 0 0 0 0 0 0 0 0 0 0 0 0 0
8x20
18 2 1 2 1 2 2 2 1 2 1 2 2 2 1 2 1 2 2 0 
19 1 2 2 1 2 1 2 2 2 1 2 1 2 2 1 2 2 2 2 
18 1 2 2 2 1 2 1 2 2 2 1 2 1 2 2 2 1 2 0 
18 2 1 2 2 2 1 2 1 2 2 2 1 2 1 2 2 2 1 0 
14 2 2 1 2 2 2 1 2 1 2 2 1 2 2 0 0 0 0 0 
12 1 2 1 2 2 2 1 2 2 1 2 2 0 0 0 0 0 0 0 
15 1 2 2 1 2 2 2 1 2 2 2 1 2 1 2 0 0 0 0 
6 320 0 0 0 0 0 0 0 0 0 0 0 0 0 0 0 0 0 0
9x21
18 2 1 2 1 2 2 2 1 2 1 2 2 2 1 2 1 2 2 0 0 
19 1 2 2 1 2 1 2 2 2 1 2 1 2 2 1 2 2 2 2 0 
18 1 2 2 2 1 2 1 2 2 2 1 2 1 2 2 2 1 2 0 0 
18 2 1 2 2 2 1 2 1 2 2 2 1 2 1 2 2 2 1 0 0 
7 2 2 1 2 2 1 2 0 0 0 0 0 0 0 0 0 0 0 0 0 
12 1 2 1 2 2 2 1 2 2 1 2 2 0 0 0 0 0 0 0 0 
17 2 2 1 2 1 2 2 1 2 2 2 1 2 2 1 2 1 0 0 0 
20 1 2 2 1 2 1 2 2 2 1 2 2 2 1 2 1 2 2 1 2 
5 384 0 0 0 0 0 0 0 0 0 0 0 0 0 0 0 0 0 0 0
4x9
8 1 2 1 2 1 2 2 1 
6 1 2 1 2 2 2 0 0 
6 1 2 2 2 1 2 0 0 
1 960 0 0 0 0 0 0 0
