-97.394 -98.9584 94.246 95.8231
0.00521812 0.00482592
0.0082134 0.00756529
20 20
0.104362 0.0965184
1
915
82 69 3
0.0082134 0.00804818 0 2
0.0105708 0.00937879 0 2
0.0109572 0.0126647 0 2
0.00828099 0.0160698 0 2
0.00584048 0.0171111 0 2
0.0028823 0.0173696 0 2
-0.000326216 0.0166619 0 2
-0.00345984 0.0148925 0 2
-0.00616452 0.0120702 0 2
-0.00724572 0.0102972 0 2
-0.00770026 0.00933015 0 2
-0.00809103 0.00831437 0 2
-0.00892964 0.00385225 0 2
-0.00886324 0.00145358 0 2
-0.00844327 -0.00099507 0 2
-0.00649559 -0.00583532 0 2
-0.00496396 -0.00811833 0 2
-0.00406191 -0.00920135 0 2
-0.00357759 -0.00972524 0 2
-0.00307161 -0.0102362 0 2
0.00171161 -0.0137615 0 2
0.00453985 -0.0150679 0 2
0.00760466 -0.0160098 0 2
0.0142384 -0.0166529 0 2
0.0176901 -0.0162984 0 2
0.0194218 -0.0159439 0 2
0.0211462 -0.0154696 0 2
0.0245385 -0.0141601 0 2
0.0277975 -0.0123728 0 2
0.0308531 -0.0101207 0 2
0.0322832 -0.00882697 0 2
0.033637 -0.00742641 0 2
0.0381303 -0.000851005 0 2
0.0397218 0.00293738 0 2
0.0403311 0.00493222 0 2
0.0405867 0.00595134 0 2
0.0408087 0.00698358 0 2
0.0413122 0.015578 0 2
0.0406748 0.0199764 0 2
0.0394261 0.0243356 0 2
0.0351073 0.032603 0 2
0.032073 0.0363452 0 2
0.0303507 0.038083 0 2
0.0284989 0.0397192 0 2
0.0244322 0.0426496 0 2
0.0199305 0.0450668 0 2
0.0150622 0.0469089 0 2
0.0125142 0.0475973 0 2
0.00990397 0.0481228 0 2
0.00454086 0.0486653 0 2
-0.000935853 0.0485049 0 2
-0.00642985 0.0476218 0 2
-0.00915238 0.0469067 0 2
-0.010502 0.0464807 0 2
-0.0111732 0.0462506 0 2
-0.0118418 0.0460093 0 2
-0.0170707 0.0436741 0 2
-0.0220162 0.0406363 0 2
-0.0265802 0.0369298 0 2
-0.0286896 0.0348399 0 2
-0.030669 0.0326016 0 2
-0.0370777 0.0223318 0 2
-0.0392478 0.0165448 0 2
-0.0400465 0.0135271 0 2
-0.0406459 0.0104431 0 2
-0.0409541 -0.00229478 0 2
-0.0398133 -0.00871164 0 2
-0.0378004 -0.0150084 0 2
-0.0312262 -0.0267807 0 2
-0.0267384 -0.0320315 0 2
-0.0242181 -0.0344511 0 2
-0.0228925 -0.0356039 0 2
-0.021525 -0.0367168 0 2
-0.0156604 -0.0407391 0 2
-0.00923264 -0.0440108 0 2
-0.00234199 -0.0464554 0 2
0.0012427 -0.0473473 0 2
0.00490075 -0.0480098 0 2
0.0123757 -0.0486252 0 2
0.0199561 -0.0482686 0 2
0.0275106 -0.0469236 0 2
0.0312363 -0.0458801 0 2
0.0330788 -0.0452662 0 2
0.0349051 -0.0445913 0 2
0.0420057 -0.0412903 0 2
0.0486804 -0.0370569 0 2
0.0548024 -0.0319451 0 2
0.0576181 -0.0290811 0 2
0.0602514 -0.0260253 0 2
0.068701 -0.0121228 0 2
0.0715172 -0.00435549 0 2
0.0725401 -0.000321031 0 2
0.0729519 0.00172675 0 2
0.0732962 0.00379205 0 2
0.073549 0.0206808 0 2
0.0719729 0.0291333 0 2
0.0692611 0.0373933 0 2
0.0605492 0.0527455 0 2
0.0546584 0.0595529 0 2
0.0513628 0.0626806 0 2
0.0478493 0.0656036 0 2
0.0402231 0.0707771 0 2
0.0318973 0.0749665 0 2
0.0230039 0.0780801 0 2
0.018389 0.0792094 0 2
0.0136873 0.0800433 0 2
0.00410211 0.0808007 0 2
-0.0055896 0.0803166 0 2
-0.0152211 0.0785769 0 2
-0.0199615 0.0772377 0 2
-0.0223036 0.076452 0 2
-0.0234665 0.0760301 0 2
-0.0246235 0.0755892 0 2
-0.0336291 0.0713832 0 2
-0.0420744 0.0660102 0 2
-0.0498023 0.0595433 0 2
-0.053351 0.0559279 0 2
-0.0566663 0.0520756 0 2
-0.0672804 0.0346053 0 2
-0.0708102 0.0248778 0 2
-0.0720916 0.0198332 0 2
-0.0730393 0.0146957 0 2
-0.0733769 -0.00634819 0 2
-0.0714339 -0.0168517 0 2
-0.068089 -0.027099 0 2
-0.057359 -0.0461032 0 2
-0.0501169 -0.054514 0 2
-0.0460693 -0.0583757 0 2
-0.0439453 -0.0602123 0 2
-0.0417572 -0.061983 0 2
-0.0324071 -0.0683662 0 2
-0.022213 -0.073536 0 2
-0.0113381 -0.0773844 0 2
-0.00570035 -0.0787851 0 2
3.99947e-05 -0.0798246 0 2
0.0117321 -0.0807928 0 2
0.023541 -0.0802502 0 2
0.0352643 -0.0781834 0 2
0.0410301 -0.0765815 0 2
0.043878 -0.07564 0 2
0.0466982 -0.0746055 0 2
0.0576409 -0.069556 0 2
0.0678964 -0.0631005 0 2
0.0772774 -0.0553298 0 2
0.0815849 -0.0509865 0 2
0.0856096 -0.0463593 0 2
0.0985104 -0.0253889 0 2
0.10282 -0.013723 0 2
0.104395 -0.00767595 0 2
0.105032 -0.00460976 0 2
0.105569 -0.00151941 0 2
0.106131 0.0236804 0 2
0.10389 0.0362486 0 2
0.0999789 0.0485056 0 2
0.0873521 0.0712309 0 2
0.0788115 0.0812908 0 2
0.0740361 0.0859116 0 2
0.0689477 0.0902302 0 2
0.0579129 0.0978802 0 2
0.0458818 0.104092 0 2
0.0330483 0.108741 0 2
0.0263958 0.110447 0 2
0.0196228 0.111726 0 2
0.0058288 0.112974 0 2
-0.00810125 0.112442 0 2
-0.0219295 0.110116 0 2
-0.0287306 0.108285 0 2
-0.0320899 0.107204 0 2
-0.0337577 0.106622 0 2
-0.0354168 0.106014 0 2
-0.0483271 0.100183 0 2
-0.0604311 0.0927027 0 2
-0.0715109 0.083681 0 2
-0.0766026 0.0786336 0 2
-0.0813634 0.0732539 0 2
-0.0966714 0.0488545 0 2
-0.101828 0.0352734 0 2
-0.103729 0.0282323 0 2
-0.105164 0.021063 0 2
-0.106092 -0.00828993 0 2
-0.103622 -0.0229349 0 2
-0.0992112 -0.0372225 0 2
-0.0848109 -0.0637351 0 2
-0.0750259 -0.0754883 0 2
-0.0695473 -0.0808928 0 2
-0.0666704 -0.0834659 0 2
-0.0637057 -0.0859488 0 2
-0.0510268 -0.0949222 0 2
-0.0371915 -0.102238 0 2
-0.022424 -0.107752 0 2
-0.0147658 -0.109796 0 2
-0.00696695 -0.111348 0 2
0.00892216 -0.112945 0 2
0.0249757 -0.112493 0 2
0.0409202 -0.109976 0 2
0.0487658 -0.107949 0 2
0.0526419 -0.106745 0 2
0.0564812 -0.105416 0 2
0.0713879 -0.098867 0 2
0.0853775 -0.090421 0 2
0.0982004 -0.0802019 0 2
0.104101 -0.074475 0 2
0.109624 -0.0683658 0 2
0.127458 -0.040611 0 2
0.133526 -0.0251398 0 2
0.135788 -0.017114 0 2
0.136721 -0.013043 0 2
0.137519 -0.008939 0 2
0.138952 0.0245609 0 2
0.136323 0.0412931 0 2
0.131481 0.0576303 0 2
0.115431 0.0879934 0 2
0.104457 0.101483 0 2
0.0983008 0.107695 0 2
0.0917296 0.113514 0 2
0.0774488 0.123866 0 2
0.0618438 0.132346 0 2
0.0451683 0.138789 0 2
0.0365145 0.141205 0 2
0.0276973 0.143065 0 2
0.0097217 0.145079 0 2
-0.00845587 0.144776 0 2
-0.0265264 0.142137 0 2
-0.0354246 0.139947 0 2
-0.0398224 0.138637 0 2
-0.0420065 0.137928 0 2
-0.0441798 0.137185 0 2
-0.06111 0.129982 0 2
-0.0770205 0.12063 0 2
-0.0916295 0.109268 0 2
-0.0983631 0.102887 0 2
-0.104675 0.0960721 0 2
-0.125151 0.0650388 0 2
-0.132196 0.047704 0 2
-0.134853 0.0387036 0 2
-0.136913 0.0295309 0 2
-0.138992 -0.00810659 0 2
-0.136274 -0.0269346 0 2
-0.131067 -0.0453389 0 2
-0.113496 -0.0796126 0 2
-0.101389 -0.09488 0 2
-0.0945803 -0.101923 0 2
-0.0909989 -0.105283 0 2
-0.0873039 -0.10853 0 2
-0.0714647 -0.120316 0 2
-0.0541259 -0.130019 0 2
-0.0355705 -0.137455 0 2
-0.0259314 -0.140275 0 2
-0.0161046 -0.142477 0 2
0.00394726 -0.144977 0 2
0.0242477 -0.144892 0 2
0.0444522 -0.142199 0 2
0.0544103 -0.139881 0 2
0.0593344 -0.138481 0 2
0.0642149 -0.136923 0 2
0.0831943 -0.12913 0 2
0.10106 -0.118933 0 2
0.117496 -0.106485 0 2
0.125086 -0.0994754 0 2
0.132212 -0.0919786 0 2
0.155445 -0.0577464 0 2
0.163532 -0.0385761 0 2
0.166616 -0.0286121 0 2
0.167912 -0.0235533 0 2
0.16904 -0.0184504 0 2
0.171905 0.0233114 0 2
0.169167 0.0442423 0 2
0.163666 0.0647295 0 2
0.1447 0.102971 0 2
0.131517 0.120056 0 2
0.124083 0.127954 0 2
0.116127 0.135373 0 2
0.0987739 0.148646 0 2
0.0797389 0.159631 0 2
0.0593328 0.168122 0 2
0.0487202 0.17138 0 2
0.0378931 0.173956 0 2
0.015777 0.177011 0 2
-0.00664341 0.177213 0 2
-0.0289881 0.174536 0 2
-0.0400125 0.172123 0 2
-0.045467 0.170651 0 2
-0.0481773 0.169849 0 2
-0.0508752 0.169003 0 2
-0.0719278 0.160686 0 2
-0.0917805 0.149705 0 2
-0.110085 0.136227 0 2
-0.118555 0.128616 0 2
-0.126518 0.120462 0 2
-0.152622 0.0831134 0 2
-0.161813 0.0621375 0 2
-0.165359 0.0512215 0 2
-0.16818 0.0400806 0 2
-0.17197 -0.00578928 0 2
-0.169284 -0.0288281 0 2
-0.163556 -0.0514125 0 2
-0.143325 -0.0936754 0 2
-0.129125 -0.112618 0 2
-0.121093 -0.121392 0 2
-0.116858 -0.125587 0 2
-0.112482 -0.129647 0 2
-0.0936618 -0.144459 0 2
-0.0729695 -0.156784 0 2
-0.0507439 -0.166393 0 2
-0.0391701 -0.170121 0 2
-0.0273528 -0.173105 0 2
-0.00318626 -0.176782 0 2
0.0213494 -0.17734 0 2
0.0458387 -0.174748 0 2
0.0579352 -0.172275 0 2
0.0639237 -0.170747 0 2
0.0698638 -0.169027 0 2
0.0930122 -0.160251 0 2
0.114883 -0.148549 0 2
0.135094 -0.134099 0 2
0.144465 -0.125913 0 2
0.15329 -0.117128 0 2
0.182375 -0.0767479 0 2
0.192735 -0.0539977 0 2
0.196774 -0.0421425 0 2
0.1985 -0.0361163 0 2
0.200027 -0.0300327 0 2
0.204882 0.0199254 0 2
0.202316 0.0450757 0 2
0.196431 0.0697697 0 2
0.175067 0.116105 0 2
0.159909 0.136942 0 2
0.151307 0.146614 0 2
0.142067 0.155729 0 2
0.121827 0.17213 0 2
0.0995181 0.185852 0 2
0.0755057 0.196641 0 2
0.0629839 0.200871 0 2
0.0501875 0.204295 0 2
0.023986 0.208663 0 2
-0.00265843 0.209647 0 2
-0.029295 0.207209 0 2
-0.0424685 0.20471 0 2
-0.0489942 0.203143 0 2
-0.0522388 0.202281 0 2
-0.05547 0.201367 0 2
-0.0807347 0.192199 0 2
-0.104653 0.179839 0 2
-0.126808 0.164476 0 2
-0.137102 0.155742 0 2
-0.146812 0.146352 0 2
-0.178988 0.103029 0 2
-0.190577 0.0785374 0 2
-0.195143 0.0657564 0 2
-0.19886 0.052689 0 2
-0.204918 -0.00133395 0 2
-0.202545 -0.0285977 0 2
-0.196573 -0.055412 0 2
-0.174208 -0.105867 0 2
-0.158152 -0.128635 0 2
-0.149007 -0.139225 0 2
-0.144171 -0.1443 0 2
-0.139166 -0.149222 0 2
-0.117555 -0.167264 0 2
-0.0936711 -0.182438 0 2
-0.067906 -0.194468 0 2
-0.0544503 -0.199232 0 2
-0.0406867 -0.20313 0 2
-0.0124674 -0.208254 0 2
0.0162776 -0.209733 0 2
0.0450625 -0.207519 0 2
0.0593167 -0.205029 0 2
0.0663826 -0.203441 0 2
0.0733975 -0.201626 0 2
0.100798 -0.192132 0 2
0.126791 -0.179178 0 2
0.150926 -0.162962 0 2
0.162164 -0.153708 0 2
0.172782 -0.14374 0 2
0.208154 -0.0975644 0 2
0.221034 -0.0713657 0 2
0.226159 -0.057673 0 2
0.228382 -0.050703 0 2
0.230374 -0.0436603 0 2
0.237774 0.0144009 0 2
0.235663 0.0437781 0 2
0.229674 0.0727218 0 2
0.206441 0.127342 0 2
0.189549 0.152075 0 2
0.179891 0.163603 0 2
0.169475 0.174504 0 2
0.146544 0.194236 0 2
0.121128 0.210917 0 2
0.0936464 0.224247 0 2
0.0792716 0.229576 0 2
0.0645535 0.23398 0 2
0.0343354 0.239929 0 2
0.00349963 0.241972 0 2
-0.0274327 0.24005 0 2
-0.0427708 0.237604 0 2
-0.0503791 0.236012 0 2
-0.0541645 0.235124 0 2
-0.057936 0.234175 0 2
-0.0874889 0.224424 0 2
-0.115583 0.210939 0 2
-0.141733 0.193931 0 2
-0.153935 0.184187 0 2
-0.165483 0.173667 0 2
-0.204156 0.124733 0 2
-0.218388 0.0968628 0 2
-0.224104 0.0822734 0 2
-0.228849 0.0673282 0 2
-0.237728 0.00525886 0 2
-0.235951 -0.0262302 0 2
-0.230015 -0.0573108 0 2
-0.206049 -0.116136 0 2
-0.188382 -0.142867 0 2
-0.17824 -0.155354 0 2
-0.172859 -0.161353 0 2
-0.167279 -0.16718 0 2
-0.143078 -0.188649 0 2
-0.116176 -0.206891 0 2
-0.0870141 -0.221581 0 2
-0.0717359 -0.227507 0 2
-0.0560768 -0.232449 0 2
-0.0238805 -0.239289 0 2
0.00903428 -0.241964 0 2
0.0421116 -0.240405 0 2
0.0585356 -0.238036 0 2
0.0666884 -0.236457 0 2
0.0747898 -0.234617 0 2
0.106511 -0.224675 0 2
0.136731 -0.210726 0 2
0.164928 -0.192987 0 2
0.178114 -0.182782 0 2
0.190612 -0.171739 0 2
0.232689 -0.120141 0 2
0.248332 -0.0906373 0 2
0.25467 -0.0751669 0 2
0.257455 -0.06728 0 2
0.259979 -0.0593029 0 2
0.270475 0.00674105 0 2
0.269101 0.0403386 0 2
0.263289 0.0735617 0 2
0.238726 0.136631 0 2
0.220348 0.165392 0 2
0.209752 0.178855 0 2
0.198272 0.191627 0 2
0.172856 0.214879 0 2
0.144513 0.234736 0 2
0.11371 0.250844 0 2
0.0975448 0.257397 0 2
0.0809593 0.262909 0 2
0.0468069 0.270706 0 2
0.0118266 0.274081 0 2
-0.0233913 0.272955 0 2
-0.0409027 0.270699 0 2
-0.0496013 0.269151 0 2
-0.0539322 0.268272 0 2
-0.0582494 0.267323 0 2
-0.0921534 0.257259 0 2
-0.124522 0.242912 0 2
-0.154798 0.224505 0 2
-0.168985 0.213867 0 2
-0.182455 0.202329 0 2
-0.228035 0.148167 0 2
-0.245149 0.117069 0 2
-0.25214 0.100734 0 2
-0.258044 0.0839657 0 2
-0.270293 0.0139838 0 2
-0.269394 -0.021717 0 2
-0.263776 -0.0570866 0 2
-0.238752 -0.124434 0 2
-0.219727 -0.155255 0 2
-0.208707 -0.169713 0 2
-0.202839 -0.176676 0 2
-0.19674 -0.183451 0 2
-0.17016 -0.208532 0 2
-0.140424 -0.230054 0 2
-0.108021 -0.247637 0 2
-0.090986 -0.254849 0 2
-0.0734892 -0.260962 0 2
-0.0374049 -0.269782 0 2
-0.000374109 -0.273926 0 2
0.0369784 -0.273301 0 2
0.0555775 -0.271193 0 2
0.0648231 -0.269692 0 2
0.0740195 -0.267895 0 2
0.110118 -0.257778 0 2
0.144657 -0.2431 0 2
0.177041 -0.224087 0 2
0.192248 -0.213047 0 2
0.20671 -0.201043 0 2
0.25589 -0.144417 0 2
0.274532 -0.111765 0 2
0.282208 -0.0945832 0 2
0.285618 -0.0858095 0 2
0.288738 -0.0769261 0 2
0.302876 -0.00304657 0 2
0.302522 0.0347508 0 2
0.29717 0.072269 0 2
0.271824 0.143926 0 2
0.252216 0.176835 0 2
0.240803 0.192306 0 2
0.228377 0.207029 0 2
0.20069 0.233982 0 2
0.169609 0.257222 0 2
0.135648 0.276336 0 2
0.117761 0.284236 0 2
0.0993685 0.290981 0 2
0.0613779 0.300889 0 2
0.0223136 0.305869 0 2
-0.0171657 0.305816 0 2
-0.0368521 0.303891 0 2
-0.0466453 0.302455 0 2
-0.0515248 0.30162 0 2
-0.0563912 0.300706 0 2
-0.0946953 0.290605 0 2
-0.131423 0.275662 0 2
-0.165944 0.256108 0 2
-0.182189 0.244697 0 2
-0.197662 0.232256 0 2
-0.250536 0.17327 0 2
-0.270763 0.139105 0 2
-0.279154 0.121095 0 2
-0.286343 0.102565 0 2
-0.302503 0.0248311 0 2
-0.302765 -0.0150543 0 2
-0.297749 -0.0547217 0 2
-0.27222 -0.130716 0 2
-0.252096 -0.165741 0 2
-0.240321 -0.18224 0 2
-0.234025 -0.190204 0 2
-0.227465 -0.197967 0 2
-0.198728 -0.226836 0 2
-0.166353 -0.251841 0 2
-0.130876 -0.272542 0 2
-0.112156 -0.28116 0 2
-0.0928852 -0.288569 0 2
-0.0530156 -0.299629 0 2
-0.0119362 -0.305513 0 2
0.0296603 -0.3061 0 2
0.0504326 -0.304393 0 2
0.0607736 -0.30304 0 2
0.0710698 -0.301356 0 2
0.111588 -0.291341 0 2
0.150523 -0.2762 0 2
0.187207 -0.256171 0 2
0.204506 -0.244419 0 2
0.221008 -0.231571 0 2
0.27767 -0.170331 0 2
0.299538 -0.134697 0 2
0.308673 -0.115876 0 2
0.312772 -0.106249 0 2
0.316552 -0.0964906 0 2
0.334869 -0.0149497 0 2
0.335817 0.0270134 0 2
0.331209 0.0688288 0 2
0.305636 0.149185 0 2
0.285061 0.186351 0 2
0.272956 0.203895 0 2
0.259702 0.220644 0 2
0.229971 0.251469 0 2
0.196353 0.278288 0 2
0.159405 0.300631 0 2
0.139872 0.309996 0 2
0.11974 0.318098 0 2
0.0780209 0.330375 0 2
0.0349469 0.33723 0 2
-0.00875559 0.338526 0 2
-0.0306115 0.337072 0 2
-0.0415001 0.33582 0 2
-0.0469295 0.335063 0 2
-0.052347 0.334219 0 2
-0.0950866 0.324358 0 2
-0.136245 0.309088 0 2
-0.175118 0.288648 0 2
-0.193486 0.276588 0 2
-0.211035 0.263364 0 2
-0.271574 0.199978 0 2
-0.295138 0.162919 0 2
-0.305047 0.143308 0 2
-0.313647 0.123084 0 2
-0.334253 0.0377858 0 2
-0.335958 -0.00624305 0 2
-0.331828 -0.0502034 0 2
-0.306351 -0.134943 0 2
-0.285393 -0.174274 0 2
-0.272989 -0.192877 0 2
-0.266328 -0.201878 0 2
-0.259369 -0.210665 0 2
-0.228702 -0.243486 0 2
-0.193895 -0.272167 0 2
-0.155522 -0.296205 0 2
-0.135196 -0.306346 0 2
-0.114222 -0.315172 0 2
-0.0706827 -0.328728 0 2
-0.025636 -0.336621 0 2
0.0201592 -0.338696 0 2
0.0430958 -0.337529 0 2
0.0545313 -0.336395 0 2
0.0659286 -0.334894 0 2
0.110895 -0.325258 0 2
0.154292 -0.309928 0 2
0.195376 -0.289144 0 2
0.214829 -0.276806 0 2
0.233442 -0.263236 0 2
0.297946 -0.197815 0 2
0.323258 -0.159378 0 2
0.333971 -0.138997 0 2
0.338819 -0.128552 0 2
0.343321 -0.117953 0 2
0.366349 -0.0289513 0 2
0.368879 0.0171296 0 2
0.365299 0.0632303 0 2
0.340061 0.152371 0 2
0.318786 0.193889 0 2
0.306117 0.213566 0 2
0.292161 0.232409 0 2
0.260619 0.267266 0 2
0.224676 0.297854 0 2
0.184926 0.323639 0 2
0.163827 0.334584 0 2
0.14203 0.344164 0 2
0.0967035 0.359062 0 2
0.049708 0.368059 0 2
0.00183463 0.370981 0 2
-0.0221786 0.370137 0 2
-0.0341598 0.369138 0 2
-0.0401385 0.368494 0 2
-0.0461071 0.367755 0 2
-0.0933037 0.358414 0 2
-0.138951 0.343093 0 2
-0.182269 0.322031 0 2
-0.202821 0.309448 0 2
-0.222514 0.295564 0 2
-0.291067 0.22822 0 2
-0.318182 0.188452 0 2
-0.329726 0.167322 0 2
-0.339857 0.145478 0 2
-0.365436 0.0528289 0 2
-0.368862 0.00471139 0 2
-0.365902 -0.0435232 0 2
-0.341044 -0.137079 0 2
-0.319521 -0.180805 0 2
-0.30662 -0.20157 0 2
-0.299657 -0.211639 0 2
-0.292361 -0.221483 0 2
-0.260003 -0.258413 0 2
-0.22298 -0.290953 0 2
-0.181901 -0.318536 0 2
-0.160053 -0.330313 0 2
-0.137451 -0.340676 0 2
-0.0903718 -0.356978 0 2
-0.0414527 -0.367145 0 2
0.00848216 -0.370982 0 2
0.0335672 -0.370496 0 2
0.0460926 -0.36965 0 2
0.0585889 -0.368402 0 2
0.108018 -0.359426 0 2
0.155927 -0.344184 0 2
0.201499 -0.322912 0 2
0.223162 -0.310117 0 2
0.243951 -0.29595 0 2
0.316635 -0.226799 0 2
0.345604 -0.185748 0 2
0.358007 -0.163891 0 2
0.363664 -0.152668 0 2
0.368949 -0.141266 0 2
0.397208 -0.0450298 0 2
0.401599 0.00510716 0 2
0.399332 0.0554675 0 2
0.374995 0.15345 0 2
0.353293 0.199403 0 2
0.340193 0.221268 0 2
0.325663 0.242267 0 2
0.292552 0.281304 0 2
0.254504 0.31584 0 2
0.212147 0.345272 0 2
0.189571 0.357908 0 2
0.166187 0.369083 0 2
0.117389 0.38685 0 2
0.0665739 0.398252 0 2
0.0145957 0.403073 0 2
-0.0115553 0.402978 0 2
-0.0246229 0.402302 0 2
-0.0311487 0.401808 0 2
-0.0376668 0.401208 0 2
-0.0893279 0.392667 0 2
-0.139509 0.377573 0 2
-0.187353 0.356159 0 2
-0.210141 0.343185 0 2
-0.23204 0.328768 0 2
-0.272802 0.295843 0 2
-0.308934 0.257926 0 2
-0.339806 0.215643 0 2
-0.353097 0.193081 0 2
-0.35918 0.181485 0 2
-0.364878 0.169697 0 2
-0.395945 0.0699363 0 2
-0.401371 0.0177987 0 2
-0.399866 -0.0346775 0 2
-0.376194 -0.137095 0 2
-0.354383 -0.185291 0 2
-0.341117 -0.208269 0 2
-0.333917 -0.219434 0 2
-0.326349 -0.230367 0 2
-0.292547 -0.271547 0 2
-0.253532 -0.30812 0 2
-0.209949 -0.339449 0 2
-0.186668 -0.352973 0 2
-0.162522 -0.364987 0 2
-0.112044 -0.38428 0 2
-0.0593607 -0.396981 0 2
-0.00535947 -0.402853 0 2
0.0218511 -0.403185 0 2
0.0354584 -0.402697 0 2
0.049048 -0.401774 0 2
0.10294 -0.393739 0 2
0.1554 -0.378863 0 2
0.205533 -0.357376 0 2
0.229457 -0.344256 0 2
0.252481 -0.32962 0 2
0.295438 -0.296047 0 2
0.33366 -0.257207 0 2
0.366486 -0.213743 0 2
0.380692 -0.1905 0 2
0.387214 -0.178542 0 2
0.390327 -0.172485 0 2
0.39334 -0.166377 0 2
0.427342 -0.063159 0 2
0.43387 -0.00904122 0 2
0.433198 0.0455393 0 2
0.410334 0.152395 0 2
0.388483 0.202851 0 2
0.375087 0.226953 0 2
0.360113 0.250164 0 2
0.325684 0.293519 0 2
0.285761 0.33217 0 2
0.241004 0.365444 0 2
0.217043 0.379881 0 2
0.192157 0.392762 0 2
0.140037 0.41364 0 2
0.0855165 0.427705 0 2
0.0295137 0.434695 0 2
0.00125122 0.435489 0 2
-0.012893 0.435207 0 2
-0.0199618 0.434895 0 2
-0.0270259 0.434471 0 2
-0.0831448 0.427013 0 2
-0.137889 0.412426 0 2
-0.190327 0.390934 0 2
-0.215398 0.377702 0 2
-0.23956 0.362881 0 2
-0.284744 0.328722 0 2
-0.325099 0.289018 0 2
-0.359926 0.244426 0 2
-0.375072 0.220525 0 2
-0.382048 0.208216 0 2
-0.388616 0.195686 0 2
-0.425677 0.0890794 0 2
-0.433376 0.0330039 0 2
-0.433609 -0.0236676 0 2
-0.411696 -0.134963 0 2
-0.389876 -0.187693 0 2
-0.376383 -0.212928 0 2
-0.369013 -0.225215 0 2
-0.361237 -0.237264 0 2
-0.326245 -0.282826 0 2
-0.285474 -0.323594 0 2
-0.239597 -0.358861 0 2
-0.21498 -0.374236 0 2
-0.189378 -0.388012 0 2
-0.135656 -0.410534 0 2
-0.0793299 -0.426026 0 2
-0.0213491 -0.434201 0 2
0.00795692 -0.435491 0 2
0.0226347 -0.435431 0 2
0.0373083 -0.434901 0 2
0.0956491 -0.428091 0 2
0.152683 -0.413863 0 2
0.207438 -0.392436 0 2
0.233666 -0.379126 0 2
0.258978 -0.364153 0 2
0.30642 -0.329472 0 2
0.348947 -0.288964 0 2
0.385822 -0.243296 0 2
0.401935 -0.218762 0 2
0.409378 -0.206115 0 2
0.412943 -0.199701 0 2
0.416402 -0.19323 0 2
0.456645 -0.0833079 0 2
0.465583 -0.0252983 0 2
0.46679 0.033449 0 2
0.445972 0.14918 0 2
0.424254 0.204197 0 2
0.410699 0.230575 0 2
0.395416 0.256049 0 2
0.359927 0.303848 0 2
0.318368 0.346771 0 2
0.271427 0.384075 0 2
0.246178 0.400413 0 2
0.219884 0.415111 0 2
0.164601 0.439336 0 2
0.106503 0.456316 0 2
0.0465698 0.465744 0 2
0.0162294 0.467564 0 2
0.0010218 0.467744 0 2
-0.00658426 0.467651 0 2
-0.0141892 0.467437 0 2
-0.0747451 0.461344 0 2
-0.13407 0.447546 0 2
-0.191154 0.426255 0 2
-0.21855 0.4129 0 2
-0.245023 0.397809 0 2
-0.294753 0.362672 0 2
-0.339489 0.321418 0 2
-0.378457 0.274732 0 2
-0.395562 0.24959 0 2
-0.403486 0.236615 0 2
-0.41098 0.223388 0 2
-0.454527 0.110225 0 2
-0.464771 0.0503073 0 2
-0.467023 -0.010499 0 2
-0.447443 -0.130661 0 2
-0.425898 -0.187974 0 2
-0.412316 -0.215504 0 2
-0.404844 -0.228936 0 2
-0.39693 -0.242126 0 2
-0.361009 -0.29219 0 2
-0.318724 -0.337305 0 2
-0.270775 -0.37669 0 2
-0.244923 -0.394017 0 2
-0.21796 -0.409663 0 2
-0.161159 -0.435646 0 2
-0.101325 -0.454178 0 2
-0.0394657 -0.464924 0 2
-0.00810105 -0.467307 0 2
0.00763208 -0.467745 0 2
0.0233769 -0.467679 0 2
0.0861391 -0.462374 0 2
0.147756 -0.449078 0 2
0.20718 -0.427992 0 2
0.23575 -0.414628 0 2
0.263396 -0.399452 0 2
0.315441 -0.363923 0 2
0.362423 -0.321987 0 2
0.403529 -0.274336 0 2
0.421651 -0.248613 0 2
0.430069 -0.235323 0 2
0.434113 -0.228576 0 2
0.438045 -0.221765 0 2
0.485016 -0.105441 0 2
0.496633 -0.0436421 0 2
0.499355 -0.0122834 0 2
0.499999 0.0192049 0 2
0.495035 0.0820364 0 2
0.481802 0.143787 0 2
0.460502 0.203406 0 2
0.446927 0.232097 0 2
0.431474 0.259876 0 2
0.395188 0.312232 0 2
0.352241 0.359573 0 2
0.303342 0.401084 0 2
0.276911 0.419423 0 2
0.249304 0.436043 0 2
0.191031 0.46384 0 2
0.129498 0.483984 0 2
0.0657404 0.496113 0 2
0.0333626 0.499095 0 2
0.0171085 0.499808 0 2
0.0089727 0.499968 0 2
0.000833929 0.499999 0 2
-0.0641241 0.495553 0 2
-0.128032 0.482829 0 2
-0.189803 0.462019 0 2
-0.219556 0.448681 0 2
-0.248384 0.433455 0 2
-0.302772 0.397601 0 2
-0.352034 0.355043 0 2
-0.39532 0.306487 0 2
-0.414484 0.280208 0 2
-0.423408 0.266616 0 2
-0.427701 0.259712 0 2
-0.43188 0.25274 0 2
-0.461077 0.194699 0 2
-0.472747 0.164369 0 2
-0.482394 0.133336 0 2
-0.495449 0.0696848 0 2
-0.498797 0.0373349 0 2
-0.499667 0.0210885 0 2
-0.499999 0.00481749 0 2
-0.495944 -0.0601686 0 2
-0.490698 -0.0923616 0 2
-0.483329 -0.124172 0 2
-0.462345 -0.186104 0 2
-0.448814 -0.215962 0 2
-0.441312 -0.230557 0 2
-0.437379 -0.237764 0 2
-0.433327 -0.244909 0 2
-0.396745 -0.299582 0 2
-0.353198 -0.349183 0 2
-0.303408 -0.392859 0 2
-0.276426 -0.412235 0 2
-0.248202 -0.429853 0 2
-0.188502 -0.45952 0 2
-0.125308 -0.481338 0 2
-0.0596834 -0.494915 0 2
-0.026304 -0.498529 0 2
-0.00953409 -0.499532 0 2
0.00726569 -0.499999 0 2
0.0744073 -0.496482 0 2
0.140603 -0.484402 0 2
0.204728 -0.463939 0 2
0.235671 -0.450661 0 2
0.265689 -0.43542 0 2
0.322445 -0.399307 0 2
0.374021 -0.356192 0 2
0.419529 -0.306789 0 2
0.458182 -0.251918 0 2
