#16
6x6
5 4 1 4 1 4 
1 3 0 0 0 0 
1 2 0 0 0 0 
2 2 2 0 0 0 
4 1 4 1 4 0 
1 48 0 0 0 0
6x6
5 4 1 4 1 4 
1 3 0 0 0 0 
1 1 0 0 0 0 
2 2 2 0 0 0 
4 1 4 1 4 0 
1 48 0 0 0 0
6x6
5 4 1 4 1 4 
1 3 0 0 0 0 
2 2 1 0 0 0 
2 2 2 0 0 0 
4 1 4 1 4 0 
1 48 0 0 0 0
6x6
5 4 1 4 1 4 
1 2 0 0 0 0 
1 1 0 0 0 0 
2 2 2 0 0 0 
4 1 4 1 4 0 
1 48 0 0 0 0
6x6
5 4 1 4 1 4 
2 1 3 0 0 0 
1 2 0 0 0 0 
2 2 2 0 0 0 
4 1 4 1 4 0 
1 48 0 0 0 0
6x6
5 4 1 4 1 4 
2 2 3 0 0 0 
1 1 0 0 0 0 
2 2 2 0 0 0 
4 1 4 1 4 0 
1 48 0 0 0 0
6x6
5 4 1 4 1 4 
2 1 3 0 0 0 
2 2 1 0 0 0 
2 2 2 0 0 0 
4 1 4 1 4 0 
1 48 0 0 0 0
6x5
1 3 0 0 0 
1 2 0 0 0 
1 1 0 0 0 
2 2 2 0 0 
4 1 4 1 4 
1 48 0 0 0
6x7
6 1 4 1 4 1 4 
1 3 0 0 0 0 0 
1 2 0 0 0 0 0 
2 2 2 0 0 0 0 
4 1 4 1 4 0 0 
1 48 0 0 0 0 0
6x9
8 1 2 1 4 1 4 1 4 
1 3 0 0 0 0 0 0 0 
1 1 0 0 0 0 0 0 0 
2 2 2 0 0 0 0 0 0 
4 1 4 1 4 0 0 0 0 
1 48 0 0 0 0 0 0 0
6x7
6 1 4 1 4 1 4 
1 3 0 0 0 0 0 
2 2 1 0 0 0 0 
2 2 2 0 0 0 0 
4 1 4 1 4 0 0 
1 48 0 0 0 0 0
6x7
6 3 4 1 4 1 4 
1 2 0 0 0 0 0 
1 1 0 0 0 0 0 
2 2 2 0 0 0 0 
4 1 4 1 4 0 0 
1 48 0 0 0 0 0
6x7
6 1 4 1 4 1 4 
2 1 3 0 0 0 0 
1 2 0 0 0 0 0 
2 2 2 0 0 0 0 
4 1 4 1 4 0 0 
1 48 0 0 0 0 0
6x9
8 1 2 1 4 1 4 1 4 
2 2 3 0 0 0 0 0 0 
1 1 0 0 0 0 0 0 0 
2 2 2 0 0 0 0 0 0 
4 1 4 1 4 0 0 0 0 
1 48 0 0 0 0 0 0 0
6x7
6 1 4 1 4 1 4 
2 1 3 0 0 0 0 
2 2 1 0 0 0 0 
2 2 2 0 0 0 0 
4 1 4 1 4 0 0 
1 48 0 0 0 0 0
6x6
5 4 1 4 1 4 
1 3 0 0 0 0 
1 2 0 0 0 0 
1 1 0 0 0 0 
2 2 2 0 0 0 
3 32 0 0 0 0
