#16
6x10
9 2 3 2 3 4 1 4 1 4 
1 3 0 0 0 0 0 0 0 0 
1 1 0 0 0 0 0 0 0 0 
4 2 3 2 3 0 0 0 0 0 
4 1 4 1 4 0 0 0 0 0 
1 48 0 0 0 0 0 0 0 0
6x10
9 2 3 2 3 4 1 4 1 4 
1 3 0 0 0 0 0 0 0 0 
3 3 2 3 0 0 0 0 0 0 
4 2 3 2 3 0 0 0 0 0 
4 1 4 1 4 0 0 0 0 0 
1 48 0 0 0 0 0 0 0 0
6x10
9 2 3 2 3 4 1 4 1 4 
1 3 0 0 0 0 0 0 0 0 
4 1 3 2 3 0 0 0 0 0 
4 2 3 2 3 0 0 0 0 0 
4 1 4 1 4 0 0 0 0 0 
1 48 0 0 0 0 0 0 0 0
6x10
9 2 3 2 3 4 1 4 1 4 
1 1 0 0 0 0 0 0 0 0 
3 3 2 3 0 0 0 0 0 0 
4 2 3 2 3 0 0 0 0 0 
4 1 4 1 4 0 0 0 0 0 
1 48 0 0 0 0 0 0 0 0
6x10
9 2 3 2 3 4 1 4 1 4 
2 2 3 0 0 0 0 0 0 0 
1 1 0 0 0 0 0 0 0 0 
4 2 3 2 3 0 0 0 0 0 
4 1 4 1 4 0 0 0 0 0 
1 48 0 0 0 0 0 0 0 0
6x10
9 2 3 2 3 4 1 4 1 4 
2 1 3 0 0 0 0 0 0 0 
3 3 2 3 0 0 0 0 0 0 
4 2 3 2 3 0 0 0 0 0 
4 1 4 1 4 0 0 0 0 0 
1 48 0 0 0 0 0 0 0 0
6x10
9 2 3 2 3 4 1 4 1 4 
2 2 3 0 0 0 0 0 0 0 
4 1 3 2 3 0 0 0 0 0 
4 2 3 2 3 0 0 0 0 0 
4 1 4 1 4 0 0 0 0 0 
1 48 0 0 0 0 0 0 0 0
6x5
1 3 0 0 0 
1 1 0 0 0 
3 3 2 3 0 
4 2 3 2 3 
4 1 4 1 4 
1 48 0 0 0
6x7
6 2 4 1 4 1 4 
1 3 0 0 0 0 0 
1 1 0 0 0 0 0 
4 2 3 2 3 0 0 
4 1 4 1 4 0 0 
1 48 0 0 0 0 0
6x11
10 1 2 3 2 3 4 1 4 1 4 
1 3 0 0 0 0 0 0 0 0 0 
3 3 2 3 0 0 0 0 0 0 0 
4 2 3 2 3 0 0 0 0 0 0 
4 1 4 1 4 0 0 0 0 0 0 
1 48 0 0 0 0 0 0 0 0 0
6x7
6 2 4 1 4 1 4 
1 3 0 0 0 0 0 
4 1 3 2 3 0 0 
4 2 3 2 3 0 0 
4 1 4 1 4 0 0 
1 48 0 0 0 0 0
6x9
8 2 3 2 4 1 4 1 4 
1 1 0 0 0 0 0 0 0 
3 3 2 3 0 0 0 0 0 
4 2 3 2 3 0 0 0 0 
4 1 4 1 4 0 0 0 0 
1 48 0 0 0 0 0 0 0
6x7
6 2 4 1 4 1 4 
2 2 3 0 0 0 0 
1 1 0 0 0 0 0 
4 2 3 2 3 0 0 
4 1 4 1 4 0 0 
1 48 0 0 0 0 0
6x11
10 1 2 3 2 3 4 1 4 1 4 
2 1 3 0 0 0 0 0 0 0 0 
3 3 2 3 0 0 0 0 0 0 0 
4 2 3 2 3 0 0 0 0 0 0 
4 1 4 1 4 0 0 0 0 0 0 
1 48 0 0 0 0 0 0 0 0 0
6x7
6 2 4 1 4 1 4 
2 2 3 0 0 0 0 
4 1 3 2 3 0 0 
4 2 3 2 3 0 0 
4 1 4 1 4 0 0 
1 48 0 0 0 0 0
6x10
9 2 3 2 3 4 1 4 1 4 
1 3 0 0 0 0 0 0 0 0 
1 1 0 0 0 0 0 0 0 0 
3 3 2 3 0 0 0 0 0 0 
4 2 3 2 3 0 0 0 0 0 
3 32 0 0 0 0 0 0 0 0
