#10
6x12
10 1 2 3 2 3 2 3 2 3 3 0 
9 2 3 2 3 2 3 2 3 3 0 0 
11 1 2 3 2 3 2 3 2 3 2 3 
10 3 2 3 2 3 2 3 3 2 3 0 
9 1 2 3 3 2 3 2 3 3 0 0 
10 48 0 0 0 0 0 0 0 0 0 0
6x15
11 1 2 3 2 3 2 3 2 3 2 3 0 0 0 
10 2 3 2 3 2 3 2 3 2 3 0 0 0 0 
10 3 3 3 2 3 2 3 2 3 2 0 0 0 0 
9 1 2 3 3 2 3 2 3 3 0 0 0 0 0 
14 1 3 2 3 2 3 2 3 3 3 2 3 3 3 
6 80 0 0 0 0 0 0 0 0 0 0 0 0 0
7x16
9 1 2 3 3 2 3 2 3 3 0 0 0 0 0 0 
8 2 3 3 2 3 2 3 3 0 0 0 0 0 0 0 
11 1 2 3 2 3 2 3 2 3 2 3 0 0 0 0 
15 1 3 2 3 2 3 2 3 3 3 2 3 3 2 3 
8 2 3 2 3 3 2 3 2 0 0 0 0 0 0 0 
12 1 3 2 3 2 3 3 3 2 3 3 2 0 0 0 
5 96 0 0 0 0 0 0 0 0 0 0 0 0 0 0
6x13
6 3 3 3 2 3 2 0 0 0 0 0 0 
10 3 2 3 3 2 3 2 3 3 2 0 0 
10 2 3 3 2 3 2 3 3 2 3 0 0 
12 1 3 2 3 2 3 3 3 2 3 3 2 
11 3 2 3 2 3 3 3 2 3 3 2 0 
1 240 0 0 0 0 0 0 0 0 0 0 0
6x13
6 3 3 3 2 3 2 0 0 0 0 0 0 
10 3 2 3 3 2 3 2 3 3 2 0 0 
10 2 3 3 2 3 2 3 3 2 3 0 0 
12 1 3 2 3 2 3 3 3 2 3 3 2 
9 1 2 3 3 2 3 2 3 3 0 0 0 
1 240 0 0 0 0 0 0 0 0 0 0 0
6x13
6 3 3 3 2 3 2 0 0 0 0 0 0 
10 3 2 3 3 2 3 2 3 3 2 0 0 
10 2 3 3 2 3 2 3 3 2 3 0 0 
12 1 3 2 3 2 3 3 3 2 3 3 2 
8 2 3 3 2 3 2 3 3 0 0 0 0 
1 240 0 0 0 0 0 0 0 0 0 0 0
6x12
6 3 3 3 2 3 2 0 0 0 0 0 
10 3 2 3 3 2 3 2 3 3 2 0 
10 2 3 3 2 3 2 3 3 2 3 0 
11 3 2 3 2 3 3 3 2 3 3 2 
9 1 2 3 3 2 3 2 3 3 0 0 
1 240 0 0 0 0 0 0 0 0 0 0
6x12
6 3 3 3 2 3 2 0 0 0 0 0 
10 3 2 3 3 2 3 2 3 3 2 0 
10 2 3 3 2 3 2 3 3 2 3 0 
11 3 2 3 2 3 3 3 2 3 3 2 
8 2 3 3 2 3 2 3 3 0 0 0 
1 240 0 0 0 0 0 0 0 0 0 0
6x11
6 3 3 3 2 3 2 0 0 0 0 
10 3 2 3 3 2 3 2 3 3 2 
10 2 3 3 2 3 2 3 3 2 3 
9 1 2 3 3 2 3 2 3 3 0 
8 2 3 3 2 3 2 3 3 0 0 
1 240 0 0 0 0 0 0 0 0 0
6x13
6 3 3 3 2 3 2 0 0 0 0 0 0 
10 3 2 3 3 2 3 2 3 3 2 0 0 
10 2 3 3 2 3 2 3 3 2 3 0 0 
12 1 2 3 2 3 3 2 3 2 3 3 2 
11 2 3 2 3 3 2 3 2 3 3 2 0 
1 240 0 0 0 0 0 0 0 0 0 0 0
