11x17	% 
 1  1  2  4 6  6  8  8 12 12 12 16 16 16 24 24 24
 1  2  4  4 2  4  3  6  2  4  4 12 12 12  2  8  8
 5 -3  1 -1 1  1 -1  3 -1 -3  1 -1 -1  1  1 -1  1
 5  5 -3 -3 5 -3 -1 -1  5  1  1  3  3  3  5  1  1
 5 -3  1 -1 1  1  5 -3 -1 -3  1 -1 -1  1  1 -1  1
 0  4  4  5 2  4  4  4  3  5  3  5  5  4  2  5  4
 5  1  5  4 3  5  5  5  2  2  4  4  4  5  3  4  5
 0  4  4  5 2  4  4  4  3  5  3  5  5  4  2  5  4
 5  1  5  4 3  5  5  5  2  2  4  4  4  5  3  4  5
 1  1  1 -1 1  1  1  1 -1 -1 -1 -1 -1  1  1 -1  1
 4 -4  0  0 0  0 -2  2  0 -2  2  0  0  0  0  0  0
