#5
7x12
11 1 1 1 1 1 2 1 2 1 1 2 
2 2 2 0 0 0 0 0 0 0 0 0 
8 1 1 1 1 1 1 1 1 0 0 0 
10 1 1 1 1 1 2 1 2 1 1 0 
10 1 1 1 1 1 1 1 2 1 2 0 
6 1 1 1 1 1 1 0 0 0 0 0 
1 96 0 0 0 0 0 0 0 0 0 0
7x12
11 1 1 1 1 1 1 1 1 1 2 2 
2 2 2 0 0 0 0 0 0 0 0 0 
8 1 1 1 1 1 1 1 1 0 0 0 
10 1 1 1 1 1 2 1 2 1 1 0 
10 1 1 1 1 1 1 1 2 1 2 0 
6 1 1 1 1 1 1 0 0 0 0 0 
1 96 0 0 0 0 0 0 0 0 0 0
7x15
14 1 1 1 1 1 1 1 1 2 1 2 1 1 2 
2 2 2 0 0 0 0 0 0 0 0 0 0 0 0 
8 1 1 1 1 1 1 1 1 0 0 0 0 0 0 
10 1 1 1 1 1 2 1 2 1 1 0 0 0 0 
10 1 1 1 1 1 1 1 2 1 2 0 0 0 0 
6 1 1 1 1 1 1 0 0 0 0 0 0 0 0 
1 96 0 0 0 0 0 0 0 0 0 0 0 0 0
7x12
11 1 1 1 1 1 2 1 2 1 1 2 
11 1 1 1 1 1 1 1 1 1 2 2 
2 2 2 0 0 0 0 0 0 0 0 0 
10 1 1 1 1 1 2 1 2 1 1 0 
10 1 1 1 1 1 1 1 2 1 2 0 
6 1 1 1 1 1 1 0 0 0 0 0 
3 64 0 0 0 0 0 0 0 0 0 0
6x12
11 1 1 1 1 1 2 1 2 1 1 2 
11 1 1 1 1 1 1 1 1 1 2 2 
2 2 2 0 0 0 0 0 0 0 0 0 
8 1 1 1 1 1 1 1 1 0 0 0 
6 1 1 1 1 1 1 0 0 0 0 0 
4 48 0 0 0 0 0 0 0 0 0 0
