#6
6x8
7 1 1 2 1 3 2 3 
4 1 1 2 1 0 0 0 
1 3 0 0 0 0 0 0 
6 2 1 3 1 1 2 0 
4 2 3 2 3 0 0 0 
1 32 0 0 0 0 0 0
5x8
1 1 0 0 0 0 0 0 
7 1 1 2 1 3 2 3 
4 1 1 2 1 0 0 0 
4 2 3 2 3 0 0 0 
4 24 0 0 0 0 0 0
5x7
1 1 0 0 0 0 0 
1 3 0 0 0 0 0 
6 2 1 3 1 1 2 
4 2 3 2 3 0 0 
4 24 0 0 0 0 0
5x6
1 1 0 0 0 0 
5 1 2 3 1 1 
5 1 1 3 2 1 
4 2 3 2 3 0 
4 24 0 0 0 0
5x7
1 1 0 0 0 0 0 
6 1 1 2 1 3 2 
6 1 2 3 1 1 2 
4 2 3 2 3 0 0 
4 24 0 0 0 0 0
5x6
1 1 0 0 0 0 
5 1 2 1 3 1 
5 1 1 2 1 3 
4 2 3 2 3 0 
4 24 0 0 0 0
#3 1 1 0
0 1 group.161 1 1 0
1 12 group.133 1 2 0
3 8 group.156 2 1 0
#4 1 1 1
0 1 group.161 1 1 30
1 8 group.133 1 2 1
2 4 group.133 1 2 0
3 8 group.156 2 1 0
#4 2 1 0
0 1 group.161 2 1 0
1 8 group.133 1 3 0
3 8 group.156 3 1 0
4 4 group.133 2 1 0
#3 3 1 0
0 1 group.161 1 1 0
1 12 group.133 2 2 0
3 8 group.156 1 1 0
