#8
5x7
3 3 3 3 0 0 0 
3 1 3 3 0 0 0 
6 1 2 3 1 2 3 
2 3 3 0 0 0 0 
1 24 0 0 0 0 0
5x7
3 3 3 3 0 0 0 
4 1 3 2 3 0 0 
6 1 2 3 1 2 3 
2 3 3 0 0 0 0 
1 24 0 0 0 0 0
5x7
3 3 3 3 0 0 0 
5 1 3 1 2 3 0 
6 1 2 3 1 2 3 
2 3 3 0 0 0 0 
1 24 0 0 0 0 0
5x7
3 1 3 3 0 0 0 
4 1 3 2 3 0 0 
6 1 2 3 1 2 3 
2 3 3 0 0 0 0 
1 24 0 0 0 0 0
5x7
3 2 3 1 0 0 0 
3 1 3 3 0 0 0 
6 1 2 3 1 2 3 
2 3 3 0 0 0 0 
1 24 0 0 0 0 0
5x7
2 3 1 0 0 0 0 
4 1 3 2 3 0 0 
6 1 2 3 1 2 3 
2 3 3 0 0 0 0 
1 24 0 0 0 0 0
5x7
3 2 3 1 0 0 0 
5 1 3 1 2 3 0 
6 1 2 3 1 2 3 
2 3 3 0 0 0 0 
1 24 0 0 0 0 0
5x7
3 3 3 3 0 0 0 
3 1 3 3 0 0 0 
4 1 3 2 3 0 0 
6 1 2 3 1 2 3 
3 16 0 0 0 0 0
