#10
10x14
3 3 3 3 0 0 0 0 0 0 0 0 0 0 
13 1 2 2 1 3 2 2 3 2 3 2 3 2 
10 2 2 3 2 2 3 2 3 2 3 0 0 0 
2 2 2 0 0 0 0 0 0 0 0 0 0 0 
12 2 2 1 3 2 2 1 3 3 3 3 3 0 
10 2 2 3 2 3 2 2 3 2 3 0 0 0 
8 2 2 2 3 2 2 2 3 0 0 0 0 0 
12 1 2 2 2 3 2 2 3 2 1 3 3 0 
12 1 2 1 3 2 1 3 2 1 3 2 3 0 
1 1152 0 0 0 0 0 0 0 0 0 0 0 0
10x13
3 3 3 3 0 0 0 0 0 0 0 0 0 
3 2 2 1 0 0 0 0 0 0 0 0 0 
10 2 2 3 2 2 3 2 3 2 3 0 0 
2 2 2 0 0 0 0 0 0 0 0 0 0 
12 2 2 1 3 2 2 1 3 3 3 3 3 
10 2 2 3 2 3 2 2 3 2 3 0 0 
8 2 2 2 3 2 2 2 3 0 0 0 0 
12 1 2 2 2 3 2 2 3 2 1 3 3 
12 1 2 1 3 2 1 3 2 1 3 2 3 
1 1152 0 0 0 0 0 0 0 0 0 0 0
10x13
3 3 3 3 0 0 0 0 0 0 0 0 0 
12 1 2 2 3 2 2 3 2 3 2 3 2 
10 2 2 3 2 2 3 2 3 2 3 0 0 
2 2 2 0 0 0 0 0 0 0 0 0 0 
12 2 2 1 3 2 2 1 3 3 3 3 3 
10 2 2 3 2 3 2 2 3 2 3 0 0 
8 2 2 2 3 2 2 2 3 0 0 0 0 
12 1 2 2 2 3 2 2 3 2 1 3 3 
12 1 2 1 3 2 1 3 2 1 3 2 3 
1 1152 0 0 0 0 0 0 0 0 0 0 0
10x14
13 1 2 2 1 3 2 2 3 2 3 2 3 2 
3 2 2 1 0 0 0 0 0 0 0 0 0 0 
10 2 2 3 2 2 3 2 3 2 3 0 0 0 
2 2 2 0 0 0 0 0 0 0 0 0 0 0 
12 2 2 1 3 2 2 1 3 3 3 3 3 0 
10 2 2 3 2 3 2 2 3 2 3 0 0 0 
8 2 2 2 3 2 2 2 3 0 0 0 0 0 
12 1 2 2 2 3 2 2 3 2 1 3 3 0 
12 1 2 1 3 2 1 3 2 1 3 2 3 0 
1 1152 0 0 0 0 0 0 0 0 0 0 0 0
10x14
6 2 2 1 3 3 3 0 0 0 0 0 0 0 
13 1 2 2 1 3 2 2 3 2 3 2 3 2 
10 2 2 3 2 2 3 2 3 2 3 0 0 0 
2 2 2 0 0 0 0 0 0 0 0 0 0 0 
12 2 2 1 3 2 2 1 3 3 3 3 3 0 
10 2 2 3 2 3 2 2 3 2 3 0 0 0 
8 2 2 2 3 2 2 2 3 0 0 0 0 0 
12 1 2 2 2 3 2 2 3 2 1 3 3 0 
12 1 2 1 3 2 1 3 2 1 3 2 3 0 
1 1152 0 0 0 0 0 0 0 0 0 0 0 0
10x13
10 1 2 1 3 3 2 2 2 3 2 0 0 
3 2 2 1 0 0 0 0 0 0 0 0 0 
10 2 2 3 2 2 3 2 3 2 3 0 0 
2 2 2 0 0 0 0 0 0 0 0 0 0 
12 2 2 1 3 2 2 1 3 3 3 3 3 
10 2 2 3 2 3 2 2 3 2 3 0 0 
8 2 2 2 3 2 2 2 3 0 0 0 0 
12 1 2 2 2 3 2 2 3 2 1 3 3 
12 1 2 1 3 2 1 3 2 1 3 2 3 
1 1152 0 0 0 0 0 0 0 0 0 0 0
10x13
6 2 2 1 3 3 3 0 0 0 0 0 0 
12 1 2 2 3 2 2 3 2 3 2 3 2 
10 2 2 3 2 2 3 2 3 2 3 0 0 
2 2 2 0 0 0 0 0 0 0 0 0 0 
12 2 2 1 3 2 2 1 3 3 3 3 3 
10 2 2 3 2 3 2 2 3 2 3 0 0 
8 2 2 2 3 2 2 2 3 0 0 0 0 
12 1 2 2 2 3 2 2 3 2 1 3 3 
12 1 2 1 3 2 1 3 2 1 3 2 3 
1 1152 0 0 0 0 0 0 0 0 0 0 0
10x14
3 3 3 3 0 0 0 0 0 0 0 0 0 0 
13 1 2 2 1 3 2 2 3 2 3 2 3 2 
3 2 2 1 0 0 0 0 0 0 0 0 0 0 
10 2 2 3 2 2 3 2 3 2 3 0 0 0 
12 2 2 1 3 2 2 1 3 3 3 3 3 0 
10 2 2 3 2 3 2 2 3 2 3 0 0 0 
8 2 2 2 3 2 2 2 3 0 0 0 0 0 
12 1 2 2 2 3 2 2 3 2 1 3 3 0 
12 1 2 1 3 2 1 3 2 1 3 2 3 0 
3 768 0 0 0 0 0 0 0 0 0 0 0 0
10x14
3 3 3 3 0 0 0 0 0 0 0 0 0 0 
13 1 2 2 1 3 2 2 3 2 3 2 3 2 
3 2 2 1 0 0 0 0 0 0 0 0 0 0 
2 2 2 0 0 0 0 0 0 0 0 0 0 0 
12 2 2 1 3 2 2 1 3 3 3 3 3 0 
10 2 2 3 2 3 2 2 3 2 3 0 0 0 
8 2 2 2 3 2 2 2 3 0 0 0 0 0 
12 1 2 2 2 3 2 2 3 2 1 3 3 0 
12 1 2 1 3 2 1 3 2 1 3 2 3 0 
3 768 0 0 0 0 0 0 0 0 0 0 0 0
7x14
3 3 3 3 0 0 0 0 0 0 0 0 0 0 
13 1 2 2 1 3 2 2 3 2 3 2 3 2 
3 2 2 1 0 0 0 0 0 0 0 0 0 0 
10 2 2 3 2 2 3 2 3 2 3 0 0 0 
2 2 2 0 0 0 0 0 0 0 0 0 0 0 
12 1 2 1 3 2 1 3 2 1 3 2 3 0 
16 144 0 0 0 0 0 0 0 0 0 0 0 0
