#7
3x3
2 1 3 
2 1 2 
1 4 0
3x3
2 1 3 
1 1 0 
1 4 0
3x3
2 1 3 
1 2 0 
1 4 0
3x3
2 1 2 
1 1 0 
1 4 0
3x3
1 3 0 
2 1 2 
1 4 0
3x3
2 2 3 
1 1 0 
1 4 0
3x2
1 3 
1 2 
1 4
#3 1 1 0
0 3 min.20 1 1 0
2 3 min.21 1 1 0
6 1 min.22 1 1 0
#5 1 1 1
0 2 min.20 1 1 4
1 1 min.20 1 1 1
2 2 min.21 1 1 1
4 1 min.21 1 1 0
6 1 min.22 1 1 0
#5 1 1 11
0 1 min.20 1 1 13
1 2 min.20 1 1 5
2 2 min.21 1 1 5
5 1 min.21 1 1 5
6 1 min.22 1 1 0
#5 1 1 112
0 2 min.20 1 1 21
1 1 min.20 1 1 0
2 2 min.21 1 1 24
4 1 min.21 1 1 5
6 1 min.22 1 1 7
#5 1 1 113
0 2 min.20 1 1 28
1 1 min.20 1 1 1
2 2 min.21 1 1 25
4 1 min.21 1 1 5
6 1 min.22 1 1 7
#7 1 1 114
0 1 min.20 1 1 16
1 1 min.20 1 1 4
2 1 min.21 1 1 24
3 1 min.20 1 1 22
4 1 min.21 1 1 5
5 1 min.21 1 1 25
6 1 min.22 1 1 7
#7 1 1 115
0 1 min.20 1 1 20
1 1 min.20 1 1 5
2 1 min.21 1 1 25
3 1 min.20 1 1 30
4 1 min.21 1 1 5
5 1 min.21 1 1 25
6 1 min.22 1 1 7
#5 1 1 118
0 2 min.20 1 1 18
1 1 min.20 1 1 12
2 2 min.21 1 1 25
4 1 min.21 1 1 4
6 1 min.22 1 1 7
#5 1 1 119
0 2 min.20 1 1 22
1 1 min.20 1 1 13
2 2 min.21 1 1 25
4 1 min.21 1 1 4
6 1 min.22 1 1 7
#5 1 1 120
0 2 min.20 1 1 22
1 1 min.20 1 1 1
2 2 min.21 1 1 28
4 1 min.21 1 1 1
6 1 min.22 1 1 7
#5 1 1 121
0 2 min.20 1 1 30
1 1 min.20 1 1 1
2 2 min.21 1 1 29
4 1 min.21 1 1 1
6 1 min.22 1 1 7
#7 1 1 122
0 1 min.20 1 1 18
1 1 min.20 1 1 5
2 1 min.21 1 1 28
3 1 min.20 1 1 20
4 1 min.21 1 1 1
5 1 min.21 1 1 29
6 1 min.22 1 1 7
#7 1 1 123
0 1 min.20 1 1 22
1 1 min.20 1 1 5
2 1 min.21 1 1 29
3 1 min.20 1 1 28
4 1 min.21 1 1 1
5 1 min.21 1 1 29
6 1 min.22 1 1 7
#5 1 1 126
0 2 min.20 1 1 16
1 1 min.20 1 1 13
2 2 min.21 1 1 29
4 1 min.21 1 1 0
6 1 min.22 1 1 7
#5 1 1 127
0 2 min.20 1 1 21
1 1 min.20 1 1 13
2 2 min.21 1 1 29
4 1 min.21 1 1 0
6 1 min.22 1 1 7
#3 1 1 15
0 3 min.20 1 1 13
2 3 min.21 1 1 5
6 1 min.22 1 1 0
#7 1 1 16
0 1 min.20 1 1 4
1 1 min.20 1 1 0
2 1 min.21 1 1 16
3 1 min.20 1 1 16
4 1 min.21 1 1 1
5 1 min.21 1 1 0
6 1 min.22 1 1 1
#7 1 1 17
0 1 min.20 1 1 12
1 1 min.20 1 1 1
2 1 min.21 1 1 17
3 1 min.20 1 1 20
4 1 min.21 1 1 1
5 1 min.21 1 1 1
6 1 min.22 1 1 1
#7 1 1 176
0 1 min.20 1 1 28
1 1 min.20 1 1 16
2 1 min.21 1 1 17
3 1 min.20 1 1 21
4 1 min.21 1 1 17
5 1 min.21 1 1 16
6 1 min.22 1 1 11
#3 1 1 178
0 3 min.20 1 1 20
2 3 min.21 1 1 17
6 1 min.22 1 1 11
#7 1 1 184
0 1 min.20 1 1 30
1 1 min.20 1 1 18
2 1 min.21 1 1 21
3 1 min.20 1 1 22
4 1 min.21 1 1 21
5 1 min.21 1 1 20
6 1 min.22 1 1 11
#3 1 1 186
0 3 min.20 1 1 22
2 3 min.21 1 1 21
6 1 min.22 1 1 11
#7 1 1 19
0 1 min.20 1 1 4
1 1 min.20 1 1 5
2 1 min.21 1 1 17
3 1 min.20 1 1 21
4 1 min.21 1 1 0
5 1 min.21 1 1 1
6 1 min.22 1 1 1
#7 1 1 192
0 1 min.20 1 1 20
1 1 min.20 1 1 16
2 1 min.21 1 1 9
3 1 min.20 1 1 16
4 1 min.21 1 1 20
5 1 min.21 1 1 8
6 1 min.22 1 1 12
#7 1 1 194
0 1 min.20 1 1 28
1 1 min.20 1 1 20
2 1 min.21 1 1 9
3 1 min.20 1 1 18
4 1 min.21 1 1 21
5 1 min.21 1 1 9
6 1 min.22 1 1 12
#7 1 1 195
0 1 min.20 1 1 21
1 1 min.20 1 1 21
2 1 min.21 1 1 8
3 1 min.20 1 1 22
4 1 min.21 1 1 21
5 1 min.21 1 1 9
6 1 min.22 1 1 12
#7 1 1 198
0 1 min.20 1 1 30
1 1 min.20 1 1 28
2 1 min.21 1 1 9
3 1 min.20 1 1 22
4 1 min.21 1 1 21
5 1 min.21 1 1 9
6 1 min.22 1 1 12
#7 1 1 200
0 1 min.20 1 1 21
1 1 min.20 1 1 18
2 1 min.21 1 1 13
3 1 min.20 1 1 16
4 1 min.21 1 1 16
5 1 min.21 1 1 12
6 1 min.22 1 1 12
#7 1 1 202
0 1 min.20 1 1 28
1 1 min.20 1 1 22
2 1 min.21 1 1 13
3 1 min.20 1 1 18
4 1 min.21 1 1 17
5 1 min.21 1 1 13
6 1 min.22 1 1 12
#7 1 1 203
0 1 min.20 1 1 20
1 1 min.20 1 1 22
2 1 min.21 1 1 12
3 1 min.20 1 1 22
4 1 min.21 1 1 17
5 1 min.21 1 1 13
6 1 min.22 1 1 12
#7 1 1 206
0 1 min.20 1 1 30
1 1 min.20 1 1 30
2 1 min.21 1 1 13
3 1 min.20 1 1 22
4 1 min.21 1 1 17
5 1 min.21 1 1 13
6 1 min.22 1 1 12
#7 1 1 208
0 1 min.20 1 1 28
1 1 min.20 1 1 16
2 1 min.21 1 1 25
3 1 min.20 1 1 16
4 1 min.21 1 1 21
5 1 min.21 1 1 8
6 1 min.22 1 1 13
#7 1 1 209
0 1 min.20 1 1 21
1 1 min.20 1 1 16
2 1 min.21 1 1 24
3 1 min.20 1 1 20
4 1 min.21 1 1 21
5 1 min.21 1 1 9
6 1 min.22 1 1 13
#7 1 1 21
0 1 min.20 1 1 13
1 1 min.20 1 1 5
2 1 min.21 1 1 17
3 1 min.20 1 1 28
4 1 min.21 1 1 1
5 1 min.21 1 1 1
6 1 min.22 1 1 1
#7 1 1 210
0 1 min.20 1 1 20
1 1 min.20 1 1 20
2 1 min.21 1 1 25
3 1 min.20 1 1 18
4 1 min.21 1 1 20
5 1 min.21 1 1 9
6 1 min.22 1 1 13
#7 1 1 211
0 1 min.20 1 1 16
1 1 min.20 1 1 21
2 1 min.21 1 1 24
3 1 min.20 1 1 22
4 1 min.21 1 1 20
5 1 min.21 1 1 9
6 1 min.22 1 1 13
#7 1 1 212
0 1 min.20 1 1 30
1 1 min.20 1 1 21
2 1 min.21 1 1 25
3 1 min.20 1 1 21
4 1 min.21 1 1 21
5 1 min.21 1 1 8
6 1 min.22 1 1 13
#7 1 1 213
0 1 min.20 1 1 22
1 1 min.20 1 1 20
2 1 min.21 1 1 25
3 1 min.20 1 1 28
4 1 min.21 1 1 21
5 1 min.21 1 1 9
6 1 min.22 1 1 13
#7 1 1 214
0 1 min.20 1 1 22
1 1 min.20 1 1 28
2 1 min.21 1 1 25
3 1 min.20 1 1 22
4 1 min.21 1 1 21
5 1 min.21 1 1 9
6 1 min.22 1 1 13
#7 1 1 215
0 1 min.20 1 1 18
1 1 min.20 1 1 28
2 1 min.21 1 1 25
3 1 min.20 1 1 30
4 1 min.21 1 1 21
5 1 min.21 1 1 9
6 1 min.22 1 1 13
#7 1 1 216
0 1 min.20 1 1 28
1 1 min.20 1 1 18
2 1 min.21 1 1 29
3 1 min.20 1 1 18
4 1 min.21 1 1 17
5 1 min.21 1 1 12
6 1 min.22 1 1 13
#7 1 1 217
0 1 min.20 1 1 20
1 1 min.20 1 1 18
2 1 min.21 1 1 28
3 1 min.20 1 1 22
4 1 min.21 1 1 17
5 1 min.21 1 1 13
6 1 min.22 1 1 13
#7 1 1 218
0 1 min.20 1 1 21
1 1 min.20 1 1 22
2 1 min.21 1 1 29
3 1 min.20 1 1 16
4 1 min.21 1 1 16
5 1 min.21 1 1 13
6 1 min.22 1 1 13
#7 1 1 219
0 1 min.20 1 1 16
1 1 min.20 1 1 22
2 1 min.21 1 1 28
3 1 min.20 1 1 21
4 1 min.21 1 1 16
5 1 min.21 1 1 13
6 1 min.22 1 1 13
#7 1 1 220
0 1 min.20 1 1 30
1 1 min.20 1 1 22
2 1 min.21 1 1 29
3 1 min.20 1 1 22
4 1 min.21 1 1 17
5 1 min.21 1 1 12
6 1 min.22 1 1 13
#7 1 1 221
0 1 min.20 1 1 22
1 1 min.20 1 1 22
2 1 min.21 1 1 29
3 1 min.20 1 1 30
4 1 min.21 1 1 17
5 1 min.21 1 1 13
6 1 min.22 1 1 13
#7 1 1 222
0 1 min.20 1 1 22
1 1 min.20 1 1 30
2 1 min.21 1 1 29
3 1 min.20 1 1 20
4 1 min.21 1 1 17
5 1 min.21 1 1 13
6 1 min.22 1 1 13
#7 1 1 223
0 1 min.20 1 1 18
1 1 min.20 1 1 30
2 1 min.21 1 1 29
3 1 min.20 1 1 28
4 1 min.21 1 1 17
5 1 min.21 1 1 13
6 1 min.22 1 1 13
#7 1 1 24
0 1 min.20 1 1 5
1 1 min.20 1 1 1
2 1 min.21 1 1 20
3 1 min.20 1 1 18
4 1 min.21 1 1 5
5 1 min.21 1 1 4
6 1 min.22 1 1 1
#7 1 1 240
0 1 min.20 1 1 28
1 1 min.20 1 1 16
2 1 min.21 1 1 25
3 1 min.20 1 1 21
4 1 min.21 1 1 21
5 1 min.21 1 1 24
6 1 min.22 1 1 15
#7 1 1 242
0 1 min.20 1 1 20
1 1 min.20 1 1 20
2 1 min.21 1 1 25
3 1 min.20 1 1 22
4 1 min.21 1 1 21
5 1 min.21 1 1 25
6 1 min.22 1 1 15
#7 1 1 243
0 1 min.20 1 1 16
1 1 min.20 1 1 21
2 1 min.21 1 1 24
3 1 min.20 1 1 30
4 1 min.21 1 1 21
5 1 min.21 1 1 25
6 1 min.22 1 1 15
#7 1 1 246
0 1 min.20 1 1 22
1 1 min.20 1 1 28
2 1 min.21 1 1 25
3 1 min.20 1 1 18
4 1 min.21 1 1 20
5 1 min.21 1 1 25
6 1 min.22 1 1 15
#7 1 1 248
0 1 min.20 1 1 30
1 1 min.20 1 1 18
2 1 min.21 1 1 29
3 1 min.20 1 1 22
4 1 min.21 1 1 17
5 1 min.21 1 1 28
6 1 min.22 1 1 15
#7 1 1 25
0 1 min.20 1 1 13
1 1 min.20 1 1 1
2 1 min.21 1 1 21
3 1 min.20 1 1 22
4 1 min.21 1 1 5
5 1 min.21 1 1 5
6 1 min.22 1 1 1
#7 1 1 250
0 1 min.20 1 1 22
1 1 min.20 1 1 22
2 1 min.21 1 1 29
3 1 min.20 1 1 20
4 1 min.21 1 1 17
5 1 min.21 1 1 29
6 1 min.22 1 1 15
#7 1 1 251
0 1 min.20 1 1 18
1 1 min.20 1 1 22
2 1 min.21 1 1 28
3 1 min.20 1 1 28
4 1 min.21 1 1 17
5 1 min.21 1 1 29
6 1 min.22 1 1 15
#7 1 1 254
0 1 min.20 1 1 21
1 1 min.20 1 1 30
2 1 min.21 1 1 29
3 1 min.20 1 1 16
4 1 min.21 1 1 16
5 1 min.21 1 1 29
6 1 min.22 1 1 15
#7 1 1 27
0 1 min.20 1 1 5
1 1 min.20 1 1 5
2 1 min.21 1 1 21
3 1 min.20 1 1 22
4 1 min.21 1 1 4
5 1 min.21 1 1 5
6 1 min.22 1 1 1
#7 1 1 29
0 1 min.20 1 1 13
1 1 min.20 1 1 5
2 1 min.21 1 1 21
3 1 min.20 1 1 30
4 1 min.21 1 1 5
5 1 min.21 1 1 5
6 1 min.22 1 1 1
#5 1 1 3
0 1 min.20 1 1 12
1 2 min.20 1 1 5
2 2 min.21 1 1 1
5 1 min.21 1 1 1
6 1 min.22 1 1 0
#5 1 1 48
0 2 min.20 1 1 21
1 1 min.20 1 1 0
2 2 min.21 1 1 16
4 1 min.21 1 1 1
6 1 min.22 1 1 3
#5 1 1 49
0 2 min.20 1 1 28
1 1 min.20 1 1 1
2 2 min.21 1 1 17
4 1 min.21 1 1 1
6 1 min.22 1 1 3
#7 1 1 50
0 1 min.20 1 1 16
1 1 min.20 1 1 4
2 1 min.21 1 1 16
3 1 min.20 1 1 20
4 1 min.21 1 1 1
5 1 min.21 1 1 17
6 1 min.22 1 1 3
#7 1 1 51
0 1 min.20 1 1 20
1 1 min.20 1 1 5
2 1 min.21 1 1 17
3 1 min.20 1 1 28
4 1 min.21 1 1 1
5 1 min.21 1 1 17
6 1 min.22 1 1 3
#5 1 1 54
0 2 min.20 1 1 16
1 1 min.20 1 1 12
2 2 min.21 1 1 17
4 1 min.21 1 1 0
6 1 min.22 1 1 3
#5 1 1 55
0 2 min.20 1 1 21
1 1 min.20 1 1 13
2 2 min.21 1 1 17
4 1 min.21 1 1 0
6 1 min.22 1 1 3
#5 1 1 56
0 2 min.20 1 1 22
1 1 min.20 1 1 1
2 2 min.21 1 1 20
4 1 min.21 1 1 5
6 1 min.22 1 1 3
#5 1 1 57
0 2 min.20 1 1 30
1 1 min.20 1 1 1
2 2 min.21 1 1 21
4 1 min.21 1 1 5
6 1 min.22 1 1 3
#7 1 1 58
0 1 min.20 1 1 18
1 1 min.20 1 1 5
2 1 min.21 1 1 20
3 1 min.20 1 1 22
4 1 min.21 1 1 5
5 1 min.21 1 1 21
6 1 min.22 1 1 3
#7 1 1 59
0 1 min.20 1 1 22
1 1 min.20 1 1 5
2 1 min.21 1 1 21
3 1 min.20 1 1 30
4 1 min.21 1 1 5
5 1 min.21 1 1 21
6 1 min.22 1 1 3
#5 1 1 62
0 2 min.20 1 1 18
1 1 min.20 1 1 13
2 2 min.21 1 1 21
4 1 min.21 1 1 4
6 1 min.22 1 1 3
#5 1 1 63
0 2 min.20 1 1 22
1 1 min.20 1 1 13
2 2 min.21 1 1 21
4 1 min.21 1 1 4
6 1 min.22 1 1 3
#5 1 1 64
0 2 min.20 1 1 16
1 1 min.20 1 1 0
2 2 min.21 1 1 8
4 1 min.21 1 1 4
6 1 min.22 1 1 4
#5 1 1 65
0 2 min.20 1 1 20
1 1 min.20 1 1 1
2 2 min.21 1 1 9
4 1 min.21 1 1 4
6 1 min.22 1 1 4
#7 1 1 66
0 1 min.20 1 1 21
1 1 min.20 1 1 4
2 1 min.21 1 1 8
3 1 min.20 1 1 18
4 1 min.21 1 1 5
5 1 min.21 1 1 9
6 1 min.22 1 1 4
#7 1 1 67
0 1 min.20 1 1 28
1 1 min.20 1 1 5
2 1 min.21 1 1 9
3 1 min.20 1 1 22
4 1 min.21 1 1 5
5 1 min.21 1 1 9
6 1 min.22 1 1 4
#3 1 1 7
0 3 min.20 1 1 13
2 3 min.21 1 1 1
6 1 min.22 1 1 0
#5 1 1 70
0 2 min.20 1 1 22
1 1 min.20 1 1 12
2 2 min.21 1 1 9
4 1 min.21 1 1 5
6 1 min.22 1 1 4
#5 1 1 71
0 2 min.20 1 1 30
1 1 min.20 1 1 13
2 2 min.21 1 1 9
4 1 min.21 1 1 5
6 1 min.22 1 1 4
#5 1 1 72
0 2 min.20 1 1 16
1 1 min.20 1 1 1
2 2 min.21 1 1 12
4 1 min.21 1 1 0
6 1 min.22 1 1 4
#5 1 1 73
0 2 min.20 1 1 21
1 1 min.20 1 1 1
2 2 min.21 1 1 13
4 1 min.21 1 1 0
6 1 min.22 1 1 4
#7 1 1 74
0 1 min.20 1 1 20
1 1 min.20 1 1 5
2 1 min.21 1 1 12
3 1 min.20 1 1 18
4 1 min.21 1 1 1
5 1 min.21 1 1 13
6 1 min.22 1 1 4
#7 1 1 75
0 1 min.20 1 1 28
1 1 min.20 1 1 5
2 1 min.21 1 1 13
3 1 min.20 1 1 22
4 1 min.21 1 1 1
5 1 min.21 1 1 13
6 1 min.22 1 1 4
#5 1 1 78
0 2 min.20 1 1 22
1 1 min.20 1 1 13
2 2 min.21 1 1 13
4 1 min.21 1 1 1
6 1 min.22 1 1 4
#5 1 1 79
0 2 min.20 1 1 30
1 1 min.20 1 1 13
2 2 min.21 1 1 13
4 1 min.21 1 1 1
6 1 min.22 1 1 4
#3 1 1 8
0 3 min.20 1 1 1
2 3 min.21 1 1 4
6 1 min.22 1 1 0
#7 1 1 80
0 1 min.20 1 1 21
1 1 min.20 1 1 0
2 1 min.21 1 1 24
3 1 min.20 1 1 16
4 1 min.21 1 1 5
5 1 min.21 1 1 8
6 1 min.22 1 1 5
#7 1 1 81
0 1 min.20 1 1 28
1 1 min.20 1 1 1
2 1 min.21 1 1 25
3 1 min.20 1 1 20
4 1 min.21 1 1 5
5 1 min.21 1 1 9
6 1 min.22 1 1 5
#7 1 1 82
0 1 min.20 1 1 16
1 1 min.20 1 1 4
2 1 min.21 1 1 24
3 1 min.20 1 1 18
4 1 min.21 1 1 4
5 1 min.21 1 1 9
6 1 min.22 1 1 5
#7 1 1 83
0 1 min.20 1 1 20
1 1 min.20 1 1 5
2 1 min.21 1 1 25
3 1 min.20 1 1 22
4 1 min.21 1 1 4
5 1 min.21 1 1 9
6 1 min.22 1 1 5
#7 1 1 84
0 1 min.20 1 1 22
1 1 min.20 1 1 4
2 1 min.21 1 1 25
3 1 min.20 1 1 21
4 1 min.21 1 1 5
5 1 min.21 1 1 8
6 1 min.22 1 1 5
#7 1 1 85
0 1 min.20 1 1 30
1 1 min.20 1 1 5
2 1 min.21 1 1 25
3 1 min.20 1 1 28
4 1 min.21 1 1 5
5 1 min.21 1 1 9
6 1 min.22 1 1 5
#7 1 1 86
0 1 min.20 1 1 18
1 1 min.20 1 1 12
2 1 min.21 1 1 25
3 1 min.20 1 1 22
4 1 min.21 1 1 5
5 1 min.21 1 1 9
6 1 min.22 1 1 5
#7 1 1 87
0 1 min.20 1 1 22
1 1 min.20 1 1 13
2 1 min.21 1 1 25
3 1 min.20 1 1 30
4 1 min.21 1 1 5
5 1 min.21 1 1 9
6 1 min.22 1 1 5
#7 1 1 88
0 1 min.20 1 1 20
1 1 min.20 1 1 1
2 1 min.21 1 1 28
3 1 min.20 1 1 18
4 1 min.21 1 1 1
5 1 min.21 1 1 12
6 1 min.22 1 1 5
#7 1 1 89
0 1 min.20 1 1 28
1 1 min.20 1 1 1
2 1 min.21 1 1 29
3 1 min.20 1 1 22
4 1 min.21 1 1 1
5 1 min.21 1 1 13
6 1 min.22 1 1 5
#5 1 1 9
0 2 min.20 1 1 5
1 1 min.20 1 1 1
2 2 min.21 1 1 5
4 1 min.21 1 1 4
6 1 min.22 1 1 0
#7 1 1 90
0 1 min.20 1 1 16
1 1 min.20 1 1 5
2 1 min.21 1 1 28
3 1 min.20 1 1 16
4 1 min.21 1 1 0
5 1 min.21 1 1 13
6 1 min.22 1 1 5
#7 1 1 91
0 1 min.20 1 1 21
1 1 min.20 1 1 5
2 1 min.21 1 1 29
3 1 min.20 1 1 21
4 1 min.21 1 1 0
5 1 min.21 1 1 13
6 1 min.22 1 1 5
#7 1 1 92
0 1 min.20 1 1 22
1 1 min.20 1 1 5
2 1 min.21 1 1 29
3 1 min.20 1 1 22
4 1 min.21 1 1 1
5 1 min.21 1 1 12
6 1 min.22 1 1 5
#7 1 1 93
0 1 min.20 1 1 30
1 1 min.20 1 1 5
2 1 min.21 1 1 29
3 1 min.20 1 1 30
4 1 min.21 1 1 1
5 1 min.21 1 1 13
6 1 min.22 1 1 5
#7 1 1 94
0 1 min.20 1 1 18
1 1 min.20 1 1 13
2 1 min.21 1 1 29
3 1 min.20 1 1 20
4 1 min.21 1 1 1
5 1 min.21 1 1 13
6 1 min.22 1 1 5
#7 1 1 95
0 1 min.20 1 1 22
1 1 min.20 1 1 13
2 1 min.21 1 1 29
3 1 min.20 1 1 28
4 1 min.21 1 1 1
5 1 min.21 1 1 13
6 1 min.22 1 1 5
#5 1 10 0
0 1 min.20 1 5 0
1 2 min.20 1 6 0
2 2 min.21 1 7 0
5 1 min.21 1 5 0
6 1 min.22 1 10 0
#7 1 10 1
0 1 min.20 1 5 1
1 1 min.20 1 6 1
2 1 min.21 1 7 0
3 1 min.20 1 6 3
4 1 min.21 1 7 1
5 1 min.21 1 5 1
6 1 min.22 1 10 0
#5 1 10 2
0 1 min.20 1 5 3
1 2 min.20 1 6 1
2 2 min.21 1 7 1
5 1 min.21 1 5 0
6 1 min.22 1 10 0
#7 1 10 4
0 1 min.20 1 5 1
1 1 min.20 1 6 0
2 1 min.21 1 7 0
3 1 min.20 1 6 1
4 1 min.21 1 7 1
5 1 min.21 1 5 0
6 1 min.22 1 10 1
#5 1 10 5
0 1 min.20 1 5 0
1 2 min.20 1 6 1
2 2 min.21 1 7 0
5 1 min.21 1 5 1
6 1 min.22 1 10 1
#5 1 10 7
0 1 min.20 1 5 3
1 2 min.20 1 6 3
2 2 min.21 1 7 1
5 1 min.21 1 5 1
6 1 min.22 1 10 1
#5 1 11 0
0 2 min.20 1 6 0
1 1 min.20 1 4 0
2 2 min.21 1 7 0
4 1 min.21 1 6 0
6 1 min.22 1 11 0
#5 1 11 1
0 2 min.20 1 6 3
1 1 min.20 1 4 4
2 2 min.21 1 7 1
4 1 min.21 1 6 1
6 1 min.22 1 11 0
#5 1 11 2
0 2 min.20 1 6 1
1 1 min.20 1 4 0
2 2 min.21 1 7 0
4 1 min.21 1 6 1
6 1 min.22 1 11 0
#5 1 11 3
0 2 min.20 1 6 1
1 1 min.20 1 4 4
2 2 min.21 1 7 1
4 1 min.21 1 6 0
6 1 min.22 1 11 0
#7 1 11 4
0 1 min.20 1 6 1
1 1 min.20 1 4 2
2 1 min.21 1 7 1
3 1 min.20 1 6 0
4 1 min.21 1 6 4
5 1 min.21 1 7 0
6 1 min.22 1 11 1
#7 1 11 5
0 1 min.20 1 6 1
1 1 min.20 1 4 2
2 1 min.21 1 7 0
3 1 min.20 1 6 3
4 1 min.21 1 6 5
5 1 min.21 1 7 1
6 1 min.22 1 11 1
#3 1 12 0
0 3 min.20 1 5 0
2 3 min.21 1 6 0
6 1 min.22 1 12 0
#3 1 12 1
0 3 min.20 1 5 8
2 3 min.21 1 6 1
6 1 min.22 1 12 0
#7 1 12 10
0 1 min.20 1 5 4
1 1 min.20 1 5 1
2 1 min.21 1 6 0
3 1 min.20 1 5 9
4 1 min.21 1 6 1
5 1 min.21 1 6 6
6 1 min.22 1 12 1
#5 1 12 12
0 2 min.20 1 5 4
1 1 min.20 1 5 0
2 2 min.21 1 6 4
4 1 min.21 1 6 1
6 1 min.22 1 12 3
#5 1 12 13
0 2 min.20 1 5 4
1 1 min.20 1 5 8
2 2 min.21 1 6 5
4 1 min.21 1 6 0
6 1 min.22 1 12 3
#7 1 12 14
0 1 min.20 1 5 4
1 1 min.20 1 5 1
2 1 min.21 1 6 4
3 1 min.20 1 5 5
4 1 min.21 1 6 2
5 1 min.21 1 6 6
6 1 min.22 1 12 3
#7 1 12 15
0 1 min.20 1 5 5
1 1 min.20 1 5 9
2 1 min.21 1 6 5
3 1 min.20 1 5 5
4 1 min.21 1 6 2
5 1 min.21 1 6 6
6 1 min.22 1 12 3
#5 1 12 2
0 2 min.20 1 5 1
2 1 min.21 1 6 0
3 1 min.20 1 5 8
4 2 min.21 1 6 2
6 1 min.22 1 12 0
#7 1 12 22
0 1 min.20 1 5 8
1 1 min.20 1 5 3
2 1 min.21 1 6 6
3 1 min.20 1 5 5
4 1 min.21 1 6 2
5 1 min.21 1 6 2
6 1 min.22 1 12 1
#5 1 12 3
0 2 min.20 1 5 9
2 1 min.21 1 6 1
3 1 min.20 1 5 3
4 2 min.21 1 6 2
6 1 min.22 1 12 0
#5 1 12 30
0 2 min.20 1 5 4
1 1 min.20 1 5 3
2 2 min.21 1 6 6
4 1 min.21 1 6 0
6 1 min.22 1 12 3
#5 1 12 31
0 2 min.20 1 5 5
1 1 min.20 1 5 8
2 2 min.21 1 6 6
4 1 min.21 1 6 1
6 1 min.22 1 12 3
#7 1 12 36
0 1 min.20 1 5 5
1 1 min.20 1 5 4
2 1 min.21 1 6 5
3 1 min.20 1 5 4
4 1 min.21 1 6 6
5 1 min.21 1 6 4
6 1 min.22 1 12 6
#7 1 12 4
0 1 min.20 1 5 1
1 1 min.20 1 5 0
2 1 min.21 1 6 4
3 1 min.20 1 5 4
4 1 min.21 1 6 2
5 1 min.21 1 6 0
6 1 min.22 1 12 1
#7 1 12 5
0 1 min.20 1 5 9
1 1 min.20 1 5 8
2 1 min.21 1 6 5
3 1 min.20 1 5 5
4 1 min.21 1 6 2
5 1 min.21 1 6 1
6 1 min.22 1 12 1
#3 1 12 54
0 3 min.20 1 5 5
2 3 min.21 1 6 6
6 1 min.22 1 12 6
#5 1 2 0
0 1 min.20 1 3 0
1 2 min.20 1 2 0
2 2 min.21 1 3 0
5 1 min.21 1 1 0
6 1 min.22 1 2 0
#5 1 2 1
0 1 min.20 1 3 0
1 2 min.20 1 2 2
2 2 min.21 1 3 0
5 1 min.21 1 1 1
6 1 min.22 1 2 0
#7 1 2 10
0 1 min.20 1 3 6
1 1 min.20 1 2 1
2 1 min.21 1 3 4
3 1 min.20 1 2 9
4 1 min.21 1 3 5
5 1 min.21 1 1 20
6 1 min.22 1 2 1
#7 1 2 11
0 1 min.20 1 3 6
1 1 min.20 1 2 1
2 1 min.21 1 3 4
3 1 min.20 1 2 9
4 1 min.21 1 3 5
5 1 min.21 1 1 21
6 1 min.22 1 2 1
#7 1 2 12
0 1 min.20 1 3 4
1 1 min.20 1 2 1
2 1 min.21 1 3 6
3 1 min.20 1 2 5
4 1 min.21 1 3 0
5 1 min.21 1 1 12
6 1 min.22 1 2 2
#7 1 2 13
0 1 min.20 1 3 4
1 1 min.20 1 2 1
2 1 min.21 1 3 6
3 1 min.20 1 2 5
4 1 min.21 1 3 0
5 1 min.21 1 1 13
6 1 min.22 1 2 2
#7 1 2 14
0 1 min.20 1 3 6
1 1 min.20 1 2 1
2 1 min.21 1 3 6
3 1 min.20 1 2 13
4 1 min.21 1 3 1
5 1 min.21 1 1 28
6 1 min.22 1 2 3
#7 1 2 15
0 1 min.20 1 3 6
1 1 min.20 1 2 1
2 1 min.21 1 3 6
3 1 min.20 1 2 13
4 1 min.21 1 3 1
5 1 min.21 1 1 29
6 1 min.22 1 2 3
#7 1 2 18
0 1 min.20 1 3 6
1 1 min.20 1 2 4
2 1 min.21 1 3 4
3 1 min.20 1 2 8
4 1 min.21 1 3 3
5 1 min.21 1 1 24
6 1 min.22 1 2 3
#7 1 2 19
0 1 min.20 1 3 6
1 1 min.20 1 2 6
2 1 min.21 1 3 4
3 1 min.20 1 2 10
4 1 min.21 1 3 3
5 1 min.21 1 1 25
6 1 min.22 1 2 3
#7 1 2 2
0 1 min.20 1 3 4
1 1 min.20 1 2 0
2 1 min.21 1 3 0
3 1 min.20 1 2 8
4 1 min.21 1 3 1
5 1 min.21 1 1 16
6 1 min.22 1 2 1
#5 1 2 20
0 1 min.20 1 3 1
1 2 min.20 1 2 4
2 2 min.21 1 3 6
5 1 min.21 1 1 0
6 1 min.22 1 2 6
#5 1 2 21
0 1 min.20 1 3 1
1 2 min.20 1 2 6
2 2 min.21 1 3 6
5 1 min.21 1 1 1
6 1 min.22 1 2 6
#7 1 2 22
0 1 min.20 1 3 6
1 1 min.20 1 2 4
2 1 min.21 1 3 6
3 1 min.20 1 2 12
4 1 min.21 1 3 7
5 1 min.21 1 1 16
6 1 min.22 1 2 7
#7 1 2 23
0 1 min.20 1 3 6
1 1 min.20 1 2 6
2 1 min.21 1 3 6
3 1 min.20 1 2 14
4 1 min.21 1 3 7
5 1 min.21 1 1 17
6 1 min.22 1 2 7
#7 1 2 26
0 1 min.20 1 3 4
1 1 min.20 1 2 5
2 1 min.21 1 3 0
3 1 min.20 1 2 9
4 1 min.21 1 3 7
5 1 min.21 1 1 28
6 1 min.22 1 2 3
#7 1 2 27
0 1 min.20 1 3 4
1 1 min.20 1 2 5
2 1 min.21 1 3 0
3 1 min.20 1 2 9
4 1 min.21 1 3 7
5 1 min.21 1 1 29
6 1 min.22 1 2 3
#5 1 2 28
0 1 min.20 1 3 0
1 2 min.20 1 2 5
2 2 min.21 1 3 2
5 1 min.21 1 1 4
6 1 min.22 1 2 6
#5 1 2 29
0 1 min.20 1 3 0
1 2 min.20 1 2 5
2 2 min.21 1 3 2
5 1 min.21 1 1 5
6 1 min.22 1 2 6
#7 1 2 3
0 1 min.20 1 3 4
1 1 min.20 1 2 2
2 1 min.21 1 3 0
3 1 min.20 1 2 10
4 1 min.21 1 3 1
5 1 min.21 1 1 17
6 1 min.22 1 2 1
#7 1 2 30
0 1 min.20 1 3 4
1 1 min.20 1 2 5
2 1 min.21 1 3 2
3 1 min.20 1 2 13
4 1 min.21 1 3 3
5 1 min.21 1 1 20
6 1 min.22 1 2 7
#7 1 2 31
0 1 min.20 1 3 4
1 1 min.20 1 2 5
2 1 min.21 1 3 2
3 1 min.20 1 2 13
4 1 min.21 1 3 3
5 1 min.21 1 1 21
6 1 min.22 1 2 7
#5 1 2 32
0 1 min.20 1 3 1
1 2 min.20 1 2 8
2 2 min.21 1 3 1
5 1 min.21 1 1 0
6 1 min.22 1 2 0
#5 1 2 33
0 1 min.20 1 3 1
1 2 min.20 1 2 10
2 2 min.21 1 3 1
5 1 min.21 1 1 1
6 1 min.22 1 2 0
#7 1 2 36
0 1 min.20 1 3 6
1 1 min.20 1 2 8
2 1 min.21 1 3 3
3 1 min.20 1 2 12
4 1 min.21 1 3 5
5 1 min.21 1 1 8
6 1 min.22 1 2 2
#7 1 2 37
0 1 min.20 1 3 6
1 1 min.20 1 2 10
2 1 min.21 1 3 3
3 1 min.20 1 2 14
4 1 min.21 1 3 5
5 1 min.21 1 1 9
6 1 min.22 1 2 2
#7 1 2 4
0 1 min.20 1 3 4
1 1 min.20 1 2 0
2 1 min.21 1 3 2
3 1 min.20 1 2 4
4 1 min.21 1 3 4
5 1 min.21 1 1 8
6 1 min.22 1 2 2
#5 1 2 40
0 1 min.20 1 3 1
1 2 min.20 1 2 9
2 2 min.21 1 3 5
5 1 min.21 1 1 4
6 1 min.22 1 2 0
#5 1 2 41
0 1 min.20 1 3 1
1 2 min.20 1 2 9
2 2 min.21 1 3 5
5 1 min.21 1 1 5
6 1 min.22 1 2 0
#7 1 2 44
0 1 min.20 1 3 6
1 1 min.20 1 2 9
2 1 min.21 1 3 7
3 1 min.20 1 2 13
4 1 min.21 1 3 1
5 1 min.21 1 1 12
6 1 min.22 1 2 2
#7 1 2 45
0 1 min.20 1 3 6
1 1 min.20 1 2 9
2 1 min.21 1 3 7
3 1 min.20 1 2 13
4 1 min.21 1 3 1
5 1 min.21 1 1 13
6 1 min.22 1 2 2
#7 1 2 5
0 1 min.20 1 3 4
1 1 min.20 1 2 2
2 1 min.21 1 3 2
3 1 min.20 1 2 6
4 1 min.21 1 3 4
5 1 min.21 1 1 9
6 1 min.22 1 2 2
#5 1 2 52
0 1 min.20 1 3 1
1 2 min.20 1 2 12
2 2 min.21 1 3 7
5 1 min.21 1 1 0
6 1 min.22 1 2 6
#5 1 2 53
0 1 min.20 1 3 1
1 2 min.20 1 2 14
2 2 min.21 1 3 7
5 1 min.21 1 1 1
6 1 min.22 1 2 6
#7 1 2 6
0 1 min.20 1 3 4
1 1 min.20 1 2 0
2 1 min.21 1 3 2
3 1 min.20 1 2 12
4 1 min.21 1 3 5
5 1 min.21 1 1 24
6 1 min.22 1 2 3
#5 1 2 60
0 1 min.20 1 3 1
1 2 min.20 1 2 13
2 2 min.21 1 3 3
5 1 min.21 1 1 4
6 1 min.22 1 2 6
#5 1 2 61
0 1 min.20 1 3 1
1 2 min.20 1 2 13
2 2 min.21 1 3 3
5 1 min.21 1 1 5
6 1 min.22 1 2 6
#7 1 2 7
0 1 min.20 1 3 4
1 1 min.20 1 2 2
2 1 min.21 1 3 2
3 1 min.20 1 2 14
4 1 min.21 1 3 5
5 1 min.21 1 1 25
6 1 min.22 1 2 3
#5 1 2 8
0 1 min.20 1 3 1
1 2 min.20 1 2 1
2 2 min.21 1 3 4
5 1 min.21 1 1 4
6 1 min.22 1 2 0
#5 1 2 9
0 1 min.20 1 3 1
1 2 min.20 1 2 1
2 2 min.21 1 3 4
5 1 min.21 1 1 5
6 1 min.22 1 2 0
#3 1 3 0
0 3 min.20 1 4 0
2 3 min.21 1 3 0
6 1 min.22 1 3 0
#3 1 3 1
0 3 min.20 1 4 4
2 3 min.21 1 3 4
6 1 min.22 1 3 0
#3 1 3 2
0 3 min.20 1 4 1
2 3 min.21 1 3 1
6 1 min.22 1 3 0
#3 1 3 3
0 3 min.20 1 4 1
2 3 min.21 1 3 5
6 1 min.22 1 3 0
#5 1 3 4
0 2 min.20 1 4 2
2 1 min.21 1 3 4
3 1 min.20 1 4 0
4 2 min.21 1 3 2
6 1 min.22 1 3 1
#5 1 3 5
0 2 min.20 1 4 2
2 1 min.21 1 3 0
3 1 min.20 1 4 4
4 2 min.21 1 3 6
6 1 min.22 1 3 1
#5 1 3 6
0 2 min.20 1 4 3
2 1 min.21 1 3 5
3 1 min.20 1 4 1
4 2 min.21 1 3 3
6 1 min.22 1 3 1
#5 1 3 7
0 2 min.20 1 4 3
2 1 min.21 1 3 1
3 1 min.20 1 4 1
4 2 min.21 1 3 7
6 1 min.22 1 3 1
#5 1 4 0
0 2 min.20 1 2 0
1 1 min.20 1 1 0
2 2 min.21 1 2 0
4 1 min.21 1 4 0
6 1 min.22 1 4 0
#5 1 4 1
0 2 min.20 1 2 2
1 1 min.20 1 1 1
2 2 min.21 1 2 1
4 1 min.21 1 4 0
6 1 min.22 1 4 0
#7 1 4 10
0 1 min.20 1 2 9
1 1 min.20 1 1 4
2 1 min.21 1 2 6
3 1 min.20 1 2 12
4 1 min.21 1 4 1
5 1 min.21 1 2 0
6 1 min.22 1 4 1
#7 1 4 11
0 1 min.20 1 2 9
1 1 min.20 1 1 5
2 1 min.21 1 2 6
3 1 min.20 1 2 14
4 1 min.21 1 4 1
5 1 min.21 1 2 1
6 1 min.22 1 4 1
#7 1 4 12
0 1 min.20 1 2 5
1 1 min.20 1 1 4
2 1 min.21 1 2 4
3 1 min.20 1 2 0
4 1 min.21 1 4 0
5 1 min.21 1 2 2
6 1 min.22 1 4 1
#7 1 4 13
0 1 min.20 1 2 5
1 1 min.20 1 1 5
2 1 min.21 1 2 4
3 1 min.20 1 2 2
4 1 min.21 1 4 0
5 1 min.21 1 2 3
6 1 min.22 1 4 1
#7 1 4 14
0 1 min.20 1 2 13
1 1 min.20 1 1 4
2 1 min.21 1 2 6
3 1 min.20 1 2 4
4 1 min.21 1 4 1
5 1 min.21 1 2 2
6 1 min.22 1 4 3
#7 1 4 15
0 1 min.20 1 2 13
1 1 min.20 1 1 5
2 1 min.21 1 2 6
3 1 min.20 1 2 6
4 1 min.21 1 4 1
5 1 min.21 1 2 3
6 1 min.22 1 4 3
#7 1 4 2
0 1 min.20 1 2 8
1 1 min.20 1 1 0
2 1 min.21 1 2 2
3 1 min.20 1 2 4
4 1 min.21 1 4 1
5 1 min.21 1 2 0
6 1 min.22 1 4 1
#5 1 4 24
0 2 min.20 1 2 9
1 1 min.20 1 1 12
2 2 min.21 1 2 4
4 1 min.21 1 4 1
6 1 min.22 1 4 0
#5 1 4 25
0 2 min.20 1 2 9
1 1 min.20 1 1 13
2 2 min.21 1 2 4
4 1 min.21 1 4 1
6 1 min.22 1 4 0
#7 1 4 26
0 1 min.20 1 2 1
1 1 min.20 1 1 12
2 1 min.21 1 2 6
3 1 min.20 1 2 13
4 1 min.21 1 4 1
5 1 min.21 1 2 4
6 1 min.22 1 4 1
#7 1 4 27
0 1 min.20 1 2 1
1 1 min.20 1 1 13
2 1 min.21 1 2 6
3 1 min.20 1 2 13
4 1 min.21 1 4 1
5 1 min.21 1 2 4
6 1 min.22 1 4 1
#7 1 4 3
0 1 min.20 1 2 10
1 1 min.20 1 1 1
2 1 min.21 1 2 3
3 1 min.20 1 2 6
4 1 min.21 1 4 1
5 1 min.21 1 2 1
6 1 min.22 1 4 1
#5 1 4 30
0 2 min.20 1 2 5
1 1 min.20 1 1 12
2 2 min.21 1 2 6
4 1 min.21 1 4 0
6 1 min.22 1 4 3
#5 1 4 31
0 2 min.20 1 2 5
1 1 min.20 1 1 13
2 2 min.21 1 2 6
4 1 min.21 1 4 0
6 1 min.22 1 4 3
#7 1 4 32
0 1 min.20 1 2 2
1 1 min.20 1 1 16
2 1 min.21 1 2 1
3 1 min.20 1 2 0
4 1 min.21 1 4 4
5 1 min.21 1 2 0
6 1 min.22 1 4 4
#7 1 4 34
0 1 min.20 1 2 10
1 1 min.20 1 1 16
2 1 min.21 1 2 3
3 1 min.20 1 2 4
4 1 min.21 1 4 5
5 1 min.21 1 2 0
6 1 min.22 1 4 5
#7 1 4 35
0 1 min.20 1 2 8
1 1 min.20 1 1 16
2 1 min.21 1 2 2
3 1 min.20 1 2 6
4 1 min.21 1 4 5
5 1 min.21 1 2 1
6 1 min.22 1 4 5
#7 1 4 38
0 1 min.20 1 2 14
1 1 min.20 1 1 16
2 1 min.21 1 2 3
3 1 min.20 1 2 12
4 1 min.21 1 4 5
5 1 min.21 1 2 2
6 1 min.22 1 4 7
#7 1 4 40
0 1 min.20 1 2 1
1 1 min.20 1 1 21
2 1 min.21 1 2 4
3 1 min.20 1 2 8
4 1 min.21 1 4 5
5 1 min.21 1 2 0
6 1 min.22 1 4 4
#7 1 4 41
0 1 min.20 1 2 1
1 1 min.20 1 1 20
2 1 min.21 1 2 4
3 1 min.20 1 2 10
4 1 min.21 1 4 5
5 1 min.21 1 2 1
6 1 min.22 1 4 4
#7 1 4 42
0 1 min.20 1 2 9
1 1 min.20 1 1 21
2 1 min.21 1 2 6
3 1 min.20 1 2 12
4 1 min.21 1 4 5
5 1 min.21 1 2 0
6 1 min.22 1 4 5
#7 1 4 43
0 1 min.20 1 2 9
1 1 min.20 1 1 20
2 1 min.21 1 2 6
3 1 min.20 1 2 14
4 1 min.21 1 4 5
5 1 min.21 1 2 1
6 1 min.22 1 4 5
#7 1 4 44
0 1 min.20 1 2 5
1 1 min.20 1 1 21
2 1 min.21 1 2 4
3 1 min.20 1 2 0
4 1 min.21 1 4 4
5 1 min.21 1 2 2
6 1 min.22 1 4 5
#7 1 4 45
0 1 min.20 1 2 5
1 1 min.20 1 1 20
2 1 min.21 1 2 4
3 1 min.20 1 2 2
4 1 min.21 1 4 4
5 1 min.21 1 2 3
6 1 min.22 1 4 5
#7 1 4 46
0 1 min.20 1 2 13
1 1 min.20 1 1 21
2 1 min.21 1 2 6
3 1 min.20 1 2 4
4 1 min.21 1 4 5
5 1 min.21 1 2 2
6 1 min.22 1 4 7
#7 1 4 47
0 1 min.20 1 2 13
1 1 min.20 1 1 20
2 1 min.21 1 2 6
3 1 min.20 1 2 6
4 1 min.21 1 4 5
5 1 min.21 1 2 3
6 1 min.22 1 4 7
#7 1 4 56
0 1 min.20 1 2 9
1 1 min.20 1 1 28
2 1 min.21 1 2 4
3 1 min.20 1 2 9
4 1 min.21 1 4 5
5 1 min.21 1 2 4
6 1 min.22 1 4 4
#7 1 4 58
0 1 min.20 1 2 1
1 1 min.20 1 1 28
2 1 min.21 1 2 6
3 1 min.20 1 2 13
4 1 min.21 1 4 5
5 1 min.21 1 2 4
6 1 min.22 1 4 5
#7 1 4 59
0 1 min.20 1 2 1
1 1 min.20 1 1 28
2 1 min.21 1 2 6
3 1 min.20 1 2 13
4 1 min.21 1 4 5
5 1 min.21 1 2 4
6 1 min.22 1 4 5
#5 1 4 6
0 2 min.20 1 2 12
1 1 min.20 1 1 0
2 2 min.21 1 2 2
4 1 min.21 1 4 1
6 1 min.22 1 4 3
#7 1 4 62
0 1 min.20 1 2 5
1 1 min.20 1 1 28
2 1 min.21 1 2 6
3 1 min.20 1 2 5
4 1 min.21 1 4 4
5 1 min.21 1 2 6
6 1 min.22 1 4 7
#5 1 4 7
0 2 min.20 1 2 14
1 1 min.20 1 1 1
2 2 min.21 1 2 3
4 1 min.21 1 4 1
6 1 min.22 1 4 3
#7 1 4 8
0 1 min.20 1 2 1
1 1 min.20 1 1 4
2 1 min.21 1 2 4
3 1 min.20 1 2 8
4 1 min.21 1 4 1
5 1 min.21 1 2 0
6 1 min.22 1 4 0
#7 1 4 9
0 1 min.20 1 2 1
1 1 min.20 1 1 5
2 1 min.21 1 2 4
3 1 min.20 1 2 10
4 1 min.21 1 4 1
5 1 min.21 1 2 1
6 1 min.22 1 4 0
#5 1 5 0
0 1 min.20 1 4 0
1 2 min.20 1 2 0
2 2 min.21 1 5 0
5 1 min.21 1 2 0
6 1 min.22 1 5 0
#5 1 5 1
0 1 min.20 1 4 4
1 2 min.20 1 2 8
2 2 min.21 1 5 1
5 1 min.21 1 2 0
6 1 min.22 1 5 0
#5 1 5 10
0 1 min.20 1 4 1
1 2 min.20 1 2 6
2 2 min.21 1 5 2
5 1 min.21 1 2 1
6 1 min.22 1 5 2
#5 1 5 11
0 1 min.20 1 4 1
1 2 min.20 1 2 14
2 2 min.21 1 5 2
5 1 min.21 1 2 1
6 1 min.22 1 5 2
#7 1 5 12
0 1 min.20 1 4 3
1 1 min.20 1 2 4
2 1 min.21 1 5 2
3 1 min.20 1 2 12
4 1 min.21 1 5 2
5 1 min.21 1 2 2
6 1 min.22 1 5 3
#7 1 5 14
0 1 min.20 1 4 3
1 1 min.20 1 2 6
2 1 min.21 1 5 2
3 1 min.20 1 2 14
4 1 min.21 1 5 2
5 1 min.21 1 2 3
6 1 min.22 1 5 3
#5 1 5 2
0 1 min.20 1 4 0
1 2 min.20 1 2 2
2 2 min.21 1 5 0
5 1 min.21 1 2 1
6 1 min.22 1 5 0
#5 1 5 3
0 1 min.20 1 4 4
1 2 min.20 1 2 10
2 2 min.21 1 5 1
5 1 min.21 1 2 1
6 1 min.22 1 5 0
#7 1 5 4
0 1 min.20 1 4 2
1 1 min.20 1 2 0
2 1 min.21 1 5 0
3 1 min.20 1 2 8
4 1 min.21 1 5 1
5 1 min.21 1 2 2
6 1 min.22 1 5 1
#7 1 5 6
0 1 min.20 1 4 2
1 1 min.20 1 2 2
2 1 min.21 1 5 0
3 1 min.20 1 2 10
4 1 min.21 1 5 1
5 1 min.21 1 2 3
6 1 min.22 1 5 1
#5 1 5 8
0 1 min.20 1 4 1
1 2 min.20 1 2 4
2 2 min.21 1 5 2
5 1 min.21 1 2 0
6 1 min.22 1 5 2
#5 1 5 9
0 1 min.20 1 4 1
1 2 min.20 1 2 12
2 2 min.21 1 5 2
5 1 min.21 1 2 0
6 1 min.22 1 5 2
#3 1 6 0
0 3 min.20 1 4 0
2 3 min.21 1 5 0
6 1 min.22 1 6 0
#5 1 6 1
0 2 min.20 1 4 3
1 1 min.20 1 4 4
2 2 min.21 1 5 2
4 1 min.21 1 5 1
6 1 min.22 1 6 1
#5 1 6 2
0 1 min.20 1 4 1
1 2 min.20 1 4 2
2 2 min.21 1 5 2
5 1 min.21 1 5 0
6 1 min.22 1 6 1
#3 1 6 5
0 3 min.20 1 4 1
2 3 min.21 1 5 1
6 1 min.22 1 6 0
#3 1 7 0
0 3 min.20 1 5 0
2 3 min.21 1 3 0
6 1 min.22 1 7 0
#5 1 7 1
0 2 min.20 1 5 1
2 1 min.21 1 3 0
3 1 min.20 1 5 3
4 2 min.21 1 3 1
6 1 min.22 1 7 0
#5 1 7 10
0 2 min.20 1 5 4
1 1 min.20 1 5 0
2 2 min.21 1 3 2
4 1 min.21 1 3 5
6 1 min.22 1 7 3
#7 1 7 11
0 1 min.20 1 5 4
1 1 min.20 1 5 1
2 1 min.21 1 3 2
3 1 min.20 1 5 5
4 1 min.21 1 3 4
5 1 min.21 1 3 3
6 1 min.22 1 7 3
#5 1 7 12
0 2 min.20 1 5 9
1 1 min.20 1 5 8
2 2 min.21 1 3 4
4 1 min.21 1 3 5
6 1 min.22 1 7 1
#5 1 7 14
0 2 min.20 1 5 5
1 1 min.20 1 5 8
2 2 min.21 1 3 6
4 1 min.21 1 3 1
6 1 min.22 1 7 3
#7 1 7 15
0 1 min.20 1 5 4
1 1 min.20 1 5 9
2 1 min.21 1 3 6
3 1 min.20 1 5 4
4 1 min.21 1 3 0
5 1 min.21 1 3 7
6 1 min.22 1 7 3
#5 1 7 17
0 2 min.20 1 5 5
2 1 min.21 1 3 4
3 1 min.20 1 5 3
4 2 min.21 1 3 3
6 1 min.22 1 7 2
#5 1 7 2
0 2 min.20 1 5 4
1 1 min.20 1 5 0
2 2 min.21 1 3 2
4 1 min.21 1 3 4
6 1 min.22 1 7 2
#5 1 7 21
0 2 min.20 1 5 4
2 1 min.21 1 3 0
3 1 min.20 1 5 8
4 2 min.21 1 3 7
6 1 min.22 1 7 2
#7 1 7 3
0 1 min.20 1 5 4
1 1 min.20 1 5 1
2 1 min.21 1 3 2
3 1 min.20 1 5 5
4 1 min.21 1 3 5
5 1 min.21 1 3 3
6 1 min.22 1 7 2
#3 1 7 4
0 3 min.20 1 5 8
2 3 min.21 1 3 4
6 1 min.22 1 7 0
#3 1 7 41
0 3 min.20 1 5 3
2 3 min.21 1 3 1
6 1 min.22 1 7 1
#5 1 7 43
0 2 min.20 1 5 5
1 1 min.20 1 5 3
2 2 min.21 1 3 3
4 1 min.21 1 3 5
6 1 min.22 1 7 3
#3 1 7 45
0 3 min.20 1 5 8
2 3 min.21 1 3 5
6 1 min.22 1 7 1
#5 1 7 47
0 2 min.20 1 5 5
1 1 min.20 1 5 8
2 2 min.21 1 3 7
4 1 min.21 1 3 1
6 1 min.22 1 7 3
#5 1 7 5
0 2 min.20 1 5 9
2 1 min.21 1 3 4
3 1 min.20 1 5 8
4 2 min.21 1 3 5
6 1 min.22 1 7 0
#5 1 7 6
0 2 min.20 1 5 4
1 1 min.20 1 5 8
2 2 min.21 1 3 6
4 1 min.21 1 3 0
6 1 min.22 1 7 2
#7 1 7 7
0 1 min.20 1 5 5
1 1 min.20 1 5 9
2 1 min.21 1 3 6
3 1 min.20 1 5 5
4 1 min.21 1 3 1
5 1 min.21 1 3 7
6 1 min.22 1 7 2
#5 1 7 8
0 2 min.20 1 5 1
1 1 min.20 1 5 0
2 2 min.21 1 3 0
4 1 min.21 1 3 1
6 1 min.22 1 7 1
#5 1 8 0
0 1 min.20 1 5 0
1 2 min.20 1 2 0
2 2 min.21 1 6 0
5 1 min.21 1 2 0
6 1 min.22 1 8 0
#5 1 8 1
0 1 min.20 1 5 3
1 2 min.20 1 2 1
2 2 min.21 1 6 1
5 1 min.21 1 2 1
6 1 min.22 1 8 0
#7 1 8 10
0 1 min.20 1 5 4
1 1 min.20 1 2 0
2 1 min.21 1 6 4
3 1 min.20 1 2 12
4 1 min.21 1 6 2
5 1 min.21 1 2 2
6 1 min.22 1 8 3
#7 1 8 11
0 1 min.20 1 5 5
1 1 min.20 1 2 1
2 1 min.21 1 6 5
3 1 min.20 1 2 13
4 1 min.21 1 6 2
5 1 min.21 1 2 3
6 1 min.22 1 8 3
#7 1 8 12
0 1 min.20 1 5 9
1 1 min.20 1 2 8
2 1 min.21 1 6 6
3 1 min.20 1 2 12
4 1 min.21 1 6 2
5 1 min.21 1 2 0
6 1 min.22 1 8 1
#7 1 8 13
0 1 min.20 1 5 9
1 1 min.20 1 2 9
2 1 min.21 1 6 6
3 1 min.20 1 2 13
4 1 min.21 1 6 2
5 1 min.21 1 2 1
6 1 min.22 1 8 1
#7 1 8 14
0 1 min.20 1 5 5
1 1 min.20 1 2 8
2 1 min.21 1 6 6
3 1 min.20 1 2 4
4 1 min.21 1 6 1
5 1 min.21 1 2 2
6 1 min.22 1 8 3
#7 1 8 15
0 1 min.20 1 5 4
1 1 min.20 1 2 9
2 1 min.21 1 6 6
3 1 min.20 1 2 5
4 1 min.21 1 6 0
5 1 min.21 1 2 3
6 1 min.22 1 8 3
#7 1 8 16
0 1 min.20 1 5 1
1 1 min.20 1 2 2
2 1 min.21 1 6 0
3 1 min.20 1 2 1
4 1 min.21 1 6 1
5 1 min.21 1 2 4
6 1 min.22 1 8 0
#7 1 8 18
0 1 min.20 1 5 4
1 1 min.20 1 2 2
2 1 min.21 1 6 0
3 1 min.20 1 2 9
4 1 min.21 1 6 2
5 1 min.21 1 2 6
6 1 min.22 1 8 2
#7 1 8 19
0 1 min.20 1 5 5
1 1 min.20 1 2 1
2 1 min.21 1 6 1
3 1 min.20 1 2 10
4 1 min.21 1 6 2
5 1 min.21 1 2 6
6 1 min.22 1 8 2
#7 1 8 2
0 1 min.20 1 5 4
1 1 min.20 1 2 0
2 1 min.21 1 6 0
3 1 min.20 1 2 8
4 1 min.21 1 6 2
5 1 min.21 1 2 2
6 1 min.22 1 8 2
#7 1 8 20
0 1 min.20 1 5 9
1 1 min.20 1 2 10
2 1 min.21 1 6 2
3 1 min.20 1 2 9
4 1 min.21 1 6 2
5 1 min.21 1 2 4
6 1 min.22 1 8 0
#7 1 8 24
0 1 min.20 1 5 0
1 1 min.20 1 2 2
2 1 min.21 1 6 4
3 1 min.20 1 2 5
4 1 min.21 1 6 0
5 1 min.21 1 2 4
6 1 min.22 1 8 1
#7 1 8 25
0 1 min.20 1 5 3
1 1 min.20 1 2 1
2 1 min.21 1 6 5
3 1 min.20 1 2 6
4 1 min.21 1 6 1
5 1 min.21 1 2 4
6 1 min.22 1 8 1
#7 1 8 26
0 1 min.20 1 5 4
1 1 min.20 1 2 2
2 1 min.21 1 6 4
3 1 min.20 1 2 13
4 1 min.21 1 6 2
5 1 min.21 1 2 6
6 1 min.22 1 8 3
#7 1 8 27
0 1 min.20 1 5 5
1 1 min.20 1 2 1
2 1 min.21 1 6 5
3 1 min.20 1 2 14
4 1 min.21 1 6 2
5 1 min.21 1 2 6
6 1 min.22 1 8 3
#7 1 8 28
0 1 min.20 1 5 8
1 1 min.20 1 2 10
2 1 min.21 1 6 6
3 1 min.20 1 2 13
4 1 min.21 1 6 2
5 1 min.21 1 2 4
6 1 min.22 1 8 1
#7 1 8 29
0 1 min.20 1 5 8
1 1 min.20 1 2 9
2 1 min.21 1 6 6
3 1 min.20 1 2 14
4 1 min.21 1 6 2
5 1 min.21 1 2 4
6 1 min.22 1 8 1
#7 1 8 3
0 1 min.20 1 5 5
1 1 min.20 1 2 1
2 1 min.21 1 6 1
3 1 min.20 1 2 9
4 1 min.21 1 6 2
5 1 min.21 1 2 3
6 1 min.22 1 8 2
#7 1 8 30
0 1 min.20 1 5 4
1 1 min.20 1 2 10
2 1 min.21 1 6 6
3 1 min.20 1 2 5
4 1 min.21 1 6 0
5 1 min.21 1 2 6
6 1 min.22 1 8 3
#7 1 8 31
0 1 min.20 1 5 5
1 1 min.20 1 2 9
2 1 min.21 1 6 6
3 1 min.20 1 2 6
4 1 min.21 1 6 1
5 1 min.21 1 2 6
6 1 min.22 1 8 3
#5 1 8 4
0 1 min.20 1 5 8
1 2 min.20 1 2 8
2 2 min.21 1 6 2
5 1 min.21 1 2 0
6 1 min.22 1 8 0
#5 1 8 40
0 1 min.20 1 5 3
1 2 min.20 1 2 4
2 2 min.21 1 6 5
5 1 min.21 1 2 0
6 1 min.22 1 8 5
#5 1 8 41
0 1 min.20 1 5 0
1 2 min.20 1 2 5
2 2 min.21 1 6 4
5 1 min.21 1 2 1
6 1 min.22 1 8 5
#7 1 8 42
0 1 min.20 1 5 5
1 1 min.20 1 2 4
2 1 min.21 1 6 5
3 1 min.20 1 2 12
4 1 min.21 1 6 6
5 1 min.21 1 2 2
6 1 min.22 1 8 7
#7 1 8 43
0 1 min.20 1 5 4
1 1 min.20 1 2 5
2 1 min.21 1 6 4
3 1 min.20 1 2 13
4 1 min.21 1 6 6
5 1 min.21 1 2 3
6 1 min.22 1 8 7
#5 1 8 44
0 1 min.20 1 5 8
1 2 min.20 1 2 12
2 2 min.21 1 6 6
5 1 min.21 1 2 0
6 1 min.22 1 8 5
#5 1 8 45
0 1 min.20 1 5 8
1 2 min.20 1 2 13
2 2 min.21 1 6 6
5 1 min.21 1 2 1
6 1 min.22 1 8 5
#5 1 8 5
0 1 min.20 1 5 8
1 2 min.20 1 2 9
2 2 min.21 1 6 2
5 1 min.21 1 2 1
6 1 min.22 1 8 0
#7 1 8 56
0 1 min.20 1 5 1
1 1 min.20 1 2 6
2 1 min.21 1 6 5
3 1 min.20 1 2 5
4 1 min.21 1 6 4
5 1 min.21 1 2 4
6 1 min.22 1 8 5
#7 1 8 58
0 1 min.20 1 5 5
1 1 min.20 1 2 6
2 1 min.21 1 6 5
3 1 min.20 1 2 13
4 1 min.21 1 6 6
5 1 min.21 1 2 6
6 1 min.22 1 8 7
#7 1 8 59
0 1 min.20 1 5 4
1 1 min.20 1 2 5
2 1 min.21 1 6 4
3 1 min.20 1 2 14
4 1 min.21 1 6 6
5 1 min.21 1 2 6
6 1 min.22 1 8 7
#7 1 8 60
0 1 min.20 1 5 9
1 1 min.20 1 2 14
2 1 min.21 1 6 6
3 1 min.20 1 2 13
4 1 min.21 1 6 6
5 1 min.21 1 2 4
6 1 min.22 1 8 5
#7 1 8 8
0 1 min.20 1 5 1
1 1 min.20 1 2 0
2 1 min.21 1 6 4
3 1 min.20 1 2 4
4 1 min.21 1 6 1
5 1 min.21 1 2 0
6 1 min.22 1 8 1
#7 1 8 9
0 1 min.20 1 5 1
1 1 min.20 1 2 1
2 1 min.21 1 6 5
3 1 min.20 1 2 5
4 1 min.21 1 6 0
5 1 min.21 1 2 1
6 1 min.22 1 8 1
#5 1 9 0
0 1 min.20 1 3 0
1 2 min.20 1 6 0
2 2 min.21 1 7 0
5 1 min.21 1 4 0
6 1 min.22 1 9 0
#7 1 9 1
0 1 min.20 1 3 4
1 1 min.20 1 6 0
2 1 min.21 1 7 0
3 1 min.20 1 6 1
4 1 min.21 1 7 1
5 1 min.21 1 4 4
6 1 min.22 1 9 1
#5 1 9 2
0 1 min.20 1 3 0
1 2 min.20 1 6 1
2 2 min.21 1 7 0
5 1 min.21 1 4 1
6 1 min.22 1 9 0
#7 1 9 3
0 1 min.20 1 3 4
1 1 min.20 1 6 1
2 1 min.21 1 7 0
3 1 min.20 1 6 3
4 1 min.21 1 7 1
5 1 min.21 1 4 5
6 1 min.22 1 9 1
#5 1 9 4
0 1 min.20 1 3 1
1 2 min.20 1 6 1
2 2 min.21 1 7 1
5 1 min.21 1 4 0
6 1 min.22 1 9 0
#5 1 9 6
0 1 min.20 1 3 1
1 2 min.20 1 6 3
2 2 min.21 1 7 1
5 1 min.21 1 4 1
6 1 min.22 1 9 0
