#15
7x11
7 1 3 1 3 1 4 1 0 0 0 
1 2 0 0 0 0 0 0 0 0 0 
1 1 0 0 0 0 0 0 0 0 0 
10 3 1 3 1 3 1 3 4 1 4 
4 3 1 3 1 0 0 0 0 0 0 
8 1 3 1 3 1 3 1 3 0 0 
1 64 0 0 0 0 0 0 0 0 0
7x11
7 1 3 1 3 1 4 1 0 0 0 
1 2 0 0 0 0 0 0 0 0 0 
1 3 0 0 0 0 0 0 0 0 0 
10 3 1 3 1 3 1 3 4 1 4 
4 3 1 3 1 0 0 0 0 0 0 
8 1 3 1 3 1 3 1 3 0 0 
1 64 0 0 0 0 0 0 0 0 0
7x11
7 1 3 1 3 1 4 1 0 0 0 
1 2 0 0 0 0 0 0 0 0 0 
2 1 3 0 0 0 0 0 0 0 0 
10 3 1 3 1 3 1 3 4 1 4 
4 3 1 3 1 0 0 0 0 0 0 
8 1 3 1 3 1 3 1 3 0 0 
1 64 0 0 0 0 0 0 0 0 0
7x11
7 1 3 1 3 1 4 1 0 0 0 
1 1 0 0 0 0 0 0 0 0 0 
1 3 0 0 0 0 0 0 0 0 0 
10 3 1 3 1 3 1 3 4 1 4 
4 3 1 3 1 0 0 0 0 0 0 
8 1 3 1 3 1 3 1 3 0 0 
1 64 0 0 0 0 0 0 0 0 0
7x11
7 1 3 1 3 1 4 1 0 0 0 
2 2 3 0 0 0 0 0 0 0 0 
1 1 0 0 0 0 0 0 0 0 0 
10 3 1 3 1 3 1 3 4 1 4 
4 3 1 3 1 0 0 0 0 0 0 
8 1 3 1 3 1 3 1 3 0 0 
1 64 0 0 0 0 0 0 0 0 0
7x11
7 1 3 1 3 1 4 1 0 0 0 
2 1 2 0 0 0 0 0 0 0 0 
1 3 0 0 0 0 0 0 0 0 0 
10 3 1 3 1 3 1 3 4 1 4 
4 3 1 3 1 0 0 0 0 0 0 
8 1 3 1 3 1 3 1 3 0 0 
1 64 0 0 0 0 0 0 0 0 0
7x11
7 1 3 1 3 1 4 1 0 0 0 
2 2 3 0 0 0 0 0 0 0 0 
2 1 3 0 0 0 0 0 0 0 0 
10 3 1 3 1 3 1 3 4 1 4 
4 3 1 3 1 0 0 0 0 0 0 
8 1 3 1 3 1 3 1 3 0 0 
1 64 0 0 0 0 0 0 0 0 0
7x11
1 2 0 0 0 0 0 0 0 0 0 
1 1 0 0 0 0 0 0 0 0 0 
1 3 0 0 0 0 0 0 0 0 0 
10 3 1 3 1 3 1 3 4 1 4 
4 3 1 3 1 0 0 0 0 0 0 
8 1 3 1 3 1 3 1 3 0 0 
1 64 0 0 0 0 0 0 0 0 0
7x11
4 1 3 4 1 0 0 0 0 0 0 
1 2 0 0 0 0 0 0 0 0 0 
1 1 0 0 0 0 0 0 0 0 0 
10 3 1 3 1 3 1 3 4 1 4 
4 3 1 3 1 0 0 0 0 0 0 
8 1 3 1 3 1 3 1 3 0 0 
1 64 0 0 0 0 0 0 0 0 0
7x11
6 1 3 1 3 1 4 0 0 0 0 
1 2 0 0 0 0 0 0 0 0 0 
1 3 0 0 0 0 0 0 0 0 0 
10 3 1 3 1 3 1 3 4 1 4 
4 3 1 3 1 0 0 0 0 0 0 
8 1 3 1 3 1 3 1 3 0 0 
1 64 0 0 0 0 0 0 0 0 0
7x11
4 1 3 4 1 0 0 0 0 0 0 
1 2 0 0 0 0 0 0 0 0 0 
2 1 3 0 0 0 0 0 0 0 0 
10 3 1 3 1 3 1 3 4 1 4 
4 3 1 3 1 0 0 0 0 0 0 
8 1 3 1 3 1 3 1 3 0 0 
1 64 0 0 0 0 0 0 0 0 0
7x11
8 1 2 3 1 3 1 4 1 0 0 
1 1 0 0 0 0 0 0 0 0 0 
1 3 0 0 0 0 0 0 0 0 0 
10 3 1 3 1 3 1 3 4 1 4 
4 3 1 3 1 0 0 0 0 0 0 
8 1 3 1 3 1 3 1 3 0 0 
1 64 0 0 0 0 0 0 0 0 0
7x11
4 1 3 4 1 0 0 0 0 0 0 
2 2 3 0 0 0 0 0 0 0 0 
1 1 0 0 0 0 0 0 0 0 0 
10 3 1 3 1 3 1 3 4 1 4 
4 3 1 3 1 0 0 0 0 0 0 
8 1 3 1 3 1 3 1 3 0 0 
1 64 0 0 0 0 0 0 0 0 0
7x11
6 1 3 1 3 1 4 0 0 0 0 
2 1 2 0 0 0 0 0 0 0 0 
1 3 0 0 0 0 0 0 0 0 0 
10 3 1 3 1 3 1 3 4 1 4 
4 3 1 3 1 0 0 0 0 0 0 
8 1 3 1 3 1 3 1 3 0 0 
1 64 0 0 0 0 0 0 0 0 0
7x11
4 1 3 4 1 0 0 0 0 0 0 
2 2 3 0 0 0 0 0 0 0 0 
2 1 3 0 0 0 0 0 0 0 0 
10 3 1 3 1 3 1 3 4 1 4 
4 3 1 3 1 0 0 0 0 0 0 
8 1 3 1 3 1 3 1 3 0 0 
1 64 0 0 0 0 0 0 0 0 0
