-1 -1 1 0.999967
0.499999 0.470008
0 7.80365e-06
0.2 0.2
0.0999998 0.0940016
1
949
82 69 3
-0.499999 -0.420734 0 2
-0.479166 -0.432079 0 2
-0.458332 -0.443523 0 2
-0.437499 -0.454911 0 2
-0.416666 -0.466019 0 2
-0.395833 -0.476525 0 2
-0.374999 -0.485969 0 2
-0.354166 -0.49369 0 2
-0.333333 -0.498747 0 2
-0.322916 -0.499875 0 2
-0.312499 -0.499787 0 2
-0.302083 -0.498221 0 2
-0.296874 -0.496788 0 2
-0.291666 -0.494861 0 2
-0.281249 -0.489328 0 2
-0.270833 -0.481164 0 2
-0.25 -0.454648 0 2
-0.229166 -0.40953 0 2
-0.208333 -0.337729 0 2
-0.1875 -0.228632 0 2
-0.177083 -0.156358 0 2
-0.166666 -0.0705529 0 2
-0.15625 0.0291958 0 2
-0.151041 0.0839859 0 2
-0.145833 0.141539 0 2
-0.135416 0.261661 0 2
-0.125 0.378416 0 2
-0.114583 0.469916 0 2
-0.111979 0.484808 0 2
-0.110677 0.490565 0 2
-0.109375 0.495057 0 2
-0.108073 0.498174 0 2
-0.106771 0.4998 0 2
-0.105469 0.499816 0 2
-0.104818 0.499182 0 2
-0.104166 0.498099 0 2
-0.102864 0.494523 0 2
-0.101562 0.48896 0 2
-0.0989582 0.471353 0 2
-0.096354 0.44425 0 2
-0.0937498 0.40668 0 2
-0.0885415 0.297055 0 2
-0.0859374 0.224225 0 2
-0.0846353 0.183377 0 2
-0.0839842 0.161889 0 2
-0.0833332 0.139718 0 2
-0.080729 0.0447676 0 2
-0.0794269 -0.00593996 0 2
-0.0781249 -0.0582673 0 2
-0.0755207 -0.165561 0 2
-0.0742186 -0.219123 0 2
-0.0735676 -0.245512 0 2
-0.0729165 -0.271476 0 2
-0.0703124 -0.368263 0 2
-0.0677082 -0.445927 0 2
-0.0664061 -0.473894 0 2
-0.065104 -0.492452 0 2
-0.063802 -0.499926 0 2
-0.0631509 -0.498991 0 2
-0.0628254 -0.497269 0 2
-0.0624999 -0.494679 0 2
-0.0598957 -0.440258 0 2
-0.0585936 -0.388988 0 2
-0.0579426 -0.357127 0 2
-0.0572915 -0.321151 0 2
-0.0559895 -0.237311 0 2
-0.0553384 -0.18985 0 2
-0.0546874 -0.139095 0 2
-0.0533853 -0.0294373 0 2
-0.0527343 0.0283453 0 2
-0.0524088 0.057678 0 2
-0.052246 0.0724118 0 2
-0.0520833 0.0871731 0 2
-0.0507812 0.20452 0 2
-0.0494791 0.314599 0 2
-0.048177 0.407767 0 2
-0.0475259 0.444656 0 2
-0.0468749 0.473214 0 2
-0.0462239 0.492057 0 2
-0.0455728 0.499871 0 2
-0.0449218 0.495477 0 2
-0.0445963 0.488387 0 2
-0.0442708 0.477899 0 2
-0.0429687 0.400827 0 2
-0.0423176 0.341194 0 2
-0.0416666 0.268299 0 2
-0.0410155 0.183564 0 2
-0.0403645 0.0891674 0 2
-0.0397134 -0.0118874 0 2
-0.0393879 -0.0637409 0 2
-0.0390624 -0.115749 0 2
-0.0384114 -0.217739 0 2
-0.0377603 -0.312449 0 2
-0.0371093 -0.393924 0 2
-0.0364583 -0.455954 0 2
-0.0358072 -0.492491 0 2
-0.0354817 -0.499484 0 2
-0.0351562 -0.498192 0 2
-0.0348307 -0.488169 0 2
-0.0345052 -0.4691 0 2
-0.0341796 -0.440835 0 2
-0.0340169 -0.423255 0 2
-0.0338541 -0.403403 0 2
-0.0332031 -0.302247 0 2
-0.0328775 -0.239727 0 2
-0.032552 -0.170486 0 2
-0.031901 -0.0172355 0 2
-0.0315755 0.0633826 0 2
-0.0314127 0.103817 0 2
-0.0313313 0.123944 0 2
-0.0312499 0.143962 0 2
-0.0305989 0.295579 0 2
-0.0299478 0.417393 0 2
-0.0292968 0.488813 0 2
-0.0291341 0.496613 0 2
-0.0289713 0.499913 0 2
-0.0288085 0.498528 0 2
-0.0286458 0.492311 0 2
-0.0279947 0.417779 0 2
-0.0276692 0.351287 0 2
-0.0275064 0.311306 0 2
-0.0273437 0.267231 0 2
-0.0270182 0.168418 0 2
-0.0268554 0.114668 0 2
-0.0266927 0.0587973 0 2
-0.0263671 -0.0565747 0 2
-0.0262044 -0.114561 0 2
-0.0260416 -0.171652 0 2
-0.0257161 -0.279622 0 2
-0.0253906 -0.373236 0 2
-0.025065 -0.445261 0 2
-0.0249023 -0.471056 0 2
-0.0247395 -0.489033 0 2
-0.0246581 -0.494888 0 2
-0.0245768 -0.498557 0 2
-0.0244954 -0.499982 0 2
-0.024414 -0.499111 0 2
-0.0242513 -0.490319 0 2
-0.0240885 -0.471973 0 2
-0.023763 -0.406722 0 2
-0.0236002 -0.360393 0 2
-0.0234375 -0.305692 0 2
-0.0231119 -0.174889 0 2
-0.0229492 -0.101246 0 2
-0.0227864 -0.0241284 0 2
-0.0224609 0.133242 0 2
-0.0222982 0.209451 0 2
-0.0222168 0.245995 0 2
-0.0221354 0.281131 0 2
-0.0218099 0.402084 0 2
-0.0216471 0.447106 0 2
-0.0214843 0.47925 0 2
-0.0213216 0.496908 0 2
-0.0212402 0.499899 0 2
-0.0211588 0.498833 0 2
-0.0210775 0.493625 0 2
-0.0209961 0.484223 0 2
-0.0209147 0.47061 0 2
-0.0208333 0.452805 0 2
-0.0205078 0.341487 0 2
-0.020345 0.264224 0 2
-0.0201823 0.175469 0 2
-0.0200195 0.0782524 0 2
-0.0199381 0.0275899 0 2
-0.0198568 -0.0237764 0 2
-0.019694 -0.12645 0 2
-0.0196126 -0.176616 0 2
-0.0195719 -0.201149 0 2
-0.0195312 -0.225216 0 2
-0.0193685 -0.31532 0 2
-0.0192057 -0.392021 0 2
-0.0190429 -0.450846 0 2
-0.0189615 -0.472297 0 2
-0.0188802 -0.487863 0 2
-0.0187988 -0.497186 0 2
-0.0187174 -0.499977 0 2
-0.018636 -0.496026 0 2
-0.0185547 -0.48521 0 2
-0.0183919 -0.442964 0 2
-0.0183105 -0.411781 0 2
-0.0182698 -0.393782 0 2
-0.0182291 -0.374236 0 2
-0.0180664 -0.281764 0 2
-0.017985 -0.227966 0 2
-0.0179036 -0.170062 0 2
-0.0177408 -0.0453538 0 2
-0.0176595 0.0195187 0 2
-0.0176188 0.0521239 0 2
-0.0175781 0.0846554 0 2
-0.0174153 0.211146 0 2
-0.0172526 0.324715 0 2
-0.0170898 0.416045 0 2
-0.0170084 0.450673 0 2
-0.0169271 0.476689 0 2
-0.0168457 0.49331 0 2
-0.0167643 0.499918 0 2
-0.0166829 0.496078 0 2
-0.0166015 0.481565 0 2
-0.0164388 0.420774 0 2
-0.0163574 0.375246 0 2
-0.0163167 0.348991 0 2
-0.016276 0.320562 0 2
-0.0161133 0.18808 0 2
-0.0160319 0.113078 0 2
-0.0159505 0.0344754 0 2
-0.0157877 -0.125718 0 2
-0.015625 -0.27571 0 2
-0.0154622 -0.398076 0 2
-0.0152994 -0.476792 0 2
-0.0152181 -0.495709 0 2
-0.0151367 -0.499482 0 2
-0.0150553 -0.487498 0 2
-0.0150146 -0.475539 0 2
-0.0149739 -0.459633 0 2
-0.0148112 -0.358424 0 2
-0.0147298 -0.287563 0 2
-0.0146484 -0.205785 0 2
-0.014567 -0.115684 0 2
-0.0144857 -0.020319 0 2
-0.0144043 0.0768762 0 2
-0.0143636 0.12501 0 2
-0.0143432 0.148752 0 2
-0.0143229 0.172198 0 2
-0.0142415 0.261805 0 2
-0.0141601 0.341866 0 2
-0.0140787 0.408729 0 2
-0.0140381 0.436162 0 2
-0.0139974 0.459096 0 2
-0.013916 0.490199 0 2
-0.0138346 0.499975 0 2
-0.0137532 0.487222 0 2
-0.0137125 0.472288 0 2
-0.0136922 0.462704 0 2
-0.0136718 0.451726 0 2
-0.0135905 0.394365 0 2
-0.0135091 0.317149 0 2
-0.0134277 0.223216 0 2
-0.013387 0.171257 0 2
-0.0133463 0.116771 0 2
-0.013265 0.00293851 0 2
-0.0131836 -0.112431 0 2
-0.0131022 -0.223035 0 2
-0.0130615 -0.274536 0 2
-0.0130411 -0.298988 0 2
-0.013031 -0.310847 0 2
-0.0130208 -0.322445 0 2
-0.012858 -0.463618 0 2
-0.0127767 -0.495373 0 2
-0.0126953 -0.496714 0 2
-0.0126139 -0.466379 0 2
-0.0125325 -0.40513 0 2
-0.0124511 -0.315885 0 2
-0.0124105 -0.262268 0 2
-0.0123901 -0.233553 0 2
-0.0123698 -0.203716 0 2
-0.0122884 -0.0756822 0 2
-0.012207 0.0595157 0 2
-0.0121256 0.192044 0 2
-0.0120849 0.254086 0 2
-0.0120443 0.311606 0 2
-0.0118815 0.473149 0 2
-0.0118001 0.499635 0 2
-0.0117594 0.497129 0 2
-0.0117391 0.491829 0 2
-0.0117187 0.483827 0 2
-0.0116373 0.425351 0 2
-0.011556 0.327706 0 2
-0.0114746 0.19832 0 2
-0.0114339 0.125049 0 2
-0.0113932 0.0482255 0 2
-0.0113118 -0.108689 0 2
-0.0112304 -0.256825 0 2
-0.011149 -0.380357 0 2
-0.0111084 -0.428311 0 2
-0.011088 -0.448133 0 2
-0.0110677 -0.464955 0 2
-0.0109863 -0.499559 0 2
-0.0109049 -0.478013 0 2
-0.0108235 -0.40033 0 2
-0.0107828 -0.342306 0 2
-0.0107422 -0.273353 0 2
-0.0106608 -0.110633 0 2
-0.0105794 0.0686166 0 2
-0.010498 0.241486 0 2
-0.0104573 0.318028 0 2
-0.010437 0.352557 0 2
-0.0104166 0.384142 0 2
-0.0103353 0.475145 0 2
-0.0102539 0.498888 0 2
-0.0101725 0.448637 0 2
-0.0100911 0.328613 0 2
-0.0100097 0.154569 0 2
-0.00992835 -0.0475073 0 2
-0.00984699 -0.244685 0 2
-0.00980628 -0.330467 0 2
-0.0097656 -0.402155 0 2
-0.00968421 -0.489426 0 2
-0.00960284 -0.486659 0 2
-0.00952145 -0.389869 0 2
-0.00948077 -0.31005 0 2
-0.00944006 -0.213669 0 2
-0.0093587 0.00951385 0 2
-0.00927731 0.234293 0 2
-0.00919592 0.410927 0 2
-0.00915524 0.46716 0 2
-0.00913489 0.485338 0 2
-0.00911456 0.496377 0 2
-0.00903317 0.465548 0 2
-0.00895178 0.319869 0 2
-0.00887042 0.0903584 0 2
-0.00882971 -0.0389829 0 2
-0.00878903 -0.166842 0 2
-0.00870764 -0.382772 0 2
-0.00862628 -0.493835 0 2
-0.00854489 -0.461532 0 2
-0.00850421 -0.390416 0 2
-0.00848386 -0.342645 0 2
-0.0084635 -0.287796 0 2
-0.00838214 -0.0198742 0 2
-0.00830075 0.259236 0 2
-0.00821936 0.454629 0 2
-0.00817868 0.496007 0 2
-0.008138 0.492033 0 2
-0.00805661 0.348529 0 2
-0.00797522 0.0687785 0 2
-0.00789386 -0.243365 0 2
-0.00785315 -0.371163 0 2
-0.0078125 -0.460012 0 2
-0.00773111 -0.481747 0 2
-0.00764975 -0.287144 0 2
-0.00756836 0.0454814 0 2
-0.00748697 0.361869 0 2
-0.00740561 0.499824 0 2
-0.00732422 0.375117 0 2
-0.00724283 0.0406294 0 2
-0.00720215 -0.1519 0 2
-0.00716147 -0.323306 0 2
-0.00708008 -0.498939 0 2
-0.00699869 -0.363782 0 2
-0.00691733 0.0128681 0 2
-0.00687662 0.219037 0 2
-0.00683594 0.38736 0 2
-0.00675455 0.490378 0 2
-0.00667319 0.227077 0 2
-0.0065918 -0.21911 0 2
-0.00655112 -0.399236 0 2
-0.00653076 -0.458903 0 2
-0.00651041 -0.492875 0 2
-0.00642905 -0.347226 0 2
-0.00634766 0.113714 0 2
-0.00626627 0.474884 0 2
-0.00618491 0.372104 0 2
-0.00610352 -0.118161 0 2
-0.00602213 -0.487377 0 2
-0.00594077 -0.306009 0 2
-0.00590006 -0.0390396 0 2
-0.00585938 0.244246 0 2
-0.00577798 0.495025 0 2
-0.00569662 0.0959933 0 2
-0.00561523 -0.440715 0 2
-0.00557455 -0.493769 0 2
-0.00553384 -0.342002 0 2
-0.00545248 0.280394 0 2
-0.00537109 0.45779 0 2
-0.0052897 -0.13591 0 2
-0.00524902 -0.422891 0 2
-0.00522867 -0.490801 0 2
-0.00521851 -0.499992 0 2
-0.00521341 -0.498076 0 2
-0.00520834 -0.491794 0 2
-0.00512695 0.0670258 0 2
-0.00504556 0.495359 0 2
-0.0049642 -0.0945929 0 2
-0.00488281 -0.477927 0 2
-0.00480142 0.223345 0 2
-0.00472006 0.386375 0 2
-0.00463867 -0.41394 0 2
-0.00459799 -0.468226 0 2
-0.00457764 -0.333088 0 2
-0.00455728 -0.119553 0 2
-0.00447592 0.491708 0 2
-0.00439453 -0.314565 0 2
-0.00431314 -0.154617 0 2
-0.00427246 0.355065 0 2
-0.00423178 0.470702 0 2
-0.00415039 -0.443328 0 2
-0.004069 0.175159 0 2
-0.00398764 0.136242 0 2
-0.00394693 -0.425189 0 2
-0.0039266 -0.497387 0 2
-0.00391641 -0.453848 0 2
-0.00390625 -0.360517 0 2
-0.00382486 0.470162 0 2
-0.0037435 -0.499435 0 2
-0.00366211 0.496056 0 2
-0.00362143 0.080982 0 2
-0.00358072 -0.493249 0 2
-0.00349936 0.499154 0 2
-0.00341797 -0.489868 0 2
-0.00333658 0.404615 0 2
-0.0032959 -0.393907 0 2
-0.00327554 -0.480704 0 2
-0.00325522 -0.165814 0 2
-0.00317383 -0.221445 0 2
-0.00309244 0.497114 0 2
-0.00301108 -0.217639 0 2
-0.00297037 0.484029 0 2
-0.00292969 -0.426226 0 2
-0.0028483 0.188408 0 2
-0.00276694 0.498983 0 2
-0.00268555 0.368254 0 2
-0.00264487 -0.261593 0 2
-0.00262451 -0.451246 0 2
-0.00261435 -0.187419 0 2
-0.00260925 -0.00570208 0 2
-0.00260416 0.17748 0 2
-0.0025228 0.134923 0 2
-0.00244141 0.280879 0 2
-0.00236002 0.490498 0 2
-0.00231934 -0.464359 0 2
-0.00227866 0.232193 0 2
-0.00219727 -0.489024 0 2
-0.00211588 0.317604 0 2
-0.00203452 -0.328098 0 2
-0.00199381 0.262167 0 2
-0.00197348 -0.447443 0 2
-0.00195312 0.499621 0 2
-0.00187173 0.0474672 0 2
-0.00179037 -0.161552 0 2
-0.00170898 0.196245 0 2
-0.0016683 0.475448 0 2
-0.00162759 0.312884 0 2
-0.00154623 -0.106971 0 2
-0.00146484 -0.445663 0 2
-0.00138345 0.064137 0 2
-0.00134277 -0.498199 0 2
-0.00132242 -0.445872 0 2
-0.00131226 0.388722 0 2
-0.00130209 -0.331825 0 2
-0.0012207 -0.464731 0 2
-0.00113931 0.411275 0 2
-0.00105795 -0.49059 0 2
-0.00101724 -0.49516 0 2
-0.000976562 -0.0397516 0 2
-0.000895172 0.305796 0 2
-0.000813812 0.488114 0 2
-0.000732422 0.404107 0 2
-0.000691742 -0.12719 0 2
-0.000671387 0.0845092 0 2
-0.000651032 -0.49644 0 2
-0.000569671 0.467813 0 2
-0.000488281 0.0792763 0 2
-0.000406891 0.211747 0 2
-0.000366211 -0.475964 0 2
-0.000325531 -0.118266 0 2
-0.000244141 0.156539 0 2
-0.00016275 0.229843 0 2
-8.13901e-05 0.408239 0 2
-4.06802e-05 0.471449 0 2
-2.0355e-05 -0.314133 0 2
-1.01626e-05 0.488808 0 2
-5.0962e-06 0.205841 0 2
-2.5332e-06 -0.375155 0 2
-1.2815e-06 -0.49602 0 2
-6.55651e-07 0.124869 0 2
0 -0.441712 0 2
8.13603e-05 -0.408222 0 2
0.00016278 -0.229827 0 2
0.000244141 -0.156523 0 2
0.000284851 0.330353 0 2
0.000325501 0.118282 0 2
0.000406921 -0.21173 0 2
0.000488281 -0.0792597 0 2
0.000569642 -0.467796 0 2
0.000610352 0.342907 0 2
0.000630677 0.443985 0 2
0.000651062 0.496457 0 2
0.000732422 -0.40409 0 2
0.000813782 -0.488097 0 2
0.000895202 -0.30578 0 2
0.000935853 0.0944974 0 2
0.000976562 0.0397682 0 2
0.00105792 0.490607 0 2
0.00113934 -0.411259 0 2
0.0012207 0.464748 0 2
0.00126141 0.25983 0 2
0.00128174 0.256115 0 2
0.00129193 -0.285497 0 2
0.00130206 0.331842 0 2
0.00138348 -0.0641204 0 2
0.00146484 0.44568 0 2
0.0015462 0.106988 0 2
0.00158691 0.397105 0 2
0.00162762 -0.312867 0 2
0.00170898 -0.196228 0 2
0.00179034 0.161568 0 2
0.00187176 -0.0474505 0 2
0.00191242 -0.320043 0 2
0.0019328 0.441966 0 2
0.00195312 -0.499604 0 2
0.00203449 0.328114 0 2
0.00211591 -0.317588 0 2
0.00219727 0.489041 0 2
0.00223798 -0.178518 0 2
0.00227863 -0.232177 0 2
0.00236005 -0.490481 0 2
0.00244141 -0.280862 0 2
0.00252277 -0.134906 0 2
0.00256348 0.132834 0 2
0.0025838 -0.477094 0 2
0.00259399 -0.449128 0 2
0.00259906 -0.336617 0 2
0.00260419 -0.177464 0 2
0.00268555 -0.368238 0 2
0.00276691 -0.498967 0 2
0.00284833 -0.188391 0 2
0.00288898 -0.13953 0 2
0.00292969 0.426243 0 2
0.00301105 0.217655 0 2
0.00309247 -0.497097 0 2
0.00317383 0.221461 0 2
0.00321454 -0.499686 0 2
0.00323486 -0.293759 0 2
0.00325519 0.16583 0 2
0.00333661 -0.404598 0 2
0.00341797 0.489885 0 2
0.00349933 -0.499138 0 2
0.00354004 0.0649703 0 2
0.00358075 0.493266 0 2
0.00366211 -0.49604 0 2
0.00374347 0.499452 0 2
0.00382489 -0.470146 0 2
0.00386554 -0.257951 0 2
0.00388592 0.0673748 0 2
0.00389606 0.226943 0 2
0.00390625 0.360533 0 2
0.00398761 -0.136225 0 2
0.00406903 -0.175142 0 2
0.00415039 0.443345 0 2
0.0041911 -0.0397254 0 2
0.00423175 -0.470686 0 2
0.00431317 0.154634 0 2
0.00439453 0.314582 0 2
0.00447589 -0.491692 0 2
0.0045166 -0.339703 0 2
0.00453693 -0.123955 0 2
0.00455731 0.119569 0 2
0.00463867 0.413957 0 2
0.00472003 -0.386358 0 2
0.00480145 -0.223329 0 2
0.0048421 0.200257 0 2
0.00488281 0.477944 0 2
0.00496417 0.0946095 0 2
0.00504559 -0.495342 0 2
0.00512695 -0.0670092 0 2
0.00516766 0.295984 0 2
0.00518799 0.424201 0 2
0.00519818 0.466308 0 2
0.00520325 0.481193 0 2
0.00520581 0.48704 0 2
0.00520831 0.49181 0 2
0.00528973 0.135927 0 2
0.00537109 -0.457774 0 2
0.00545245 -0.280377 0 2
0.00549316 0.0419421 0 2
0.00553387 0.342019 0 2
0.00561523 0.440731 0 2
0.00569659 -0.0959767 0 2
0.00577801 -0.495009 0 2
0.00581867 -0.447195 0 2
0.00583905 -0.361334 0 2
0.00585938 -0.244229 0 2
0.00594074 0.306026 0 2
0.00602216 0.487394 0 2
0.00610352 0.118177 0 2
0.00614423 -0.149628 0 2
0.00618488 -0.372087 0 2
0.0062663 -0.474868 0 2
0.00634766 -0.113697 0 2
0.00642902 0.347242 0 2
0.00646973 0.475569 0 2
0.00649005 0.498731 0 2
0.00650024 0.499421 0 2
0.00651044 0.492892 0 2
0.0065918 0.219127 0 2
0.00667316 -0.22706 0 2
0.00675458 -0.490361 0 2
0.00679523 -0.484875 0 2
0.00683594 -0.387344 0 2
0.0069173 -0.0128514 0 2
0.00699872 0.363798 0 2
0.00708008 0.498956 0 2
0.00712079 0.446096 0 2
0.00714111 0.392316 0 2
0.00716144 0.323323 0 2
0.00724286 -0.0406128 0 2
0.00732422 -0.3751 0 2
0.00740558 -0.499807 0 2
0.00744629 -0.46117 0 2
0.007487 -0.361853 0 2
0.00756836 -0.0454647 0 2
0.00764972 0.287161 0 2
0.00773114 0.481764 0 2
0.00777179 0.498876 0 2
0.00779217 0.48621 0 2
0.00780231 0.474758 0 2
0.00780743 0.467796 0 2
0.0078125 0.460029 0 2
0.00789386 0.243382 0 2
0.00797528 -0.0687619 0 2
0.00805664 -0.348512 0 2
0.00809735 -0.441709 0 2
0.008138 -0.492016 0 2
0.00821942 -0.454613 0 2
0.00830078 -0.259219 0 2
0.00838214 0.0198909 0 2
0.00842285 0.161058 0 2
0.00844318 0.226893 0 2
0.00846356 0.287813 0 2
0.00854492 0.461549 0 2
0.00862628 0.493851 0 2
0.0087077 0.382789 0 2
0.00874835 0.28432 0 2
0.00878906 0.166859 0 2
0.00887042 -0.0903418 0 2
0.00895184 -0.319853 0 2
0.0090332 -0.465531 0 2
0.00907391 -0.496082 0 2
0.00909424 -0.499999 0 2
0.00910443 -0.499117 0 2
0.00911456 -0.496361 0 2
0.00919598 -0.410911 0 2
0.00927734 -0.234276 0 2
0.0093587 -0.0094972 0 2
0.00939941 0.10535 0 2
0.00944012 0.213686 0 2
0.00952148 0.389886 0 2
0.00960284 0.486676 0 2
0.00968426 0.489442 0 2
0.00972492 0.456141 0 2
0.0097453 0.431573 0 2
0.00976562 0.402171 0 2
0.00984699 0.244702 0 2
0.00992841 0.0475239 0 2
0.0100098 -0.154552 0 2
0.0100505 -0.246913 0 2
0.0100911 -0.328596 0 2
0.0101725 -0.44862 0 2
0.0102539 -0.498871 0 2
0.0103353 -0.475129 0 2
0.010376 -0.437235 0 2
0.0103963 -0.412454 0 2
0.0104065 -0.398715 0 2
0.0104116 -0.391525 0 2
0.0104141 -0.387851 0 2
0.0104154 -0.385994 0 2
0.0104167 -0.384125 0 2
0.010498 -0.241469 0 2
0.0105794 -0.0686 0 2
0.0106608 0.11065 0 2
0.0107015 0.195391 0 2
0.0107422 0.27337 0 2
0.0108235 0.400347 0 2
0.010905 0.47803 0 2
0.0109863 0.499576 0 2
0.011027 0.48904 0 2
0.0110474 0.478646 0 2
0.0110677 0.464972 0 2
0.0111491 0.380374 0 2
0.0112305 0.256841 0 2
0.0113118 0.108706 0 2
0.0113525 0.0303469 0 2
0.0113932 -0.0482089 0 2
0.0114746 -0.198304 0 2
0.011556 -0.327689 0 2
0.0116374 -0.425335 0 2
0.011678 -0.459781 0 2
0.0116984 -0.473123 0 2
0.0117086 -0.478801 0 2
0.0117188 -0.48381 0 2
0.0118815 -0.473133 0 2
0.0119629 -0.408217 0 2
0.0120443 -0.31159 0 2
0.0121257 -0.192027 0 2
0.012207 -0.0594991 0 2
0.0122884 0.0756989 0 2
0.0123698 0.203733 0 2
0.0124512 0.315901 0 2
0.0125325 0.405147 0 2
0.012614 0.466396 0 2
0.0126953 0.496731 0 2
0.0128581 0.463634 0 2
0.0129395 0.4045 0 2
0.0129802 0.366018 0 2
0.0130005 0.344831 0 2
0.0130208 0.322462 0 2
0.0131022 0.223051 0 2
0.0131836 0.112447 0 2
0.013265 -0.00292188 0 2
0.0133057 -0.0604098 0 2
0.0133464 -0.116754 0 2
0.0134277 -0.2232 0 2
0.0135091 -0.317132 0 2
0.0135905 -0.394349 0 2
0.0136312 -0.425664 0 2
0.0136719 -0.45171 0 2
0.0137532 -0.487205 0 2
0.0138347 -0.499959 0 2
0.013916 -0.490183 0 2
0.0139974 -0.459079 0 2
0.0140788 -0.408713 0 2
0.0141602 -0.341849 0 2
0.0142415 -0.261788 0 2
0.0142822 -0.217941 0 2
0.0143026 -0.19527 0 2
0.0143127 -0.183774 0 2
0.0143229 -0.172181 0 2
0.0144043 -0.0768595 0 2
0.0144857 0.0203357 0 2
0.0145671 0.115701 0 2
0.0146077 0.16161 0 2
0.0146484 0.205801 0 2
0.0148112 0.358441 0 2
0.0148926 0.416305 0 2
0.0149739 0.45965 0 2
0.0150554 0.487515 0 2
0.0151367 0.499498 0 2
0.0152181 0.495725 0 2
0.0152995 0.476809 0 2
0.0154622 0.398093 0 2
0.0155436 0.341423 0 2
0.0155843 0.309575 0 2
0.0156047 0.292884 0 2
0.0156148 0.284361 0 2
0.0156199 0.280058 0 2
0.0156249 0.275726 0 2
0.0157877 0.125735 0 2
0.0158691 0.0458276 0 2
0.0159504 -0.0344588 0 2
0.0161132 -0.188063 0 2
0.016276 -0.320545 0 2
0.0164387 -0.420757 0 2
0.0166015 -0.481548 0 2
0.0166829 -0.496061 0 2
0.0167643 -0.499901 0 2
0.0168456 -0.493293 0 2
0.0168864 -0.4862 0 2
0.016927 -0.476672 0 2
0.0170898 -0.416028 0 2
0.0172526 -0.324698 0 2
0.0174153 -0.211129 0 2
0.0174967 -0.148905 0 2
0.0175374 -0.116953 0 2
0.0175781 -0.0846387 0 2
0.0177408 0.0453705 0 2
0.0178222 0.1089 0 2
0.0179036 0.170079 0 2
0.0180663 0.28178 0 2
0.0181477 0.330744 0 2
0.0181884 0.353215 0 2
0.0182291 0.374253 0 2
0.0185546 0.485227 0 2
0.018636 0.496043 0 2
0.0187174 0.499994 0 2
0.0187988 0.497203 0 2
0.0188801 0.48788 0 2
0.0190429 0.450862 0 2
0.0191243 0.423946 0 2
0.0192057 0.392038 0 2
0.0193684 0.315336 0 2
0.0194498 0.271667 0 2
0.0194905 0.248758 0 2
0.0195109 0.237067 0 2
0.0195312 0.225232 0 2
0.019694 0.126466 0 2
0.0197753 0.0753265 0 2
0.0198567 0.0237931 0 2
0.0200195 -0.0782358 0 2
0.0201008 -0.127687 0 2
0.0201823 -0.175452 0 2
0.0205078 -0.341471 0 2
0.0206705 -0.404885 0 2
0.0207519 -0.430852 0 2
0.0207926 -0.442331 0 2
0.0208129 -0.447688 0 2
0.0208231 -0.450271 0 2
0.0208333 -0.452788 0 2
0.020996 -0.484207 0 2
0.0210774 -0.493609 0 2
0.0211588 -0.498816 0 2
0.0212402 -0.499882 0 2
0.0213215 -0.496892 0 2
0.0214843 -0.479233 0 2
0.0218098 -0.402068 0 2
0.0219726 -0.346052 0 2
0.022054 -0.314564 0 2
0.0221354 -0.281114 0 2
0.0224609 -0.133225 0 2
0.0226237 -0.0546685 0 2
0.0227864 0.0241451 0 2
0.0231119 0.174906 0 2
0.0232747 0.243503 0 2
0.0233561 0.27548 0 2
0.0234374 0.305708 0 2
0.0240885 0.47199 0 2
0.0242512 0.490336 0 2
0.0243326 0.495917 0 2
0.024414 0.499127 0 2
0.0244954 0.499999 0 2
0.0245768 0.498574 0 2
0.0247395 0.48905 0 2
0.0250651 0.445278 0 2
0.0253906 0.373253 0 2
0.0257161 0.279638 0 2
0.0258788 0.22699 0 2
0.0259602 0.199606 0 2
0.0260009 0.1857 0 2
0.0260212 0.178699 0 2
0.0260416 0.171669 0 2
0.0263671 0.0565913 0 2
0.0265299 -0.0014568 0 2
0.0266926 -0.0587807 0 2
0.0270182 -0.168402 0 2
0.0271809 -0.219433 0 2
0.0273437 -0.267215 0 2
0.0279948 -0.417762 0 2
0.0283203 -0.464994 0 2
0.028483 -0.481141 0 2
0.0285644 -0.487339 0 2
0.0286458 -0.492295 0 2
0.0288085 -0.498512 0 2
0.0289713 -0.499897 0 2
0.029134 -0.496596 0 2
0.0292968 -0.488796 0 2
0.0296223 -0.4606 0 2
0.0299479 -0.417376 0 2
0.0305989 -0.295563 0 2
0.0309244 -0.222175 0 2
0.0310872 -0.183506 0 2
0.0311686 -0.163818 0 2
0.0312092 -0.153902 0 2
0.0312499 -0.143946 0 2
0.031901 0.0172521 0 2
0.0322265 0.0958196 0 2
0.032552 0.170503 0 2
0.0332031 0.302264 0 2
0.0338541 0.40342 0 2
0.0345051 0.469117 0 2
0.0348307 0.488185 0 2
0.0351562 0.498209 0 2
0.0354817 0.499501 0 2
0.0358073 0.492507 0 2
0.0361328 0.477784 0 2
0.0364583 0.455971 0 2
0.0371093 0.393941 0 2
0.0377604 0.312466 0 2
0.0384114 0.217755 0 2
0.0387369 0.167317 0 2
0.0388997 0.141638 0 2
0.0390624 0.115765 0 2
0.0397135 0.0119041 0 2
0.040039 -0.0392348 0 2
0.0403645 -0.0891507 0 2
0.0410156 -0.183547 0 2
0.0413411 -0.227277 0 2
0.0415038 -0.248137 0 2
0.0415852 -0.258301 0 2
0.0416259 -0.263315 0 2
0.0416666 -0.268283 0 2
0.0429687 -0.40081 0 2
0.0436198 -0.446435 0 2
0.0442708 -0.477883 0 2
0.0449218 -0.49546 0 2
0.0455729 -0.499854 0 2
0.0462239 -0.49204 0 2
0.0465494 -0.483918 0 2
0.0468749 -0.473197 0 2
0.0481769 -0.407751 0 2
0.0494791 -0.314582 0 2
0.0507811 -0.204503 0 2
0.0514322 -0.146197 0 2
0.0517577 -0.116707 0 2
0.0519205 -0.101932 0 2
0.0520832 -0.0871565 0 2
0.0533853 0.0294539 0 2
0.0540363 0.085471 0 2
0.0546874 0.139111 0 2
0.0559894 0.237328 0 2
0.0566405 0.281174 0 2
0.0572916 0.321167 0 2
0.0598957 0.440274 0 2
0.0611978 0.475223 0 2
0.0618488 0.486824 0 2
0.0621744 0.491216 0 2
0.0624999 0.494696 0 2
0.0638019 0.499942 0 2
0.0651041 0.492468 0 2
0.0664061 0.47391 0 2
0.0670572 0.460999 0 2
0.0677082 0.445943 0 2
0.0703124 0.368279 0 2
0.0716144 0.321599 0 2
0.0722655 0.296897 0 2
0.0729166 0.271493 0 2
0.0755207 0.165578 0 2
0.0768228 0.111704 0 2
0.0781248 0.0582839 0 2
0.080729 -0.0447509 0 2
0.0820311 -0.0934145 0 2
0.0826821 -0.116873 0 2
0.0833331 -0.139702 0 2
0.0885415 -0.297039 0 2
0.0937498 -0.406663 0 2
0.0989581 -0.471336 0 2
0.101562 -0.488943 0 2
0.102864 -0.494507 0 2
0.104167 -0.498082 0 2
0.106771 -0.499783 0 2
0.108073 -0.498157 0 2
0.109375 -0.495041 0 2
0.111979 -0.484792 0 2
0.114583 -0.469899 0 2
0.119791 -0.429244 0 2
0.125 -0.378399 0 2
0.135416 -0.261644 0 2
0.140625 -0.201115 0 2
0.145833 -0.141522 0 2
0.15625 -0.0291792 0 2
0.166666 0.0705695 0 2
0.1875 0.228648 0 2
0.208333 0.337746 0 2
0.229166 0.409546 0 2
0.25 0.454665 0 2
0.260416 0.469839 0 2
0.270833 0.48118 0 2
0.281249 0.489344 0 2
0.286458 0.49241 0 2
0.291666 0.494878 0 2
0.302083 0.498238 0 2
0.312499 0.499803 0 2
0.333333 0.498764 0 2
0.354166 0.493707 0 2
0.374999 0.485985 0 2
0.395833 0.476542 0 2
0.416666 0.466036 0 2
0.437499 0.454927 0 2
0.458332 0.443539 0 2
0.479166 0.432095 0 2
0.499999 0.420751 0 2
