#3
3x5
1 2 0 0 0 
4 1 2 1 2 
1 4 0 0 0
3x5
1 1 0 0 0 
4 1 2 1 2 
1 4 0 0 0
3x5
2 2 1 0 0 
4 1 2 1 2 
1 4 0 0 0
#3 1 1 0
0 1 min.20 1 3 0
1 1 min.19 1 1 0
2 1 min.26 1 1 0
#3 1 1 1
0 1 min.20 1 3 0
1 1 min.19 1 1 3
2 1 min.26 1 1 0
#3 1 1 2
0 1 min.20 1 3 1
1 1 min.19 1 1 0
2 1 min.26 1 1 0
#3 1 1 3
0 1 min.20 1 3 1
1 1 min.19 1 1 3
2 1 min.26 1 1 0
#3 1 2 0
0 1 min.20 1 5 0
1 1 min.19 1 4 0
2 1 min.26 1 2 0
#3 1 2 1
0 1 min.20 1 5 8
1 1 min.19 1 4 0
2 1 min.26 1 2 0
#3 1 2 2
0 1 min.20 1 5 3
1 1 min.19 1 4 0
2 1 min.26 1 2 0
#3 2 1 0
0 1 min.20 1 1 0
1 1 min.19 1 3 0
2 1 min.26 1 1 0
#3 2 1 1
0 1 min.20 1 1 12
1 1 min.19 1 3 0
2 1 min.26 1 1 0
#3 2 1 2
0 1 min.20 1 1 1
1 1 min.19 1 3 0
2 1 min.26 1 1 0
#3 2 1 3
0 1 min.20 1 1 13
1 1 min.19 1 3 0
2 1 min.26 1 1 0
#3 2 2 0
0 1 min.20 1 4 0
1 1 min.19 1 5 0
2 1 min.26 1 2 0
#3 2 2 1
0 1 min.20 1 4 1
1 1 min.19 1 5 2
2 1 min.26 1 2 0
#3 2 2 2
0 1 min.20 1 4 4
1 1 min.19 1 5 0
2 1 min.26 1 2 0
