#6
6x12
11 1 1 2 1 2 2 1 1 1 2 1 
6 1 2 1 2 1 2 0 0 0 0 0 
10 1 2 2 1 1 2 1 2 2 1 0 
9 2 1 2 2 2 1 1 2 1 0 0 
8 2 1 1 1 2 1 2 2 0 0 0 
15 48 0 0 0 0 0 0 0 0 0 0
6x12
11 1 1 2 1 2 2 1 1 1 2 1 
6 1 2 1 2 1 2 0 0 0 0 0 
10 2 1 1 1 2 1 2 1 1 2 0 
7 2 1 2 2 2 1 2 0 0 0 0 
10 1 2 2 1 1 2 1 2 2 1 0 
15 48 0 0 0 0 0 0 0 0 0 0
6x12
6 1 2 1 2 1 2 0 0 0 0 0 
9 2 2 2 1 2 2 2 2 1 0 0 
8 1 1 1 2 1 2 1 1 0 0 0 
11 1 1 2 1 2 2 1 1 1 2 1 
8 2 1 1 1 2 1 2 2 0 0 0 
10 72 0 0 0 0 0 0 0 0 0 0
4x12
6 2 2 2 1 1 2 0 0 0 0 0 
7 2 2 2 1 1 2 2 0 0 0 0 
11 1 1 2 1 2 2 1 1 1 2 1 
6 120 0 0 0 0 0 0 0 0 0 0
4x11
9 2 2 2 1 2 2 2 2 1 0 
7 2 2 2 1 1 2 2 0 0 0 
10 1 2 2 1 2 1 1 2 2 1 
6 120 0 0 0 0 0 0 0 0 0
4x12
9 1 1 2 1 1 2 1 2 1 0 0 
11 1 2 1 1 1 2 1 2 1 1 1 
6 1 2 2 1 1 1 0 0 0 0 0 
1 360 0 0 0 0 0 0 0 0 0 0
