#3
3x3
1 2 0 
2 1 1 
1 4 0
3x3
1 1 0 
2 1 1 
1 4 0
3x3
2 1 2 
2 1 1 
1 4 0
#3 1 1 0
0 1 min.21 1 1 0
1 1 min.25 1 1 0
2 1 min.27 1 1 0
#3 1 1 1
0 1 min.21 1 1 0
1 1 min.25 1 1 2
2 1 min.27 1 1 0
#3 1 1 10
0 1 min.21 1 1 9
1 1 min.25 1 1 1
2 1 min.27 1 1 1
#3 1 1 11
0 1 min.21 1 1 9
1 1 min.25 1 1 1
2 1 min.27 1 1 1
#3 1 1 12
0 1 min.21 1 1 12
1 1 min.25 1 1 1
2 1 min.27 1 1 1
#3 1 1 13
0 1 min.21 1 1 12
1 1 min.25 1 1 1
2 1 min.27 1 1 1
#3 1 1 14
0 1 min.21 1 1 13
1 1 min.25 1 1 1
2 1 min.27 1 1 1
#3 1 1 15
0 1 min.21 1 1 13
1 1 min.25 1 1 1
2 1 min.27 1 1 1
#3 1 1 16
0 1 min.21 1 1 0
1 1 min.25 1 1 2
2 1 min.27 1 1 2
#3 1 1 17
0 1 min.21 1 1 0
1 1 min.25 1 1 2
2 1 min.27 1 1 2
#3 1 1 18
0 1 min.21 1 1 1
1 1 min.25 1 1 2
2 1 min.27 1 1 2
#3 1 1 19
0 1 min.21 1 1 1
1 1 min.25 1 1 2
2 1 min.27 1 1 2
#3 1 1 2
0 1 min.21 1 1 1
1 1 min.25 1 1 0
2 1 min.27 1 1 0
#3 1 1 20
0 1 min.21 1 1 4
1 1 min.25 1 1 2
2 1 min.27 1 1 0
#3 1 1 21
0 1 min.21 1 1 4
1 1 min.25 1 1 2
2 1 min.27 1 1 0
#3 1 1 22
0 1 min.21 1 1 5
1 1 min.25 1 1 2
2 1 min.27 1 1 0
#3 1 1 23
0 1 min.21 1 1 5
1 1 min.25 1 1 2
2 1 min.27 1 1 0
#3 1 1 3
0 1 min.21 1 1 1
1 1 min.25 1 1 2
2 1 min.27 1 1 0
#3 1 1 4
0 1 min.21 1 1 4
1 1 min.25 1 1 0
2 1 min.27 1 1 2
#3 1 1 5
0 1 min.21 1 1 4
1 1 min.25 1 1 2
2 1 min.27 1 1 2
#3 1 1 6
0 1 min.21 1 1 5
1 1 min.25 1 1 0
2 1 min.27 1 1 2
#3 1 1 7
0 1 min.21 1 1 5
1 1 min.25 1 1 2
2 1 min.27 1 1 2
#3 1 1 8
0 1 min.21 1 1 8
1 1 min.25 1 1 1
2 1 min.27 1 1 1
#3 1 1 9
0 1 min.21 1 1 8
1 1 min.25 1 1 1
2 1 min.27 1 1 1
#3 1 2 0
0 1 min.21 1 2 0
1 1 min.25 1 2 0
2 1 min.27 1 2 0
#3 1 2 1
0 1 min.21 1 2 0
1 1 min.25 1 2 4
2 1 min.27 1 2 0
#3 1 2 2
0 1 min.21 1 2 0
1 1 min.25 1 2 1
2 1 min.27 1 2 1
#3 1 2 3
0 1 min.21 1 2 0
1 1 min.25 1 2 1
2 1 min.27 1 2 1
#3 1 2 4
0 1 min.21 1 2 1
1 1 min.25 1 2 0
2 1 min.27 1 2 0
#3 1 2 5
0 1 min.21 1 2 1
1 1 min.25 1 2 4
2 1 min.27 1 2 0
#3 1 2 6
0 1 min.21 1 2 1
1 1 min.25 1 2 1
2 1 min.27 1 2 1
#3 1 2 7
0 1 min.21 1 2 1
1 1 min.25 1 2 1
2 1 min.27 1 2 1
#3 1 3 0
0 1 min.21 1 3 0
1 1 min.25 1 2 0
2 1 min.27 1 3 0
#3 1 3 1
0 1 min.21 1 3 4
1 1 min.25 1 2 0
2 1 min.27 1 3 2
#3 1 3 10
0 1 min.21 1 3 1
1 1 min.25 1 2 1
2 1 min.27 1 3 2
#3 1 3 11
0 1 min.21 1 3 5
1 1 min.25 1 2 1
2 1 min.27 1 3 0
#3 1 3 2
0 1 min.21 1 3 1
1 1 min.25 1 2 1
2 1 min.27 1 3 0
#3 1 3 3
0 1 min.21 1 3 5
1 1 min.25 1 2 1
2 1 min.27 1 3 2
#3 1 3 4
0 1 min.21 1 3 2
1 1 min.25 1 2 2
2 1 min.27 1 3 1
#3 1 3 5
0 1 min.21 1 3 6
1 1 min.25 1 2 2
2 1 min.27 1 3 1
#3 1 3 6
0 1 min.21 1 3 3
1 1 min.25 1 2 2
2 1 min.27 1 3 1
#3 1 3 7
0 1 min.21 1 3 7
1 1 min.25 1 2 2
2 1 min.27 1 3 1
#3 1 3 8
0 1 min.21 1 3 0
1 1 min.25 1 2 4
2 1 min.27 1 3 2
#3 1 3 9
0 1 min.21 1 3 4
1 1 min.25 1 2 4
2 1 min.27 1 3 0
#3 1 4 0
0 1 min.21 1 4 0
1 1 min.25 1 1 0
2 1 min.27 1 4 0
#3 1 4 1
0 1 min.21 1 4 1
1 1 min.25 1 1 0
2 1 min.27 1 4 0
#3 1 4 2
0 1 min.21 1 4 4
1 1 min.25 1 1 1
2 1 min.27 1 4 1
#3 1 4 3
0 1 min.21 1 4 5
1 1 min.25 1 1 1
2 1 min.27 1 4 1
#3 1 4 4
0 1 min.21 1 4 0
1 1 min.25 1 1 2
2 1 min.27 1 4 0
#3 1 4 5
0 1 min.21 1 4 1
1 1 min.25 1 1 2
2 1 min.27 1 4 0
#3 1 5 0
0 1 min.21 1 5 0
1 1 min.25 1 2 0
2 1 min.27 1 5 0
#3 1 5 1
0 1 min.21 1 5 1
1 1 min.25 1 2 1
2 1 min.27 1 5 0
#3 1 5 2
0 1 min.21 1 5 0
1 1 min.25 1 2 1
2 1 min.27 1 5 1
#3 1 5 3
0 1 min.21 1 5 1
1 1 min.25 1 2 4
2 1 min.27 1 5 1
#3 1 6 0
0 1 min.21 1 6 0
1 1 min.25 1 2 0
2 1 min.27 1 6 0
#3 1 6 1
0 1 min.21 1 6 1
1 1 min.25 1 2 0
2 1 min.27 1 6 0
#3 1 6 2
0 1 min.21 1 6 4
1 1 min.25 1 2 2
2 1 min.27 1 6 1
#3 1 6 3
0 1 min.21 1 6 5
1 1 min.25 1 2 2
2 1 min.27 1 6 1
#3 1 6 4
0 1 min.21 1 6 0
1 1 min.25 1 2 4
2 1 min.27 1 6 0
#3 1 6 5
0 1 min.21 1 6 1
1 1 min.25 1 2 4
2 1 min.27 1 6 0
