#9
5x8
5 1 3 3 3 1 0 0 
7 1 2 3 3 3 1 3 
4 3 1 3 1 0 0 0 
6 1 3 1 3 3 3 0 
1 36 0 0 0 0 0 0
5x7
5 1 3 3 3 1 0 
5 3 3 3 1 3 0 
4 3 1 3 1 0 0 
6 1 3 1 3 3 3 
1 36 0 0 0 0 0
5x7
5 1 3 3 3 1 0 
2 1 2 0 0 0 0 
4 3 1 3 1 0 0 
6 1 3 1 3 3 3 
1 36 0 0 0 0 0
5x8
7 1 2 3 3 3 1 3 
5 3 3 3 1 3 0 0 
4 3 1 3 1 0 0 0 
6 1 3 1 3 3 3 0 
1 36 0 0 0 0 0 0
5x8
6 1 3 1 3 1 3 0 
7 1 2 3 3 3 1 3 
4 3 1 3 1 0 0 0 
6 1 3 1 3 3 3 0 
1 36 0 0 0 0 0 0
5x7
6 2 3 1 3 1 3 
5 3 3 3 1 3 0 
4 3 1 3 1 0 0 
6 1 3 1 3 3 3 
1 36 0 0 0 0 0
5x7
6 1 3 1 3 1 3 
2 1 2 0 0 0 0 
4 3 1 3 1 0 0 
6 1 3 1 3 3 3 
1 36 0 0 0 0 0
5x8
5 1 3 3 3 1 0 0 
7 1 2 3 3 3 1 3 
5 3 3 3 1 3 0 0 
2 3 3 0 0 0 0 0 
3 24 0 0 0 0 0 0
5x8
5 1 3 3 3 1 0 0 
7 1 2 3 3 3 1 3 
5 3 3 3 1 3 0 0 
4 3 1 3 1 0 0 0 
3 24 0 0 0 0 0 0
