#4
4x13
1 2 0 0 0 0 0 0 0 0 0 0 0 
12 1 2 1 2 1 2 1 2 1 2 1 2 
8 2 1 2 1 2 1 2 1 0 0 0 0 
1 12 0 0 0 0 0 0 0 0 0 0 0
4x13
7 2 1 2 1 2 1 2 0 0 0 0 0 
12 1 2 1 2 1 2 1 2 1 2 1 2 
8 2 1 2 1 2 1 2 1 0 0 0 0 
1 12 0 0 0 0 0 0 0 0 0 0 0
4x13
6 1 2 1 2 1 2 0 0 0 0 0 0 
12 1 2 1 2 1 2 1 2 1 2 1 2 
8 2 1 2 1 2 1 2 1 0 0 0 0 
1 12 0 0 0 0 0 0 0 0 0 0 0
4x13
1 2 0 0 0 0 0 0 0 0 0 0 0 
7 2 1 2 1 2 1 2 0 0 0 0 0 
12 1 2 1 2 1 2 1 2 1 2 1 2 
3 8 0 0 0 0 0 0 0 0 0 0 0
#3 1 1 0
0 2 group.60 1 1 0
2 1 min.54 1 1 0
3 3 min.24 3 1 0
