#17
6x7
3 4 4 4 0 0 0 
5 3 4 1 4 1 0 
1 2 0 0 0 0 0 
4 4 1 4 1 0 0 
6 1 4 1 4 4 4 
1 72 0 0 0 0 0
6x7
3 4 4 4 0 0 0 
5 3 4 1 4 1 0 
5 1 4 1 4 1 0 
4 4 1 4 1 0 0 
6 1 4 1 4 4 4 
1 72 0 0 0 0 0
6x7
3 4 4 4 0 0 0 
5 3 4 1 4 1 0 
6 1 2 4 1 4 1 
4 4 1 4 1 0 0 
6 1 4 1 4 4 4 
1 72 0 0 0 0 0
6x7
3 4 4 4 0 0 0 
1 2 0 0 0 0 0 
5 1 4 1 4 1 0 
4 4 1 4 1 0 0 
6 1 4 1 4 4 4 
1 72 0 0 0 0 0
6x7
3 4 4 4 0 0 0 
2 1 3 0 0 0 0 
1 2 0 0 0 0 0 
4 4 1 4 1 0 0 
6 1 4 1 4 4 4 
1 72 0 0 0 0 0
6x7
3 4 4 4 0 0 0 
6 2 3 4 1 4 1 
5 1 4 1 4 1 0 
4 4 1 4 1 0 0 
6 1 4 1 4 4 4 
1 72 0 0 0 0 0
6x7
3 4 4 4 0 0 0 
2 1 3 0 0 0 0 
6 1 2 4 1 4 1 
4 4 1 4 1 0 0 
6 1 4 1 4 4 4 
1 72 0 0 0 0 0
6x7
5 3 4 1 4 1 0 
1 2 0 0 0 0 0 
5 1 4 1 4 1 0 
4 4 1 4 1 0 0 
6 1 4 1 4 4 4 
1 72 0 0 0 0 0
6x9
8 1 4 1 4 1 4 4 4 
5 3 4 1 4 1 0 0 0 
1 2 0 0 0 0 0 0 0 
4 4 1 4 1 0 0 0 0 
6 1 4 1 4 4 4 0 0 
1 72 0 0 0 0 0 0 0
6x7
4 2 4 4 4 0 0 
5 3 4 1 4 1 0 
5 1 4 1 4 1 0 
4 4 1 4 1 0 0 
6 1 4 1 4 4 4 
1 72 0 0 0 0 0
6x9
8 1 4 1 4 1 4 4 4 
5 3 4 1 4 1 0 0 0 
6 1 2 4 1 4 1 0 0 
4 4 1 4 1 0 0 0 0 
6 1 4 1 4 4 4 0 0 
1 72 0 0 0 0 0 0 0
6x9
8 3 4 1 4 1 4 4 4 
1 2 0 0 0 0 0 0 0 
5 1 4 1 4 1 0 0 0 
4 4 1 4 1 0 0 0 0 
6 1 4 1 4 4 4 0 0 
1 72 0 0 0 0 0 0 0
6x9
8 1 4 1 4 1 4 4 4 
2 1 3 0 0 0 0 0 0 
1 2 0 0 0 0 0 0 0 
4 4 1 4 1 0 0 0 0 
6 1 4 1 4 4 4 0 0 
1 72 0 0 0 0 0 0 0
6x7
4 2 4 4 4 0 0 
6 2 3 4 1 4 1 
5 1 4 1 4 1 0 
4 4 1 4 1 0 0 
6 1 4 1 4 4 4 
1 72 0 0 0 0 0
6x9
8 1 4 1 4 1 4 4 4 
2 1 3 0 0 0 0 0 0 
6 1 2 4 1 4 1 0 0 
4 4 1 4 1 0 0 0 0 
6 1 4 1 4 4 4 0 0 
1 72 0 0 0 0 0 0 0
6x6
3 4 4 4 0 0 
5 3 4 1 4 1 
1 2 0 0 0 0 
5 1 4 1 4 1 
2 4 4 0 0 0 
3 48 0 0 0 0
6x6
3 4 4 4 0 0 
5 3 4 1 4 1 
1 2 0 0 0 0 
5 1 4 1 4 1 
4 4 1 4 1 0 
3 48 0 0 0 0
