#3
4x8
3 1 1 2 0 0 0 0 
1 2 0 0 0 0 0 0 
7 1 1 1 1 1 2 1 
1 12 0 0 0 0 0 0
4x8
3 1 1 1 0 0 0 0 
1 2 0 0 0 0 0 0 
7 1 1 1 1 1 2 1 
1 8 0 0 0 0 0 0
3x4
3 1 1 1 
3 1 1 2 
4 6 0 0
#3 1 1 0
0 1 min.14 1 1 0
1 1 group.7 1 3 0
2 4 group.22 1 2 0
#3 1 1 1
0 1 min.14 1 1 0
1 1 group.7 1 3 1
2 4 group.22 1 2 0
#3 2 1 0
0 1 min.14 2 1 0
1 1 group.7 1 1 0
2 4 group.22 1 2 0
#3 2 1 1
0 1 min.14 2 1 0
1 1 group.7 1 1 63
2 4 group.22 1 2 0
#3 2 1 2
0 1 min.14 2 1 1
1 1 group.7 1 1 25
2 4 group.22 1 2 0
#3 3 1 0
0 1 min.14 3 1 0
1 1 group.7 1 4 0
2 4 group.22 1 2 0
#3 3 1 1
0 1 min.14 3 1 1
1 1 group.7 1 4 7
2 4 group.22 1 2 0
