#5
5x8
5 2 1 2 1 2 0 0 
2 1 1 0 0 0 0 0 
7 1 1 1 2 1 3 2 
6 1 1 1 2 1 2 0 
1 36 0 0 0 0 0 0
5x8
1 1 0 0 0 0 0 0 
2 1 1 0 0 0 0 0 
7 1 1 1 2 1 3 2 
6 1 1 1 2 1 2 0 
1 36 0 0 0 0 0 0
5x8
6 1 2 1 2 1 2 0 
2 1 1 0 0 0 0 0 
7 1 1 1 2 1 3 2 
6 1 1 1 2 1 2 0 
1 36 0 0 0 0 0 0
5x10
5 2 1 2 1 2 0 0 0 0 
1 1 0 0 0 0 0 0 0 0 
2 1 1 0 0 0 0 0 0 0 
9 1 1 2 1 2 1 2 3 2 
3 24 0 0 0 0 0 0 0 0
5x7
5 2 1 2 1 2 0 
1 1 0 0 0 0 0 
2 1 1 0 0 0 0 
6 1 1 1 2 1 2 
3 24 0 0 0 0 0
#3 1 1 0
0 1 group.120 1 1 0
1 2 group.187 1 1 0
3 6 group.186 1 1 0
