#7
8x10
4 2 2 3 3 0 0 0 0 0 
5 3 1 2 3 2 0 0 0 0 
8 1 2 2 3 3 1 1 2 0 
6 2 2 3 2 2 3 0 0 0 
9 1 2 2 3 2 2 3 1 1 
8 1 1 2 2 3 3 1 2 0 
8 1 3 1 3 1 3 1 3 0 
1 288 0 0 0 0 0 0 0 0
8x10
9 1 3 1 1 2 3 1 3 2 
4 2 2 3 3 0 0 0 0 0 
8 1 2 2 3 3 1 1 2 0 
6 2 2 3 2 2 3 0 0 0 
9 1 2 2 3 2 2 3 1 1 
8 1 1 2 2 3 3 1 2 0 
8 1 3 1 3 1 3 1 3 0 
3 192 0 0 0 0 0 0 0 0
8x10
9 1 3 1 1 2 3 1 3 2 
5 3 1 2 3 2 0 0 0 0 
8 1 2 2 3 3 1 1 2 0 
6 2 2 3 2 2 3 0 0 0 
9 1 2 2 3 2 2 3 1 1 
8 1 1 2 2 3 3 1 2 0 
8 1 3 1 3 1 3 1 3 0 
3 192 0 0 0 0 0 0 0 0
8x10
9 1 3 1 1 2 3 1 3 2 
7 3 1 1 2 2 3 2 0 0 
8 1 2 2 3 3 1 1 2 0 
6 2 2 3 2 2 3 0 0 0 
9 1 2 2 3 2 2 3 1 1 
8 1 1 2 2 3 3 1 2 0 
8 1 3 1 3 1 3 1 3 0 
3 192 0 0 0 0 0 0 0 0
8x10
9 1 3 1 1 2 3 1 3 2 
9 1 1 2 3 1 2 2 3 1 
8 1 2 2 3 3 1 1 2 0 
6 2 2 3 2 2 3 0 0 0 
9 1 2 2 3 2 2 3 1 1 
8 1 1 2 2 3 3 1 2 0 
8 1 3 1 3 1 3 1 3 0 
3 192 0 0 0 0 0 0 0 0
7x10
9 1 3 1 1 2 3 1 3 2 
4 2 2 3 3 0 0 0 0 0 
5 3 1 2 3 2 0 0 0 0 
8 2 2 3 1 2 2 3 1 0 
6 1 3 1 1 3 1 0 0 0 
8 1 3 1 3 1 3 1 3 0 
4 144 0 0 0 0 0 0 0 0
7x11
9 1 3 1 1 2 3 1 3 2 0 
4 2 2 3 3 0 0 0 0 0 0 
5 3 1 2 3 2 0 0 0 0 0 
10 1 2 2 3 1 1 2 2 3 1 
4 3 1 3 1 0 0 0 0 0 0 
8 1 3 1 3 1 3 1 3 0 0 
4 144 0 0 0 0 0 0 0 0 0
#5 1 1 0
0 1 group.159 1 1 0
1 3 group.154 1 1 0
2 3 group.154 3 1 0
3 6 group.155 1 1 0
5 8 group.149 1 1 0
