Title:
Authors:
Table:
================================================================================
Byte-by-byte Description of file: table.dat
--------------------------------------------------------------------------------
 Bytes Format Units  Label     Explanations
--------------------------------------------------------------------------------
 1-13  E13.8  m      wavelength  [0.0/0.01] Description of wavelength         
15-27  E13.8  W.m-3  flux        [38581380.0/2148999936.0] Description of flux
29-41  E13.8  W.m-3  uncertainty [0.15/8.6] Description of uncertainty        
--------------------------------------------------------------------------------
Notes:
--------------------------------------------------------------------------------
2.7458120e-07 1.3815000e+08 5.5259997e-01
2.7558144e-07 1.8155000e+08 7.2619998e-01
2.7658169e-07 2.5205000e+08 1.0081999e+00
2.7758190e-07 2.4330000e+08 9.7319996e-01
2.7858215e-07 1.6540002e+08 6.6159999e-01
2.7958239e-07 9.0585000e+07 3.6234000e-01
2.8058264e-07 9.9785000e+07 3.9914000e-01
2.8158289e-07 2.1690000e+08 8.6760002e-01
2.8258316e-07 3.0475002e+08 1.2190000e+00
2.8358340e-07 3.2530000e+08 1.3011999e+00
2.8458365e-07 2.4475000e+08 9.7899997e-01
2.8558389e-07 1.6959998e+08 6.7839992e-01
2.8658414e-07 3.3340000e+08 1.3335999e+00
2.8758438e-07 3.4790000e+08 1.3916000e+00
2.8858463e-07 3.3290000e+08 1.3316000e+00
2.8958488e-07 4.8919997e+08 1.9567999e+00
2.9058512e-07 6.2255002e+08 2.4902000e+00
2.9158537e-07 6.0180000e+08 2.4071999e+00
2.9258558e-07 5.3950003e+08 2.1580000e+00
2.9358586e-07 5.5450003e+08 2.2179999e+00
2.9458610e-07 5.2680000e+08 2.1071999e+00
2.9558635e-07 5.7115002e+08 2.2846000e+00
2.9658659e-07 5.2580003e+08 2.1032000e+00
2.9758684e-07 5.2465002e+08 2.0985999e+00
2.9858708e-07 4.8200000e+08 1.9280000e+00
2.9958736e-07 5.0154998e+08 2.0061998e+00
3.0058760e-07 4.3615002e+08 1.7446001e+00
3.0158785e-07 4.7275002e+08 1.8910000e+00
3.0258809e-07 5.0690000e+08 2.0275998e+00
3.0358834e-07 6.4455002e+08 2.5782001e+00
3.0458861e-07 6.2549997e+08 2.5019999e+00
3.0558886e-07 6.1675002e+08 2.4670000e+00
3.0658910e-07 5.7705005e+08 2.3082001e+00
3.0758932e-07 6.3849997e+08 2.5539999e+00
3.0858959e-07 6.3509997e+08 2.5403998e+00
3.0958984e-07 5.1645002e+08 2.0658000e+00
3.1059008e-07 6.4820000e+08 2.5927999e+00
3.1159036e-07 7.5640000e+08 3.0256000e+00
3.1259060e-07 6.8080000e+08 2.7232001e+00
3.1359085e-07 7.2580000e+08 2.9031999e+00
3.1459112e-07 6.8815002e+08 2.7526000e+00
3.1559136e-07 6.5684998e+08 2.6273999e+00
3.1659161e-07 6.5600013e+08 2.6240005e+00
3.1759186e-07 8.0249997e+08 3.2100000e+00
3.1859210e-07 6.9035002e+08 2.7614000e+00
3.1959235e-07 7.3860000e+08 2.9544001e+00
3.2059262e-07 8.3489997e+08 3.3395998e+00
3.2159286e-07 7.2595002e+08 2.9038000e+00
3.2259311e-07 7.1449997e+08 2.8579998e+00
3.2359338e-07 6.8624998e+08 2.7449999e+00
3.2459363e-07 7.8959994e+08 3.1583996e+00
3.2559387e-07 9.0989997e+08 3.6395998e+00
3.2659415e-07 1.0155000e+09 4.0619998e+00
3.2759439e-07 9.8830003e+08 3.9532001e+00
3.2859467e-07 9.5210010e+08 3.8084002e+00
3.2959491e-07 1.1000000e+09 4.4000001e+00
3.3059513e-07 1.0535000e+09 4.2139997e+00
3.3159540e-07 1.0013500e+09 4.0054002e+00
3.3259565e-07 9.9069997e+08 3.9627998e+00
3.3359592e-07 9.5489997e+08 3.8195999e+00
3.3459617e-07 9.9389997e+08 3.9756000e+00
3.3559644e-07 9.7754995e+08 3.9101999e+00
3.3659668e-07 8.3960006e+08 3.3584001e+00
3.3759696e-07 8.7360000e+08 3.4944000e+00
3.3859720e-07 9.5600013e+08 3.8240004e+00
3.3959745e-07 9.9444998e+08 3.9777999e+00
3.4059769e-07 1.0430000e+09 4.1719999e+00
3.4159794e-07 9.5849997e+08 3.8339999e+00
3.4259821e-07 1.0305000e+09 4.1220002e+00
3.4359846e-07 9.8705005e+08 3.9482000e+00
3.4459873e-07 8.2690003e+08 3.3076000e+00
3.4559898e-07 9.7349997e+08 3.8939998e+00
3.4659925e-07 9.6074995e+08 3.8429997e+00
3.4759950e-07 9.3519994e+08 3.7407997e+00
3.4859977e-07 9.3149984e+08 3.7259994e+00
3.4959999e-07 9.2430010e+08 3.6972003e+00
3.5060026e-07 1.0875000e+09 4.3499999e+00
3.5160053e-07 1.0165000e+09 4.0660000e+00
3.5260078e-07 9.4240013e+08 3.7696004e+00
3.5360105e-07 1.0715000e+09 4.2859998e+00
3.5460130e-07 1.1505000e+09 4.6020002e+00
3.5560157e-07 1.0840000e+09 4.3360000e+00
3.5660182e-07 9.4269997e+08 3.7707999e+00
3.5760206e-07 8.2595002e+08 3.3037999e+00
3.5860231e-07 7.2110003e+08 2.8843999e+00
3.5960258e-07 1.0305000e+09 4.1220002e+00
3.6060283e-07 1.0050000e+09 4.0200000e+00
3.6160310e-07 9.1194995e+08 3.6477995e+00
3.6260337e-07 1.0355000e+09 4.1420002e+00
3.6360362e-07 1.0340000e+09 4.1360002e+00
3.6460389e-07 1.0510000e+09 4.2040000e+00
3.6560414e-07 1.1965000e+09 4.7859998e+00
3.6660438e-07 1.2790001e+09 5.1160002e+00
3.6760466e-07 1.2255000e+09 4.9020000e+00
3.6860490e-07 1.1435000e+09 4.5739999e+00
3.6960517e-07 1.2750001e+09 5.0999999e+00
3.7060542e-07 1.1855000e+09 4.7420001e+00
3.7160569e-07 1.2200000e+09 4.8800001e+00
3.7260597e-07 1.0965000e+09 4.3860002e+00
3.7360621e-07 9.5745005e+08 3.8298001e+00
3.7460646e-07 9.3684998e+08 3.7473998e+00
3.7560670e-07 1.1030001e+09 4.4120002e+00
3.7660698e-07 1.1280000e+09 4.5120001e+00
3.7760725e-07 1.3305000e+09 5.3220000e+00
3.7860750e-07 1.3755000e+09 5.5019999e+00
3.7960777e-07 1.1075000e+09 4.4299998e+00
3.8060804e-07 1.2455000e+09 4.9819999e+00
3.8160829e-07 1.1185000e+09 4.4740000e+00
3.8260853e-07 8.1949997e+08 3.2779999e+00
3.8360881e-07 7.1095002e+08 2.8438001e+00
3.8460905e-07 9.9320000e+08 3.9728000e+00
3.8560933e-07 1.0455000e+09 4.1820002e+00
3.8660957e-07 1.0430000e+09 4.1719999e+00
3.8760984e-07 1.0390000e+09 4.1560001e+00
3.8861012e-07 1.0195000e+09 4.0779996e+00
3.8961036e-07 1.2145000e+09 4.8579998e+00
3.9061061e-07 1.2895000e+09 5.1580000e+00
3.9161088e-07 1.3875000e+09 5.5499997e+00
3.9261113e-07 1.0570000e+09 4.2279997e+00
3.9361140e-07 6.0455002e+08 2.4182000e+00
3.9461167e-07 1.0630000e+09 4.2519999e+00
3.9561195e-07 1.3605000e+09 5.4419999e+00
3.9661219e-07 8.8404998e+08 3.5361998e+00
3.9761244e-07 9.5880000e+08 3.8351998e+00
3.9861271e-07 1.5765000e+09 6.3059998e+00
3.9961296e-07 1.7225000e+09 6.8899999e+00
4.0061323e-07 1.7420000e+09 6.9679999e+00
4.0161351e-07 1.8120000e+09 7.2479997e+00
4.0261375e-07 1.8255000e+09 7.3020000e+00
4.0361402e-07 1.7495000e+09 6.9979997e+00
4.0461427e-07 1.7380000e+09 6.9520001e+00
4.0561454e-07 1.7314999e+09 6.9259996e+00
4.0661479e-07 1.6510001e+09 6.6040001e+00
4.0761506e-07 1.6880000e+09 6.7519999e+00
4.0861534e-07 1.7995000e+09 7.1980000e+00
4.0961558e-07 1.7760000e+09 7.1040001e+00
4.1061588e-07 1.5040000e+09 6.0159998e+00
4.1161610e-07 1.8220000e+09 7.2879996e+00
4.1261634e-07 1.7940000e+09 7.1759996e+00
4.1361665e-07 1.7600000e+09 7.0400000e+00
4.1461689e-07 1.7410001e+09 6.9640002e+00
4.1561714e-07 1.7380000e+09 6.9520001e+00
4.1661744e-07 1.8469999e+09 7.3879995e+00
4.1761768e-07 1.6689999e+09 6.6759996e+00
4.1861796e-07 1.6880000e+09 6.7519999e+00
4.1961820e-07 1.7049999e+09 6.8199997e+00
4.2061845e-07 1.7620000e+09 7.0479999e+00
4.2161875e-07 1.8020000e+09 7.2079997e+00
4.2261900e-07 1.5860000e+09 6.3440003e+00
4.2361924e-07 1.7150001e+09 6.8599997e+00
4.2461954e-07 1.7720000e+09 7.0879998e+00
4.2561979e-07 1.6989999e+09 6.7959995e+00
4.2662006e-07 1.7020000e+09 6.8079996e+00
4.2762031e-07 1.5730001e+09 6.2919998e+00
4.2862055e-07 1.5910001e+09 6.3640003e+00
4.2962085e-07 1.4789999e+09 5.9159994e+00
4.3062110e-07 1.1380000e+09 4.5520000e+00
4.3162134e-07 1.6900000e+09 6.7599998e+00
4.3262162e-07 1.6500000e+09 6.5999999e+00
4.3362186e-07 1.7350001e+09 6.9400001e+00
4.3462217e-07 1.6740000e+09 6.6959996e+00
4.3562241e-07 1.7269999e+09 6.9079995e+00
4.3662266e-07 1.9340000e+09 7.7359996e+00
4.3762296e-07 1.8110001e+09 7.2440000e+00
4.3862320e-07 1.5710001e+09 6.2839999e+00
4.3962348e-07 1.8300000e+09 7.3199997e+00
4.4062372e-07 1.7169999e+09 6.8679996e+00
4.4162397e-07 1.9360000e+09 7.7440000e+00
4.4262427e-07 1.9849999e+09 7.9400001e+00
4.4362451e-07 1.9140000e+09 7.6559997e+00
4.4462482e-07 1.9780000e+09 7.9120002e+00
4.4562506e-07 1.8260000e+09 7.3039999e+00
4.4662528e-07 1.8960000e+09 7.5840001e+00
4.4762558e-07 2.0820000e+09 8.3280001e+00
4.4862583e-07 1.9780000e+09 7.9120002e+00
4.4962613e-07 2.0320000e+09 8.1279993e+00
4.5062637e-07 2.1489999e+09 8.5959997e+00
4.5162662e-07 2.1140000e+09 8.4559994e+00
4.5262689e-07 1.9460000e+09 7.7839999e+00
4.5362714e-07 1.9750001e+09 7.8999996e+00
4.5462744e-07 1.9840000e+09 7.9359994e+00
4.5562768e-07 2.0389999e+09 8.1559992e+00
4.5662793e-07 2.0820000e+09 8.3280001e+00
4.5762823e-07 2.1049999e+09 8.4200001e+00
4.5862848e-07 1.9760000e+09 7.9040003e+00
4.5962875e-07 2.0140000e+09 8.0559998e+00
4.6062900e-07 2.0449999e+09 8.1799994e+00
4.6162930e-07 2.0600000e+09 8.2399998e+00
4.6262954e-07 2.1089999e+09 8.4359999e+00
4.6362979e-07 2.0449999e+09 8.1799994e+00
4.6463009e-07 1.9810001e+09 7.9240003e+00
4.6563034e-07 2.0469999e+09 8.1879997e+00
4.6663061e-07 1.9260000e+09 7.7040000e+00
4.6763085e-07 2.0200000e+09 8.0799999e+00
4.6863110e-07 1.9989999e+09 7.9959998e+00
4.6963140e-07 1.9950001e+09 7.9800000e+00
4.7063165e-07 1.8820000e+09 7.5279999e+00
4.7163192e-07 2.0230001e+09 8.0920000e+00
4.7263217e-07 2.0460000e+09 8.1840000e+00
4.7363247e-07 1.9960000e+09 7.9840002e+00
4.7463271e-07 2.0560000e+09 8.2240000e+00
4.7563296e-07 2.0210001e+09 8.0839996e+00
4.7663326e-07 1.9610001e+09 7.8439999e+00
4.7763348e-07 2.0800000e+09 8.3199997e+00
4.7863381e-07 2.0140000e+09 8.0559998e+00
4.7963402e-07 2.0810001e+09 8.3240004e+00
4.8063430e-07 2.0400000e+09 8.1599998e+00
4.8163457e-07 2.0950001e+09 8.3800001e+00
4.8263479e-07 2.0280000e+09 8.1119995e+00
4.8363512e-07 2.0240000e+09 8.0959997e+00
4.8463534e-07 1.9740000e+09 7.8959994e+00
4.8563567e-07 1.8350001e+09 7.3399997e+00
4.8663588e-07 1.6289999e+09 6.5159998e+00
4.8763616e-07 1.8350001e+09 7.3399997e+00
4.8863643e-07 1.9189999e+09 7.6759996e+00
4.8963665e-07 1.9649999e+09 7.8599997e+00
4.9063698e-07 2.0120000e+09 8.0479994e+00
4.9163719e-07 1.9010001e+09 7.6040001e+00
4.9263753e-07 1.9010001e+09 7.6040001e+00
4.9363774e-07 1.8930001e+09 7.5720000e+00
4.9463802e-07 2.0630001e+09 8.2519999e+00
4.9563829e-07 1.9310001e+09 7.7240000e+00
4.9663856e-07 2.0220000e+09 8.0879993e+00
4.9763884e-07 2.0230001e+09 8.0920000e+00
4.9863905e-07 1.8710001e+09 7.4840002e+00
4.9963933e-07 1.9750001e+09 7.8999996e+00
5.0063960e-07 1.8620000e+09 7.4479995e+00
5.0163987e-07 1.8169999e+09 7.2679996e+00
5.0264015e-07 1.8989999e+09 7.5959997e+00
5.0364042e-07 1.9389999e+09 7.7559996e+00
5.0464070e-07 1.8740000e+09 7.4959998e+00
5.0564097e-07 1.9980000e+09 7.9920001e+00
5.0664119e-07 1.9660000e+09 7.8639998e+00
5.0764146e-07 1.9110001e+09 7.6440001e+00
5.0864173e-07 1.9240000e+09 7.6959996e+00
5.0964201e-07 1.9210001e+09 7.6840000e+00
5.1064228e-07 1.9520000e+09 7.8079996e+00
5.1164255e-07 2.0020000e+09 8.0079994e+00
5.1264283e-07 1.8720000e+09 7.4879999e+00
5.1364304e-07 1.8660000e+09 7.4640002e+00
5.1464338e-07 1.8789999e+09 7.5159998e+00
5.1564359e-07 1.9049999e+09 7.6199999e+00
5.1664387e-07 1.6730001e+09 6.6919999e+00
5.1764414e-07 1.7300000e+09 6.9200001e+00
5.1864441e-07 1.6580000e+09 6.6320000e+00
5.1964469e-07 1.8330001e+09 7.3319998e+00
5.2064490e-07 1.8360000e+09 7.3439999e+00
5.2164523e-07 1.9110001e+09 7.6440001e+00
5.2264545e-07 1.8280000e+09 7.3119998e+00
5.2364572e-07 1.8989999e+09 7.5959997e+00
5.2464600e-07 1.9630001e+09 7.8519998e+00
5.2564627e-07 1.9350001e+09 7.7399998e+00
5.2664655e-07 1.6780000e+09 6.7119999e+00
5.2764676e-07 1.8330001e+09 7.3319998e+00
5.2864709e-07 1.9020000e+09 7.6079998e+00
5.2964731e-07 1.9230001e+09 7.6919999e+00
5.3064758e-07 1.9569999e+09 7.8279996e+00
5.3164786e-07 1.9680000e+09 7.8719997e+00
5.3264813e-07 1.7750001e+09 7.0999999e+00
5.3364840e-07 1.9280000e+09 7.7119999e+00
5.3464868e-07 1.8630001e+09 7.4520001e+00
5.3564895e-07 1.9950001e+09 7.9800000e+00
5.3664922e-07 1.8760000e+09 7.5040002e+00
5.3764944e-07 1.8869999e+09 7.5479999e+00
5.3864977e-07 1.9089999e+09 7.6359997e+00
5.3964999e-07 1.8369999e+09 7.3479996e+00
5.4065026e-07 1.7740000e+09 7.0959997e+00
5.4165054e-07 1.8860000e+09 7.5440001e+00
5.4265081e-07 1.8300000e+09 7.3199997e+00
5.4365108e-07 1.8840000e+09 7.5359998e+00
5.4465130e-07 1.8840000e+09 7.5359998e+00
5.4565163e-07 1.9060000e+09 7.6240001e+00
5.4665185e-07 1.8840000e+09 7.5359998e+00
5.4765212e-07 1.8380000e+09 7.3519998e+00
5.4865239e-07 1.8680000e+09 7.4720001e+00
5.4965267e-07 1.9000000e+09 7.5999999e+00
5.5065294e-07 1.8669999e+09 7.4679999e+00
5.5165322e-07 1.8760000e+09 7.5040002e+00
5.5265349e-07 1.8510001e+09 7.4040003e+00
5.5365376e-07 1.8869999e+09 7.5479999e+00
5.5465398e-07 1.9030001e+09 7.6120000e+00
5.5565431e-07 1.9020000e+09 7.6079998e+00
5.5665453e-07 1.8260000e+09 7.3039999e+00
5.5765480e-07 1.8510001e+09 7.4040003e+00
5.5865507e-07 1.7920000e+09 7.1679997e+00
5.5965535e-07 1.8130001e+09 7.2519999e+00
5.6065562e-07 1.8480000e+09 7.3919997e+00
5.6165584e-07 1.8289999e+09 7.3159995e+00
5.6265617e-07 1.8550001e+09 7.4199996e+00
5.6365639e-07 1.8660000e+09 7.4640002e+00
5.6465672e-07 1.8589999e+09 7.4359994e+00
5.6565693e-07 1.8030001e+09 7.2119999e+00
5.6665721e-07 1.8340000e+09 7.3359995e+00
5.6765748e-07 1.8920000e+09 7.5679998e+00
5.6865775e-07 1.8150001e+09 7.2599998e+00
5.6965803e-07 1.8649999e+09 7.4600000e+00
5.7065830e-07 1.7740000e+09 7.0959997e+00
5.7165852e-07 1.8280000e+09 7.3119998e+00
5.7265885e-07 1.8969999e+09 7.5879998e+00
5.7365907e-07 1.8810001e+09 7.5240002e+00
5.7465940e-07 1.8720000e+09 7.4879999e+00
5.7565961e-07 1.8350001e+09 7.3399997e+00
5.7665989e-07 1.8510001e+09 7.4040003e+00
5.7766016e-07 1.8620000e+09 7.4479995e+00
5.7866038e-07 1.7880000e+09 7.1520000e+00
5.7966071e-07 1.8330001e+09 7.3319998e+00
5.8066092e-07 1.8430001e+09 7.3719997e+00
5.8166125e-07 1.8580000e+09 7.4320002e+00
5.8266147e-07 1.8780000e+09 7.5120001e+00
5.8366174e-07 1.8620000e+09 7.4479995e+00
5.8466202e-07 1.8649999e+09 7.4600000e+00
5.8566229e-07 1.7880000e+09 7.1520000e+00
5.8666257e-07 1.8350001e+09 7.3399997e+00
5.8766284e-07 1.8530001e+09 7.4120002e+00
5.8866311e-07 1.7540000e+09 7.0159998e+00
5.8966339e-07 1.6160000e+09 6.4640002e+00
5.9066360e-07 1.8180000e+09 7.2719998e+00
5.9166393e-07 1.7920000e+09 7.1679997e+00
5.9266415e-07 1.8130001e+09 7.2519999e+00
5.9366448e-07 1.8010001e+09 7.2040000e+00
5.9466470e-07 1.7780000e+09 7.1120000e+00
5.9566497e-07 1.7869999e+09 7.1479998e+00
5.9666525e-07 1.8100000e+09 7.2399998e+00
5.9766552e-07 1.7849999e+09 7.1399999e+00
5.9866579e-07 1.7620000e+09 7.0479999e+00
5.9966607e-07 1.7789999e+09 7.1159997e+00
6.0066628e-07 1.7500000e+09 7.0000000e+00
6.0166661e-07 1.7550001e+09 7.0200000e+00
6.0266683e-07 1.7230001e+09 6.8920002e+00
6.0366716e-07 1.7920000e+09 7.1679997e+00
6.0466738e-07 1.7810001e+09 7.1240001e+00
6.0566765e-07 1.7680000e+09 7.0720000e+00
6.0666792e-07 1.7640000e+09 7.0559998e+00
6.0766820e-07 1.7620000e+09 7.0479999e+00
6.0866847e-07 1.7469999e+09 6.9879999e+00
6.0966875e-07 1.7480000e+09 6.9920001e+00
6.1066902e-07 1.7069999e+09 6.8279996e+00
6.1166929e-07 1.7500000e+09 7.0000000e+00
6.1266951e-07 1.7089999e+09 6.8359995e+00
6.1366984e-07 1.6869999e+09 6.7479997e+00
6.1467006e-07 1.7169999e+09 6.8679996e+00
6.1567039e-07 1.7169999e+09 6.8679996e+00
6.1667060e-07 1.6130001e+09 6.4520001e+00
6.1767088e-07 1.7110001e+09 6.8439999e+00
6.1867115e-07 1.7280000e+09 6.9120002e+00
6.1967143e-07 1.7110001e+09 6.8439999e+00
6.2067170e-07 1.7380000e+09 6.9520001e+00
6.2167192e-07 1.6940000e+09 6.7759995e+00
6.2267219e-07 1.7169999e+09 6.8679996e+00
6.2367246e-07 1.6700000e+09 6.6799998e+00
6.2467274e-07 1.6600000e+09 6.6399999e+00
6.2567301e-07 1.6360000e+09 6.5440001e+00
6.2667328e-07 1.7010001e+09 6.8039999e+00
6.2767356e-07 1.7010001e+09 6.8039999e+00
6.2867383e-07 1.7010001e+09 6.8039999e+00
6.2967405e-07 1.6810001e+09 6.7240000e+00
6.3117449e-07 1.6430001e+09 6.5720000e+00
6.3317503e-07 1.6550001e+09 6.6199999e+00
6.3517558e-07 1.6600000e+09 6.6399999e+00
6.3717613e-07 1.6580000e+09 6.6320000e+00
6.3917668e-07 1.6550001e+09 6.6199999e+00
6.4117722e-07 1.6180000e+09 6.4720001e+00
6.4317771e-07 1.6249999e+09 6.5000000e+00
6.4517826e-07 1.6310001e+09 6.5240002e+00
6.4717881e-07 1.6069999e+09 6.4279995e+00
6.4917936e-07 1.5620000e+09 6.2479997e+00
6.5117990e-07 1.6100000e+09 6.4400001e+00
6.5318039e-07 1.6030001e+09 6.4120002e+00
6.5518094e-07 1.5360000e+09 6.1440001e+00
6.5718149e-07 1.3880000e+09 5.5520000e+00
6.5918204e-07 1.5530001e+09 6.2119999e+00
6.6118258e-07 1.5750001e+09 6.2999997e+00
6.6318313e-07 1.5589999e+09 6.2359996e+00
6.6518362e-07 1.5640000e+09 6.2559996e+00
6.6718417e-07 1.5389999e+09 6.1559997e+00
6.6918471e-07 1.5500000e+09 6.1999998e+00
6.7118526e-07 1.5200000e+09 6.0799999e+00
6.7318581e-07 1.5249999e+09 6.0999999e+00
6.7518630e-07 1.5140000e+09 6.0559998e+00
6.7718685e-07 1.5120000e+09 6.0479999e+00
6.7918739e-07 1.5020000e+09 6.0079999e+00
6.8118794e-07 1.4960000e+09 5.9840002e+00
6.8318849e-07 1.4830001e+09 5.9320002e+00
6.8518904e-07 1.4589999e+09 5.8359995e+00
6.8718953e-07 1.4710001e+09 5.8840003e+00
6.8919007e-07 1.4649999e+09 5.8599997e+00
6.9119062e-07 1.4520000e+09 5.8079996e+00
6.9319117e-07 1.4520000e+09 5.8079996e+00
6.9519172e-07 1.4400000e+09 5.7599998e+00
6.9719226e-07 1.4200000e+09 5.6799998e+00
6.9919275e-07 1.4289999e+09 5.7159996e+00
7.0119330e-07 1.3900000e+09 5.5599999e+00
7.0319385e-07 1.3920000e+09 5.5679998e+00
7.0519440e-07 1.4189999e+09 5.6759996e+00
7.0719494e-07 1.4040000e+09 5.6159997e+00
7.0919543e-07 1.3880000e+09 5.5520000e+00
7.1119598e-07 1.3889999e+09 5.5559998e+00
7.1319653e-07 1.3769999e+09 5.5079999e+00
7.1519707e-07 1.3700000e+09 5.4800000e+00
7.1719768e-07 1.3569999e+09 5.4280000e+00
7.1919817e-07 1.3310001e+09 5.3240004e+00
7.2119872e-07 1.3340000e+09 5.3359995e+00
7.2319926e-07 1.3510001e+09 5.4040003e+00
7.2519981e-07 1.3530001e+09 5.4120002e+00
7.2720036e-07 1.3489999e+09 5.3959994e+00
7.2920091e-07 1.3220000e+09 5.2879996e+00
7.3120140e-07 1.3289999e+09 5.3159995e+00
7.3320194e-07 1.3210001e+09 5.2839999e+00
7.3520249e-07 1.3120000e+09 5.2479997e+00
7.3720304e-07 1.3100000e+09 5.2399998e+00
7.3920359e-07 1.2810001e+09 5.1240001e+00
7.4120408e-07 1.2609999e+09 5.0439997e+00
7.4320462e-07 1.2889999e+09 5.1559997e+00
7.4520517e-07 1.2820000e+09 5.1279998e+00
7.4720572e-07 1.2860000e+09 5.1440001e+00
7.4920627e-07 1.2730001e+09 5.0920000e+00
7.5120681e-07 1.2649999e+09 5.0599999e+00
7.5320730e-07 1.2620000e+09 5.0479999e+00
7.5520785e-07 1.2580000e+09 5.0320001e+00
7.5720840e-07 1.2509999e+09 5.0039997e+00
7.5920894e-07 1.2430001e+09 4.9720001e+00
7.6120949e-07 1.2400000e+09 4.9600000e+00
7.6321004e-07 1.2440000e+09 4.9759998e+00
7.6521059e-07 1.2240000e+09 4.8959999e+00
7.6721113e-07 1.1880000e+09 4.7519999e+00
7.6921168e-07 1.2060000e+09 4.8239999e+00
7.7121223e-07 1.2069999e+09 4.8279996e+00
7.7321272e-07 1.2109999e+09 4.8439999e+00
7.7521327e-07 1.1909999e+09 4.7639999e+00
7.7721381e-07 1.1990001e+09 4.7960000e+00
7.7921436e-07 1.1900000e+09 4.7599998e+00
7.8121491e-07 1.1900000e+09 4.7599998e+00
7.8321546e-07 1.1790001e+09 4.7160001e+00
7.8521595e-07 1.1830001e+09 4.7319999e+00
7.8721649e-07 1.1800000e+09 4.7199998e+00
7.8921704e-07 1.1769999e+09 4.7079997e+00
7.9121759e-07 1.1609999e+09 4.6440001e+00
7.9321813e-07 1.1460000e+09 4.5839996e+00
7.9521863e-07 1.1369999e+09 4.5479999e+00
7.9721923e-07 1.1550001e+09 4.6199999e+00
7.9921978e-07 1.1380000e+09 4.5520000e+00
8.0122032e-07 1.1449999e+09 4.5799999e+00
8.0322087e-07 1.1320000e+09 4.5279999e+00
8.0522136e-07 1.1180000e+09 4.4720001e+00
8.0722191e-07 1.1230001e+09 4.4920001e+00
8.0922246e-07 1.0980000e+09 4.3920002e+00
8.1122300e-07 1.1169999e+09 4.4679999e+00
8.1322355e-07 1.1180000e+09 4.4720001e+00
8.1522410e-07 1.1100000e+09 4.4400001e+00
8.1722459e-07 1.1069999e+09 4.4280000e+00
8.1922519e-07 1.0660000e+09 4.2639999e+00
8.2122568e-07 1.0830001e+09 4.3320003e+00
8.2322629e-07 1.0760000e+09 4.3039999e+00
8.2522678e-07 1.0780000e+09 4.3119998e+00
8.2722732e-07 1.0790001e+09 4.3160000e+00
8.2922782e-07 1.0750001e+09 4.2999997e+00
8.3122842e-07 1.0700000e+09 4.2799997e+00
8.3322891e-07 1.0350000e+09 4.1399999e+00
8.3522951e-07 1.0540000e+09 4.2160001e+00
8.3723000e-07 1.0530000e+09 4.2119999e+00
8.3923055e-07 1.0430000e+09 4.1719999e+00
8.4123116e-07 1.0460000e+09 4.1840000e+00
8.4323165e-07 1.0290000e+09 4.1160002e+00
8.4523225e-07 1.0340000e+09 4.1360002e+00
8.4723274e-07 1.0260000e+09 4.1039996e+00
8.4923329e-07 9.7200000e+08 3.8879998e+00
8.5123378e-07 1.0040000e+09 4.0159998e+00
8.5323438e-07 9.7399987e+08 3.8959994e+00
8.5523487e-07 8.7800000e+08 3.5120001e+00
8.5723548e-07 1.0120000e+09 4.0479999e+00
8.5923591e-07 9.9800000e+08 3.9920001e+00
8.6123651e-07 9.9800000e+08 3.9920001e+00
8.6323701e-07 1.0000000e+09 4.0000000e+00
8.6523761e-07 9.7100000e+08 3.8839998e+00
8.6723816e-07 8.8100013e+08 3.5240004e+00
8.6923865e-07 9.6800000e+08 3.8720000e+00
8.7023898e-07 9.6000000e+08 3.8399999e+00
8.7223947e-07 9.5300000e+08 3.8120000e+00
8.7424002e-07 9.5600000e+08 3.8239999e+00
8.7624051e-07 9.5800000e+08 3.8320000e+00
8.7824111e-07 9.3400000e+08 3.7360001e+00
8.8024171e-07 9.3500000e+08 3.7400000e+00
8.8224220e-07 9.2300000e+08 3.6920002e+00
8.8424275e-07 9.3700000e+08 3.7479999e+00
8.8624324e-07 9.2200000e+08 3.6879997e+00
8.8824385e-07 9.2400000e+08 3.6959999e+00
8.9024434e-07 9.2000000e+08 3.6799998e+00
8.9224494e-07 9.1100000e+08 3.6439998e+00
8.9424543e-07 9.1400000e+08 3.6559999e+00
8.9624598e-07 9.1900000e+08 3.6759999e+00
8.9824647e-07 8.9400000e+08 3.5760000e+00
9.0024707e-07 8.8900000e+08 3.5560000e+00
9.0224756e-07 8.9100000e+08 3.5639999e+00
9.0424817e-07 8.8100000e+08 3.5239999e+00
9.0624872e-07 8.8100000e+08 3.5239999e+00
9.0824921e-07 8.5400000e+08 3.4159999e+00
9.1024981e-07 8.6500000e+08 3.4600000e+00
9.1225030e-07 8.7300000e+08 3.4920001e+00
9.1425090e-07 8.6500000e+08 3.4600000e+00
9.1625139e-07 8.6000000e+08 3.4399998e+00
9.1825194e-07 8.6100000e+08 3.4439998e+00
9.2025243e-07 8.3500000e+08 3.3399999e+00
9.2225304e-07 8.2800000e+08 3.3120000e+00
9.2425353e-07 8.3400000e+08 3.3360000e+00
9.2625407e-07 8.3900000e+08 3.3559999e+00
9.2825468e-07 8.4500000e+08 3.3799999e+00
9.3025517e-07 8.4000000e+08 3.3599999e+00
9.3225577e-07 8.4800000e+08 3.3920000e+00
9.3425626e-07 8.3500000e+08 3.3399999e+00
9.3625681e-07 8.2000000e+08 3.2800000e+00
9.3825730e-07 8.2800000e+08 3.3120000e+00
9.4025791e-07 8.2100000e+08 3.2839999e+00
9.4225840e-07 8.0600000e+08 3.2240000e+00
9.4425900e-07 8.2200000e+08 3.2879999e+00
9.4625949e-07 8.1700000e+08 3.2679999e+00
9.4826004e-07 8.0100000e+08 3.2039998e+00
9.5026064e-07 8.0300000e+08 3.2120001e+00
9.5226113e-07 7.9600000e+08 3.1839998e+00
9.5426174e-07 7.8500000e+08 3.1399999e+00
9.5626217e-07 7.9900000e+08 3.1960001e+00
9.5826283e-07 7.9600000e+08 3.1839998e+00
9.6026326e-07 7.8800000e+08 3.1520000e+00
9.6226381e-07 7.8389350e+08 3.1355739e+00
9.6426436e-07 7.8179411e+08 3.1271765e+00
9.6626491e-07 7.7172653e+08 3.0869060e+00
9.6826545e-07 7.7625555e+08 3.1050222e+00
9.7026600e-07 7.7207776e+08 3.0883112e+00
9.7226655e-07 7.7649728e+08 3.1059890e+00
9.7426710e-07 7.5860947e+08 3.0344379e+00
9.7626764e-07 7.6495482e+08 3.0598192e+00
9.7826819e-07 7.6063635e+08 3.0425453e+00
9.8026874e-07 7.5689530e+08 3.0275812e+00
9.8226928e-07 7.5963130e+08 3.0385251e+00
9.8426983e-07 7.5369261e+08 3.0147705e+00
9.8627027e-07 7.5003866e+08 3.0001547e+00
9.8827093e-07 7.4735379e+08 2.9894152e+00
9.9027147e-07 7.3631789e+08 2.9452715e+00
9.9227202e-07 7.4304864e+08 2.9721944e+00
9.9427257e-07 7.4200576e+08 2.9680231e+00
9.9627300e-07 7.3793152e+08 2.9517260e+00
9.9827366e-07 7.3571168e+08 2.9428465e+00
1.0002741e-06 7.3237734e+08 2.9295092e+00
1.0022748e-06 7.3007277e+08 2.9202912e+00
1.0042752e-06 7.1387654e+08 2.8555062e+00
1.0062757e-06 6.8994163e+08 2.7597666e+00
1.0082763e-06 7.1876870e+08 2.8750746e+00
1.0102768e-06 7.1765485e+08 2.8706195e+00
1.0122775e-06 7.1372992e+08 2.8549197e+00
1.0142779e-06 7.0705946e+08 2.8282378e+00
1.0162785e-06 7.0125779e+08 2.8050311e+00
1.0182790e-06 6.9876070e+08 2.7950428e+00
1.0202796e-06 6.9509958e+08 2.7803981e+00
1.0222801e-06 6.9163066e+08 2.7665224e+00
1.0242807e-06 6.9816102e+08 2.7926440e+00
1.0262811e-06 6.9549408e+08 2.7819762e+00
1.0282818e-06 6.9459610e+08 2.7783844e+00
1.0302823e-06 6.8423814e+08 2.7369525e+00
1.0322829e-06 6.8638995e+08 2.7455597e+00
1.0342834e-06 6.6833677e+08 2.6733470e+00
1.0362838e-06 6.7943610e+08 2.7177444e+00
1.0382845e-06 6.6946733e+08 2.6778693e+00
1.0402849e-06 6.6838464e+08 2.6735384e+00
1.0422856e-06 6.6829459e+08 2.6731784e+00
1.0442860e-06 6.7022323e+08 2.6808929e+00
1.0462866e-06 6.5490310e+08 2.6196125e+00
1.0482872e-06 6.5920710e+08 2.6368282e+00
1.0502877e-06 6.6035789e+08 2.6414316e+00
1.0522883e-06 6.5724320e+08 2.6289728e+00
1.0542888e-06 6.5118029e+08 2.6047211e+00
1.0562893e-06 6.5397338e+08 2.6158936e+00
1.0582899e-06 6.3704410e+08 2.5481763e+00
1.0602904e-06 6.3855674e+08 2.5542269e+00
1.0622909e-06 6.4456224e+08 2.5782487e+00
1.0642915e-06 6.3762112e+08 2.5504844e+00
1.0662920e-06 6.3093011e+08 2.5237203e+00
1.0682926e-06 6.2504928e+08 2.5001972e+00
1.0702931e-06 6.1494240e+08 2.4597695e+00
1.0722937e-06 6.2413523e+08 2.4965408e+00
1.0742942e-06 6.1497779e+08 2.4599111e+00
1.0762948e-06 6.1424627e+08 2.4569850e+00
1.0782953e-06 6.1019130e+08 2.4407651e+00
1.0802958e-06 6.2052730e+08 2.4821091e+00
1.0822964e-06 5.9184960e+08 2.3673983e+00
1.0842970e-06 5.9994931e+08 2.3997972e+00
1.0862975e-06 6.1089338e+08 2.4435735e+00
1.0882981e-06 5.8119770e+08 2.3247907e+00
1.0902985e-06 6.0287040e+08 2.4114816e+00
1.0922992e-06 5.9631238e+08 2.3852496e+00
1.0942996e-06 5.5917888e+08 2.2367156e+00
1.0963001e-06 5.7406272e+08 2.2962508e+00
1.0983007e-06 5.7286662e+08 2.2914662e+00
1.1003012e-06 5.8664102e+08 2.3465641e+00
1.1023019e-06 5.7378291e+08 2.2951314e+00
1.1043023e-06 5.8034778e+08 2.3213911e+00
1.1063029e-06 5.7941830e+08 2.3176732e+00
1.1083034e-06 5.7656794e+08 2.3062716e+00
1.1103040e-06 5.7640461e+08 2.3056183e+00
1.1123045e-06 5.6800307e+08 2.2720122e+00
1.1143051e-06 5.6861760e+08 2.2744703e+00
1.1163056e-06 5.6931674e+08 2.2772667e+00
1.1183062e-06 5.6697421e+08 2.2678967e+00
1.1203067e-06 5.5525050e+08 2.2210021e+00
1.1223073e-06 5.6434310e+08 2.2573724e+00
1.1243078e-06 5.6096800e+08 2.2438719e+00
1.1263083e-06 5.4656518e+08 2.1862607e+00
1.1283089e-06 5.5412077e+08 2.2164831e+00
1.1303093e-06 5.4578093e+08 2.1831236e+00
1.1323100e-06 5.4914598e+08 2.1965840e+00
1.1343104e-06 5.4533101e+08 2.1813240e+00
1.1363111e-06 5.4929152e+08 2.1971660e+00
1.1383116e-06 5.3727200e+08 2.1490879e+00
1.1403121e-06 5.3258659e+08 2.1303463e+00
1.1423127e-06 5.3495072e+08 2.1398027e+00
1.1443132e-06 5.3430179e+08 2.1372070e+00
1.1463138e-06 5.4137472e+08 2.1654987e+00
1.1483143e-06 5.3711699e+08 2.1484680e+00
1.1503148e-06 5.3541110e+08 2.1416445e+00
1.1523153e-06 5.3237802e+08 2.1295121e+00
1.1543159e-06 5.3445901e+08 2.1378360e+00
1.1563166e-06 5.2956682e+08 2.1182671e+00
1.1583170e-06 5.2855178e+08 2.1142070e+00
1.1603175e-06 5.1662250e+08 2.0664899e+00
1.1623181e-06 5.0985370e+08 2.0394149e+00
1.1643186e-06 5.1507709e+08 2.0603082e+00
1.1663192e-06 5.1498902e+08 2.0599561e+00
1.1683197e-06 5.1695520e+08 2.0678208e+00
1.1703202e-06 5.0841821e+08 2.0336728e+00
1.1723208e-06 5.1556141e+08 2.0622456e+00
1.1743214e-06 5.1483181e+08 2.0593271e+00
1.1763219e-06 5.0051370e+08 2.0020547e+00
1.1783225e-06 4.9759110e+08 1.9903643e+00
1.1803229e-06 5.0970701e+08 2.0388279e+00
1.1823236e-06 5.0245440e+08 2.0098176e+00
1.1843240e-06 4.8556640e+08 1.9422656e+00
1.1863247e-06 5.0075699e+08 2.0030279e+00
1.1883252e-06 4.8381568e+08 1.9352627e+00
1.1903256e-06 4.9324621e+08 1.9729847e+00
1.1923263e-06 4.9746262e+08 1.9898504e+00
1.1943267e-06 4.9662480e+08 1.9864992e+00
1.1963274e-06 4.8905520e+08 1.9562209e+00
1.1983278e-06 4.6683360e+08 1.8673344e+00
1.2003284e-06 4.7970742e+08 1.9188296e+00
1.2023289e-06 4.8908643e+08 1.9563457e+00
1.2043295e-06 4.6935971e+08 1.8774388e+00
1.2063301e-06 4.8363901e+08 1.9345559e+00
1.2083306e-06 4.6138038e+08 1.8455215e+00
1.2103311e-06 4.7166870e+08 1.8866748e+00
1.2123317e-06 4.7685901e+08 1.9074360e+00
1.2143322e-06 4.7758090e+08 1.9103236e+00
1.2163327e-06 4.7756070e+08 1.9102427e+00
1.2183333e-06 4.7453949e+08 1.8981580e+00
1.2203338e-06 4.7219360e+08 1.8887744e+00
1.2223344e-06 4.7082160e+08 1.8832864e+00
1.2243349e-06 4.6836947e+08 1.8734779e+00
1.2263355e-06 4.6756819e+08 1.8702728e+00
1.2283360e-06 4.6009200e+08 1.8403680e+00
1.2303366e-06 4.6422118e+08 1.8568847e+00
1.2323371e-06 4.6057949e+08 1.8423179e+00
1.2343376e-06 4.5987702e+08 1.8395081e+00
1.2363382e-06 4.5910851e+08 1.8364340e+00
1.2383388e-06 4.5921779e+08 1.8368711e+00
1.2403392e-06 4.5235520e+08 1.8094207e+00
1.2423399e-06 4.5113072e+08 1.8045229e+00
1.2443403e-06 4.4906442e+08 1.7962576e+00
1.2463410e-06 4.5018880e+08 1.8007551e+00
1.2483414e-06 4.4924720e+08 1.7969888e+00
1.2503419e-06 4.4912992e+08 1.7965196e+00
1.2523425e-06 4.4219930e+08 1.7687972e+00
1.2543430e-06 4.4391830e+08 1.7756732e+00
1.2563437e-06 4.4098550e+08 1.7639419e+00
1.2583441e-06 4.3936941e+08 1.7574775e+00
1.2603447e-06 4.3949840e+08 1.7579936e+00
1.2623452e-06 4.3619581e+08 1.7447832e+00
1.2643458e-06 4.3481558e+08 1.7392623e+00
1.2663463e-06 4.3325482e+08 1.7330192e+00
1.2683469e-06 4.2651219e+08 1.7060487e+00
1.2703474e-06 4.3296490e+08 1.7318596e+00
1.2723480e-06 4.3120499e+08 1.7248199e+00
1.2743485e-06 4.2701120e+08 1.7080446e+00
1.2763491e-06 4.2855690e+08 1.7142276e+00
1.2783496e-06 4.2607779e+08 1.7043111e+00
1.2803501e-06 4.1916432e+08 1.6766572e+00
1.2823507e-06 3.7545040e+08 1.5018016e+00
1.2843511e-06 4.1100973e+08 1.6440388e+00
1.2863518e-06 4.1556067e+08 1.6622427e+00
1.2883523e-06 4.1620781e+08 1.6648312e+00
1.2903529e-06 4.1194531e+08 1.6477811e+00
1.2923534e-06 4.1474912e+08 1.6589963e+00
1.2943539e-06 4.1172678e+08 1.6469072e+00
1.2963545e-06 4.1385261e+08 1.6554104e+00
1.2983550e-06 4.0896800e+08 1.6358720e+00
1.3003556e-06 4.1077430e+08 1.6430972e+00
1.3023562e-06 4.0561110e+08 1.6224444e+00
1.3043566e-06 4.0277328e+08 1.6110930e+00
1.3063573e-06 4.0578400e+08 1.6231359e+00
1.3083577e-06 4.0400970e+08 1.6160388e+00
1.3103584e-06 4.0228589e+08 1.6091435e+00
1.3123588e-06 3.9244320e+08 1.5697727e+00
1.3143593e-06 3.9961840e+08 1.5984737e+00
1.3163600e-06 3.8721562e+08 1.5488625e+00
1.3183604e-06 3.9546861e+08 1.5818744e+00
1.3203610e-06 3.9659050e+08 1.5863620e+00
1.3223615e-06 3.9355050e+08 1.5742019e+00
1.3243621e-06 3.9398042e+08 1.5759217e+00
1.3263626e-06 3.9026250e+08 1.5610499e+00
1.3283632e-06 3.8905898e+08 1.5562359e+00
1.3303637e-06 3.8138211e+08 1.5255284e+00
1.3323643e-06 3.8173021e+08 1.5269208e+00
1.3343648e-06 3.8815990e+08 1.5526396e+00
1.3363654e-06 3.8518890e+08 1.5407556e+00
1.3383659e-06 3.8280528e+08 1.5312212e+00
1.3403665e-06 3.7760202e+08 1.5104080e+00
1.3423670e-06 3.8076672e+08 1.5230669e+00
1.3443674e-06 3.8071411e+08 1.5228564e+00
1.3463681e-06 3.7790419e+08 1.5116168e+00
1.3483686e-06 3.7863450e+08 1.5145379e+00
1.3503692e-06 3.7239280e+08 1.4895712e+00
1.3523697e-06 3.7561610e+08 1.5024644e+00
1.3543702e-06 3.7405830e+08 1.4962332e+00
1.3563708e-06 3.6372541e+08 1.4549016e+00
1.3583713e-06 3.7082890e+08 1.4833156e+00
1.3603719e-06 3.6560118e+08 1.4624047e+00
1.3623725e-06 3.6807670e+08 1.4723068e+00
1.3643729e-06 3.6343091e+08 1.4537235e+00
1.3663736e-06 3.6614979e+08 1.4645991e+00
1.3683740e-06 3.6050301e+08 1.4420120e+00
1.3703747e-06 3.5855770e+08 1.4342308e+00
1.3723751e-06 3.6148768e+08 1.4459507e+00
1.3743756e-06 3.5949901e+08 1.4379960e+00
1.3763762e-06 3.5470240e+08 1.4188097e+00
1.3783767e-06 3.5840250e+08 1.4336098e+00
1.3803774e-06 3.5766608e+08 1.4306643e+00
1.3823778e-06 3.5347770e+08 1.4139107e+00
1.3843784e-06 3.5586490e+08 1.4234596e+00
1.3863789e-06 3.5143718e+08 1.4057487e+00
1.3883795e-06 3.5358038e+08 1.4143215e+00
1.3903800e-06 3.5020378e+08 1.4008151e+00
1.3923806e-06 3.5141862e+08 1.4056745e+00
1.3943811e-06 3.4903450e+08 1.3961380e+00
1.3963817e-06 3.4730630e+08 1.3892251e+00
1.3983822e-06 3.4884470e+08 1.3953788e+00
1.4003828e-06 3.4119270e+08 1.3647708e+00
1.4023833e-06 3.4236301e+08 1.3694520e+00
1.4043837e-06 3.4009651e+08 1.3603860e+00
1.4063844e-06 3.3987581e+08 1.3595031e+00
1.4083849e-06 3.4047760e+08 1.3619103e+00
1.4103855e-06 3.4023210e+08 1.3609283e+00
1.4123860e-06 3.3158230e+08 1.3263291e+00
1.4143865e-06 3.3262822e+08 1.3305128e+00
1.4163871e-06 3.3528310e+08 1.3411323e+00
1.4183876e-06 3.3485421e+08 1.3394167e+00
1.4203882e-06 3.3168400e+08 1.3267360e+00
1.4223887e-06 3.2381370e+08 1.2952548e+00
1.4243892e-06 3.2788122e+08 1.3115247e+00
1.4263899e-06 3.2211859e+08 1.2884744e+00
1.4283903e-06 3.2140387e+08 1.2856156e+00
1.4303910e-06 3.2289798e+08 1.2915919e+00
1.4323914e-06 3.2435760e+08 1.2974304e+00
1.4343919e-06 3.2345248e+08 1.2938099e+00
1.4363925e-06 3.2445469e+08 1.2978188e+00
1.4383930e-06 3.2498259e+08 1.2999303e+00
1.4403937e-06 3.1061981e+08 1.2424791e+00
1.4423941e-06 3.1636128e+08 1.2654451e+00
1.4443947e-06 3.1340560e+08 1.2536224e+00
1.4463952e-06 3.1928458e+08 1.2771384e+00
1.4483958e-06 3.1659251e+08 1.2663699e+00
1.4503963e-06 3.1410310e+08 1.2564124e+00
1.4523969e-06 3.0980672e+08 1.2392268e+00
1.4543974e-06 3.0974090e+08 1.2389636e+00
1.4563980e-06 3.0845120e+08 1.2338047e+00
1.4583985e-06 3.1365232e+08 1.2546092e+00
1.4603991e-06 3.1144630e+08 1.2457852e+00
1.4623996e-06 3.0778490e+08 1.2311395e+00
1.4644000e-06 3.0735770e+08 1.2294308e+00
1.4664007e-06 3.0545821e+08 1.2218328e+00
1.4684013e-06 3.0629290e+08 1.2251716e+00
1.4704018e-06 3.0411021e+08 1.2164408e+00
1.4724023e-06 3.0237722e+08 1.2095088e+00
1.4744028e-06 2.9758650e+08 1.1903460e+00
1.4764034e-06 2.9812579e+08 1.1925032e+00
1.4784039e-06 2.9585728e+08 1.1834291e+00
1.4804045e-06 3.0174019e+08 1.2069608e+00
1.4824051e-06 2.9931312e+08 1.1972524e+00
1.4844055e-06 2.9492278e+08 1.1796911e+00
1.4864062e-06 2.9772701e+08 1.1909080e+00
1.4884066e-06 2.7471939e+08 1.0988775e+00
1.4904073e-06 2.9798122e+08 1.1919248e+00
1.4924077e-06 2.9584109e+08 1.1833644e+00
1.4944083e-06 2.9791850e+08 1.1916740e+00
1.4964089e-06 2.8894410e+08 1.1557764e+00
1.4984093e-06 2.9295040e+08 1.1718016e+00
1.5004100e-06 2.9246051e+08 1.1698420e+00
1.5024104e-06 2.8052211e+08 1.1220883e+00
1.5044110e-06 2.7624259e+08 1.1049703e+00
1.5064115e-06 2.7352579e+08 1.0941031e+00
1.5084121e-06 2.8278122e+08 1.1311247e+00
1.5104126e-06 2.9055699e+08 1.1622280e+00
1.5124132e-06 2.8503229e+08 1.1401291e+00
1.5144137e-06 2.8277530e+08 1.1311013e+00
1.5164143e-06 2.8413370e+08 1.1365348e+00
1.5184148e-06 2.8494288e+08 1.1397716e+00
1.5204154e-06 2.8389280e+08 1.1355712e+00
1.5224159e-06 2.7624579e+08 1.1049832e+00
1.5244165e-06 2.7825430e+08 1.1130172e+00
1.5264170e-06 2.8216000e+08 1.1286399e+00
1.5284176e-06 2.8266598e+08 1.1306640e+00
1.5304181e-06 2.7093869e+08 1.0837548e+00
1.5324187e-06 2.7969779e+08 1.1187912e+00
1.5344191e-06 2.7441018e+08 1.0976408e+00
1.5364197e-06 2.7819242e+08 1.1127696e+00
1.5384202e-06 2.7493859e+08 1.0997543e+00
1.5404208e-06 2.6936701e+08 1.0774680e+00
1.5424214e-06 2.7193891e+08 1.0877556e+00
1.5444218e-06 2.7578589e+08 1.1031436e+00
1.5464225e-06 2.7525299e+08 1.1010120e+00
1.5484229e-06 2.6758490e+08 1.0703396e+00
1.5504236e-06 2.6695922e+08 1.0678368e+00
1.5524240e-06 2.7054800e+08 1.0821919e+00
1.5544246e-06 2.6208440e+08 1.0483376e+00
1.5564252e-06 2.6423581e+08 1.0569432e+00
1.5584257e-06 2.6525530e+08 1.0610212e+00
1.5604263e-06 2.6436019e+08 1.0574408e+00
1.5624267e-06 2.6602960e+08 1.0641184e+00
1.5644273e-06 2.6292310e+08 1.0516924e+00
1.5664278e-06 2.5903530e+08 1.0361412e+00
1.5684284e-06 2.5775280e+08 1.0310112e+00
1.5704290e-06 2.5906080e+08 1.0362432e+00
1.5724295e-06 2.6040371e+08 1.0416148e+00
1.5744300e-06 2.5486309e+08 1.0194523e+00
1.5764306e-06 2.4612430e+08 9.8449719e-01
1.5784311e-06 2.4306179e+08 9.7224712e-01
1.5804317e-06 2.5767920e+08 1.0307168e+00
1.5824322e-06 2.4828230e+08 9.9312919e-01
1.5844328e-06 2.5173830e+08 1.0069531e+00
1.5864333e-06 2.5245490e+08 1.0098195e+00
1.5884339e-06 2.4140869e+08 9.6563476e-01
1.5904344e-06 2.2983299e+08 9.1933197e-01
1.5924350e-06 2.4504739e+08 9.8018956e-01
1.5944355e-06 2.5277550e+08 1.0111020e+00
1.5964361e-06 2.4248091e+08 9.6992362e-01
1.5984366e-06 2.5242930e+08 1.0097171e+00
1.6004371e-06 2.4493549e+08 9.7974193e-01
1.6024377e-06 2.4530821e+08 9.8123282e-01
1.6044382e-06 2.4493450e+08 9.7973800e-01
1.6064388e-06 2.4351539e+08 9.7406155e-01
1.6084392e-06 2.4575042e+08 9.8300159e-01
1.6104399e-06 2.3390750e+08 9.3563002e-01
1.6124404e-06 2.3930410e+08 9.5721638e-01
1.6144409e-06 2.4194269e+08 9.6777076e-01
1.6164415e-06 2.3024280e+08 9.2097121e-01
1.6184420e-06 2.4162162e+08 9.6648639e-01
1.6204426e-06 2.3223440e+08 9.2893761e-01
1.6224431e-06 2.3697861e+08 9.4791442e-01
1.6244436e-06 2.4004869e+08 9.6019477e-01
1.6264443e-06 2.3907749e+08 9.5630997e-01
1.6284447e-06 2.4115290e+08 9.6461159e-01
1.6304454e-06 2.3727080e+08 9.4908315e-01
1.6324458e-06 2.3609830e+08 9.4439322e-01
1.6344463e-06 2.3329970e+08 9.3319875e-01
1.6364469e-06 2.3040310e+08 9.2161238e-01
1.6384474e-06 2.2367901e+08 8.9471602e-01
1.6404481e-06 2.2292190e+08 8.9168763e-01
1.6424486e-06 2.2242251e+08 8.8968998e-01
1.6444491e-06 2.2203699e+08 8.8814795e-01
1.6464496e-06 2.2790221e+08 9.1160882e-01
1.6484502e-06 2.2821760e+08 9.1287041e-01
1.6504508e-06 2.2361429e+08 8.9445716e-01
1.6524511e-06 2.2413370e+08 8.9653480e-01
1.6544518e-06 2.2611661e+08 9.0446639e-01
1.6564524e-06 2.2583811e+08 9.0335244e-01
1.6584529e-06 2.2563909e+08 9.0255636e-01
1.6604536e-06 2.2320181e+08 8.9280725e-01
1.6624539e-06 2.2392611e+08 8.9570439e-01
1.6644545e-06 2.2242470e+08 8.8969874e-01
1.6664551e-06 2.1897480e+08 8.7589920e-01
1.6684556e-06 2.1576750e+08 8.6306995e-01
1.6704563e-06 2.2106520e+08 8.8426077e-01
1.6724566e-06 2.1204680e+08 8.4818715e-01
1.6744573e-06 2.1684610e+08 8.6738437e-01
1.6764578e-06 2.0976629e+08 8.3906513e-01
1.6784584e-06 2.1292931e+08 8.5171723e-01
1.6804588e-06 2.0320379e+08 8.1281513e-01
1.6824594e-06 1.9975630e+08 7.9902518e-01
1.6844600e-06 2.0906602e+08 8.3626401e-01
1.6864606e-06 2.0984570e+08 8.3938277e-01
1.6884611e-06 2.0954029e+08 8.3816117e-01
1.6904615e-06 2.0766850e+08 8.3067393e-01
1.6924621e-06 2.1103318e+08 8.4413272e-01
1.6944626e-06 2.0967770e+08 8.3871078e-01
1.6964633e-06 2.0894810e+08 8.3579236e-01
1.6984638e-06 2.0807070e+08 8.3228278e-01
1.7004643e-06 2.0464950e+08 8.1859803e-01
1.7024648e-06 2.0301810e+08 8.1207234e-01
1.7044654e-06 2.0332000e+08 8.1327999e-01
1.7064660e-06 2.0365270e+08 8.1461078e-01
1.7084664e-06 2.0019270e+08 8.0077076e-01
1.7104670e-06 2.0152840e+08 8.0611354e-01
1.7124676e-06 1.9346461e+08 7.7385837e-01
1.7144681e-06 2.0215821e+08 8.0863279e-01
1.7164688e-06 1.9992650e+08 7.9970592e-01
1.7184691e-06 1.9914360e+08 7.9657441e-01
1.7204698e-06 1.9615339e+08 7.8461355e-01
1.7224703e-06 1.9599200e+08 7.8396797e-01
1.7244708e-06 1.8948480e+08 7.5793922e-01
1.7264715e-06 1.9353901e+08 7.7415603e-01
1.7284718e-06 1.9262211e+08 7.7048844e-01
1.7304725e-06 1.9367581e+08 7.7470320e-01
1.7324730e-06 1.8984320e+08 7.5937277e-01
1.7344736e-06 1.8025459e+08 7.2101837e-01
1.7364740e-06 1.7565318e+08 7.0261276e-01
1.7384746e-06 1.8173179e+08 7.2692716e-01
1.7404752e-06 1.8672240e+08 7.4688953e-01
1.7424758e-06 1.8501490e+08 7.4005955e-01
1.7444763e-06 1.8797011e+08 7.5188041e-01
1.7464768e-06 1.8411270e+08 7.3645079e-01
1.7484773e-06 1.8333330e+08 7.3333317e-01
1.7504780e-06 1.8375718e+08 7.3502874e-01
1.7524785e-06 1.8282730e+08 7.3130918e-01
1.7544791e-06 1.8478219e+08 7.3912877e-01
1.7564795e-06 1.8386749e+08 7.3546994e-01
1.7584800e-06 1.8349381e+08 7.3397523e-01
1.7604807e-06 1.8283530e+08 7.3134118e-01
1.7624812e-06 1.7762920e+08 7.1051681e-01
1.7644817e-06 1.8045099e+08 7.2180396e-01
1.7664822e-06 1.8159090e+08 7.2636360e-01
1.7684828e-06 1.7961219e+08 7.1844876e-01
1.7704834e-06 1.7811960e+08 7.1247840e-01
1.7724840e-06 1.7887880e+08 7.1551520e-01
1.7744844e-06 1.7879550e+08 7.1518201e-01
1.7764850e-06 1.7531549e+08 7.0126194e-01
1.7784855e-06 1.7406960e+08 6.9627839e-01
1.7804862e-06 1.7432949e+08 6.9731796e-01
1.7824867e-06 1.7374010e+08 6.9496042e-01
1.7844872e-06 1.7349261e+08 6.9397038e-01
1.7864877e-06 1.7252920e+08 6.9011676e-01
1.7884882e-06 1.7442779e+08 6.9771117e-01
1.7904889e-06 1.7273950e+08 6.9095802e-01
1.7924895e-06 1.7139789e+08 6.8559158e-01
1.7944899e-06 1.6993219e+08 6.7972875e-01
1.7964904e-06 1.6981230e+08 6.7924917e-01
1.7984910e-06 1.6947349e+08 6.7789400e-01
1.8004916e-06 1.6860910e+08 6.7443639e-01
1.8024920e-06 1.6547541e+08 6.6190159e-01
1.8044926e-06 1.6759069e+08 6.7036277e-01
1.8064932e-06 1.6649200e+08 6.6596800e-01
1.8084937e-06 1.6624202e+08 6.6496801e-01
1.8104944e-06 1.6590970e+08 6.6363877e-01
1.8124947e-06 1.6409000e+08 6.5636003e-01
1.8144954e-06 1.6221278e+08 6.4885116e-01
1.8164959e-06 1.5783270e+08 6.3133079e-01
1.8184965e-06 1.4645210e+08 5.8580840e-01
1.8204971e-06 1.5675850e+08 6.2703401e-01
1.8224974e-06 1.5547190e+08 6.2188756e-01
1.8244981e-06 1.6031280e+08 6.4125121e-01
1.8264986e-06 1.6022610e+08 6.4090437e-01
1.8284992e-06 1.5803501e+08 6.3213998e-01
1.8304996e-06 1.5941579e+08 6.3766319e-01
1.8325002e-06 1.5796570e+08 6.3186276e-01
1.8345008e-06 1.5706350e+08 6.2825400e-01
1.8365014e-06 1.5699970e+08 6.2799877e-01
1.8385019e-06 1.5496320e+08 6.1985278e-01
1.8405024e-06 1.5522370e+08 6.2089479e-01
1.8425029e-06 1.5216810e+08 6.0867238e-01
1.8445036e-06 1.5342550e+08 6.1370200e-01
1.8465041e-06 1.5442650e+08 6.1770600e-01
1.8485047e-06 1.4804010e+08 5.9216040e-01
1.8505051e-06 1.5388840e+08 6.1555356e-01
1.8525056e-06 1.5267030e+08 6.1068118e-01
1.8545062e-06 1.5141059e+08 6.0564238e-01
1.8565069e-06 1.4884950e+08 5.9539795e-01
1.8585072e-06 1.5069400e+08 6.0277599e-01
1.8605078e-06 1.4803030e+08 5.9212118e-01
1.8625084e-06 1.4683270e+08 5.8733082e-01
1.8645089e-06 1.4744990e+08 5.8979958e-01
1.8665096e-06 1.4497130e+08 5.7988518e-01
1.8685099e-06 1.4495051e+08 5.7980198e-01
1.8705106e-06 1.4625741e+08 5.8502960e-01
1.8725111e-06 1.4149550e+08 5.6598198e-01
1.8745117e-06 1.3745120e+08 5.4980481e-01
1.8765123e-06 1.1968910e+08 4.7875640e-01
1.8785126e-06 1.3983461e+08 5.5933839e-01
1.8805133e-06 1.4109850e+08 5.6439400e-01
1.8825139e-06 1.4297710e+08 5.7190841e-01
1.8845144e-06 1.4217709e+08 5.6870836e-01
1.8865148e-06 1.3933680e+08 5.5734718e-01
1.8885154e-06 1.4226230e+08 5.6904918e-01
1.8905160e-06 1.3838741e+08 5.5354959e-01
1.8925166e-06 1.3784150e+08 5.5136597e-01
1.8945171e-06 1.3614080e+08 5.4456323e-01
1.8965176e-06 1.3332760e+08 5.3331035e-01
1.8985181e-06 1.3789299e+08 5.5157197e-01
1.9005188e-06 1.3681539e+08 5.4726160e-01
1.9025193e-06 1.3976550e+08 5.5906200e-01
1.9045199e-06 1.3673299e+08 5.4693198e-01
1.9065203e-06 1.3730570e+08 5.4922277e-01
1.9085210e-06 1.3612190e+08 5.4448760e-01
1.9105214e-06 1.3705310e+08 5.4821241e-01
1.9125221e-06 1.3383050e+08 5.3532201e-01
1.9145227e-06 1.3632120e+08 5.4528481e-01
1.9165229e-06 1.3502990e+08 5.4011959e-01
1.9185236e-06 1.3429370e+08 5.3717476e-01
1.9205243e-06 1.3188480e+08 5.2753919e-01
1.9225249e-06 1.3426720e+08 5.3706878e-01
1.9245251e-06 1.3220750e+08 5.2882999e-01
1.9265258e-06 1.3304840e+08 5.3219360e-01
1.9285264e-06 1.2956770e+08 5.1827079e-01
1.9305269e-06 1.2924760e+08 5.1699036e-01
1.9325275e-06 1.2759610e+08 5.1038438e-01
1.9345280e-06 1.2955720e+08 5.1822877e-01
1.9365284e-06 1.2923620e+08 5.1694483e-01
1.9385291e-06 1.2968990e+08 5.1875961e-01
1.9405297e-06 1.2528350e+08 5.0113398e-01
1.9425302e-06 1.2678150e+08 5.0712597e-01
1.9445306e-06 1.1588121e+08 4.6352482e-01
1.9465313e-06 1.1427630e+08 4.5710522e-01
1.9485319e-06 1.2442110e+08 4.9768439e-01
1.9505324e-06 1.2422240e+08 4.9688959e-01
1.9525328e-06 1.2049930e+08 4.8199716e-01
1.9545334e-06 1.2651350e+08 5.0605398e-01
1.9565339e-06 1.2575890e+08 5.0303555e-01
1.9585345e-06 1.2545130e+08 5.0180519e-01
1.9605352e-06 1.2442960e+08 4.9771839e-01
1.9625356e-06 1.2333170e+08 4.9332678e-01
1.9645361e-06 1.1954970e+08 4.7819880e-01
1.9665367e-06 1.2146720e+08 4.8586878e-01
1.9685374e-06 1.2363080e+08 4.9452320e-01
1.9705378e-06 1.2246560e+08 4.8986238e-01
1.9725383e-06 1.1855260e+08 4.7421038e-01
1.9745389e-06 1.2049930e+08 4.8199716e-01
1.9765394e-06 1.2132620e+08 4.8530477e-01
1.9785400e-06 1.1760340e+08 4.7041357e-01
1.9805404e-06 1.1864180e+08 4.7456717e-01
1.9825411e-06 1.1872670e+08 4.7490680e-01
1.9845415e-06 1.1863760e+08 4.7455040e-01
1.9865422e-06 1.1503861e+08 4.6015441e-01
1.9885429e-06 1.1935500e+08 4.7742000e-01
1.9905431e-06 1.1894070e+08 4.7576278e-01
1.9925437e-06 1.1708730e+08 4.6834919e-01
1.9945444e-06 1.1478210e+08 4.5912841e-01
1.9965448e-06 1.1642890e+08 4.6571559e-01
1.9985455e-06 1.1513699e+08 4.6054798e-01
2.0005459e-06 1.1661030e+08 4.6644118e-01
2.0025466e-06 1.1529141e+08 4.6116561e-01
2.0045470e-06 1.1441880e+08 4.5767519e-01
2.0065477e-06 1.1405640e+08 4.5622557e-01
2.0085483e-06 1.1515590e+08 4.6062359e-01
2.0105485e-06 1.1460230e+08 4.5840919e-01
2.0125492e-06 1.1402739e+08 4.5610958e-01
2.0145499e-06 1.1321200e+08 4.5284802e-01
2.0165503e-06 1.1338630e+08 4.5354518e-01
2.0185507e-06 1.1301310e+08 4.5205238e-01
2.0205514e-06 1.1137750e+08 4.4550997e-01
2.0225521e-06 1.0925790e+08 4.3703160e-01
2.0245525e-06 1.1091800e+08 4.4367197e-01
2.0265531e-06 1.1094150e+08 4.4376597e-01
2.0285536e-06 1.1002690e+08 4.4010761e-01
2.0305540e-06 1.0742200e+08 4.2968798e-01
2.0325547e-06 1.1006360e+08 4.4025439e-01
2.0345553e-06 1.0838040e+08 4.3352160e-01
2.0365558e-06 1.0821620e+08 4.3286479e-01
2.0385562e-06 1.0528710e+08 4.2114842e-01
2.0405569e-06 1.0839090e+08 4.3356359e-01
2.0425575e-06 1.0748921e+08 4.2995679e-01
2.0445580e-06 1.0783170e+08 4.3132678e-01
2.0465584e-06 1.0752220e+08 4.3008879e-01
2.0485591e-06 1.0657220e+08 4.2628878e-01
2.0505595e-06 1.0639190e+08 4.2556757e-01
2.0525601e-06 1.0497010e+08 4.1988039e-01
2.0545608e-06 1.0535860e+08 4.2143440e-01
2.0565612e-06 1.0534840e+08 4.2139357e-01
2.0585617e-06 1.0466790e+08 4.1867161e-01
2.0605623e-06 1.0258930e+08 4.1035721e-01
2.0625630e-06 1.0449730e+08 4.1798919e-01
2.0645634e-06 1.0024201e+08 4.0096802e-01
2.0665639e-06 1.0371990e+08 4.1487959e-01
2.0685645e-06 1.0292560e+08 4.1170236e-01
2.0705650e-06 1.0091621e+08 4.0366480e-01
2.0725656e-06 1.0179500e+08 4.0717998e-01
2.0745661e-06 1.0231390e+08 4.0925559e-01
2.0765665e-06 1.0191940e+08 4.0767759e-01
2.0785671e-06 1.0163941e+08 4.0655762e-01
2.0805678e-06 9.9324248e+07 3.9729697e-01
2.0825685e-06 1.0047960e+08 4.0191841e-01
2.0845687e-06 9.8550864e+07 3.9420345e-01
2.0865693e-06 1.0005080e+08 4.0020320e-01
2.0885700e-06 9.9634752e+07 3.9853901e-01
2.0905704e-06 9.9470336e+07 3.9788136e-01
2.0925711e-06 9.6180744e+07 3.8472298e-01
2.0945715e-06 9.7105920e+07 3.8842368e-01
2.0965720e-06 9.6707800e+07 3.8683119e-01
2.0985726e-06 9.7333568e+07 3.8933426e-01
2.1005733e-06 9.7251160e+07 3.8900462e-01
2.1025737e-06 9.6875216e+07 3.8750088e-01
2.1045742e-06 9.6994664e+07 3.8797867e-01
2.1065748e-06 9.7002832e+07 3.8801131e-01
2.1085755e-06 9.6430696e+07 3.8572276e-01
2.1105759e-06 9.4580720e+07 3.7832287e-01
2.1125763e-06 9.5703424e+07 3.8281366e-01
2.1145770e-06 9.5233672e+07 3.8093466e-01
2.1165774e-06 9.3436384e+07 3.7374553e-01
2.1185781e-06 9.4499344e+07 3.7799734e-01
2.1205788e-06 9.3330520e+07 3.7332207e-01
2.1225792e-06 9.3585832e+07 3.7434334e-01
2.1245796e-06 9.2011200e+07 3.6804479e-01
2.1265803e-06 9.2575216e+07 3.7030086e-01
2.1285809e-06 9.3106400e+07 3.7242562e-01
2.1305814e-06 9.2530568e+07 3.7012225e-01
2.1325818e-06 9.2651816e+07 3.7060726e-01
2.1345825e-06 9.2219264e+07 3.6887705e-01
2.1365829e-06 9.0167200e+07 3.6066878e-01
2.1385836e-06 9.1725216e+07 3.6690086e-01
2.1405840e-06 9.1160408e+07 3.6464164e-01
2.1425847e-06 9.0995256e+07 3.6398101e-01
2.1445851e-06 9.0290512e+07 3.6116204e-01
2.1465858e-06 8.9479992e+07 3.5791996e-01
2.1485864e-06 9.0086256e+07 3.6034504e-01
2.1505866e-06 8.9737224e+07 3.5894889e-01
2.1525873e-06 8.9026776e+07 3.5610709e-01
2.1545879e-06 8.8785808e+07 3.5514322e-01
2.1565884e-06 8.8664792e+07 3.5465914e-01
2.1585890e-06 8.8335856e+07 3.5334343e-01
2.1605895e-06 8.7532664e+07 3.5013065e-01
2.1625901e-06 8.6550128e+07 3.4620053e-01
2.1645906e-06 8.4724152e+07 3.3889660e-01
2.1665912e-06 7.6084720e+07 3.0433887e-01
2.1685919e-06 8.3038152e+07 3.3215258e-01
2.1705921e-06 8.5174072e+07 3.4069628e-01
2.1725928e-06 8.5514232e+07 3.4205693e-01
2.1745934e-06 8.5553080e+07 3.4221232e-01
2.1765939e-06 8.4606400e+07 3.3842558e-01
2.1785943e-06 8.3171312e+07 3.3268523e-01
2.1805949e-06 8.5285568e+07 3.4114227e-01
2.1825956e-06 8.3433784e+07 3.3373511e-01
2.1845960e-06 8.4566176e+07 3.3826467e-01
2.1865967e-06 8.4530336e+07 3.3812132e-01
2.1885971e-06 8.1660200e+07 3.2664081e-01
2.1905976e-06 8.3228432e+07 3.3291373e-01
2.1925982e-06 8.3703328e+07 3.3481330e-01
2.1945989e-06 8.3288096e+07 3.3315238e-01
2.1965993e-06 8.2984520e+07 3.3193809e-01
2.1985998e-06 8.2970288e+07 3.3188114e-01
2.2006004e-06 8.2562000e+07 3.3024800e-01
2.2026011e-06 8.2102536e+07 3.2841015e-01
2.2046015e-06 8.2136440e+07 3.2854575e-01
2.2066022e-06 7.7843240e+07 3.1137297e-01
2.2086026e-06 7.9723904e+07 3.1889561e-01
2.2106030e-06 8.1097168e+07 3.2438865e-01
2.2126037e-06 8.0976288e+07 3.2390514e-01
2.2146044e-06 8.0623200e+07 3.2249278e-01
2.2166048e-06 7.9712616e+07 3.1885046e-01
2.2186052e-06 7.9627152e+07 3.1850860e-01
2.2206059e-06 8.0011080e+07 3.2004431e-01
2.2226066e-06 7.9577872e+07 3.1831148e-01
2.2246070e-06 7.9236040e+07 3.1694415e-01
2.2266074e-06 7.7526632e+07 3.1010652e-01
2.2286081e-06 7.8447752e+07 3.1379101e-01
2.2306085e-06 7.8377200e+07 3.1350878e-01
2.2326092e-06 7.8308680e+07 3.1323472e-01
2.2346098e-06 7.8213392e+07 3.1285354e-01
2.2366100e-06 7.7782528e+07 3.1113011e-01
2.2386107e-06 7.6192072e+07 3.0476826e-01
2.2406114e-06 7.6656280e+07 3.0662510e-01
2.2426120e-06 7.6529560e+07 3.0611822e-01
2.2446122e-06 7.6611920e+07 3.0644768e-01
2.2466129e-06 7.6564664e+07 3.0625862e-01
2.2486136e-06 7.5154872e+07 3.0061948e-01
2.2506140e-06 7.5897608e+07 3.0359042e-01
2.2526146e-06 7.5465696e+07 3.0186278e-01
2.2546151e-06 7.4097144e+07 2.9638857e-01
2.2566155e-06 7.4632432e+07 2.9852971e-01
2.2586162e-06 7.4929312e+07 2.9971722e-01
2.2606168e-06 7.4775936e+07 2.9910374e-01
2.2626173e-06 7.3005888e+07 2.9202357e-01
2.2646177e-06 7.3918072e+07 2.9567227e-01
2.2666184e-06 7.3367880e+07 2.9347152e-01
2.2686190e-06 7.3666512e+07 2.9466602e-01
2.2706195e-06 7.3505744e+07 2.9402295e-01
2.2726201e-06 7.2998216e+07 2.9199287e-01
2.2746206e-06 7.2550560e+07 2.9020223e-01
2.2766210e-06 7.2904384e+07 2.9161751e-01
2.2786217e-06 7.2773808e+07 2.9109523e-01
2.2806223e-06 7.2340872e+07 2.8936347e-01
2.2826227e-06 6.9163352e+07 2.7665341e-01
2.2846232e-06 7.1532328e+07 2.8612933e-01
2.2866238e-06 7.1199600e+07 2.8479838e-01
2.2886245e-06 7.1411744e+07 2.8564698e-01
2.2906249e-06 7.1240088e+07 2.8496036e-01
2.2926254e-06 7.0891272e+07 2.8356507e-01
2.2946260e-06 6.8390792e+07 2.7356315e-01
2.2966265e-06 6.8927328e+07 2.7570933e-01
2.2986271e-06 6.8793968e+07 2.7517587e-01
2.3006278e-06 6.9155752e+07 2.7662298e-01
2.3026282e-06 6.9301936e+07 2.7720776e-01
2.3046287e-06 6.9189592e+07 2.7675837e-01
2.3066293e-06 6.9050872e+07 2.7620348e-01
2.3086300e-06 6.8890120e+07 2.7556047e-01
2.3106302e-06 6.8486992e+07 2.7394795e-01
2.3126308e-06 6.8408152e+07 2.7363259e-01
2.3146315e-06 6.8388992e+07 2.7355596e-01
2.3166319e-06 6.7447560e+07 2.6979023e-01
2.3186326e-06 6.6813280e+07 2.6725310e-01
2.3206330e-06 6.7551392e+07 2.7020556e-01
2.3226337e-06 6.6094232e+07 2.6437691e-01
2.3246341e-06 6.4710880e+07 2.5884351e-01
2.3266348e-06 6.4683680e+07 2.5873470e-01
2.3286354e-06 6.5895648e+07 2.6358259e-01
2.3306357e-06 6.6045332e+07 2.6418132e-01
2.3326363e-06 6.5275680e+07 2.6110271e-01
2.3346370e-06 6.5622348e+07 2.6248938e-01
2.3366374e-06 6.4708848e+07 2.5883538e-01
2.3386381e-06 6.4443248e+07 2.5777298e-01
2.3406385e-06 6.5257420e+07 2.6102969e-01
2.3426392e-06 6.5151620e+07 2.6060647e-01
2.3446396e-06 6.4991840e+07 2.5996736e-01
2.3466403e-06 6.4610300e+07 2.5844118e-01
2.3486407e-06 6.4617892e+07 2.5847155e-01
2.3506411e-06 6.4509484e+07 2.5803792e-01
2.3526418e-06 6.1869432e+07 2.4747771e-01
2.3546424e-06 6.1653444e+07 2.4661377e-01
2.3566429e-06 6.2710400e+07 2.5084159e-01
2.3586433e-06 6.1809260e+07 2.4723703e-01
2.3606440e-06 6.2604820e+07 2.5041926e-01
2.3626446e-06 6.2836972e+07 2.5134787e-01
2.3646451e-06 6.2533088e+07 2.5013235e-01
2.3666457e-06 6.2437992e+07 2.4975197e-01
2.3686462e-06 6.2326752e+07 2.4930699e-01
2.3706466e-06 6.1543320e+07 2.4617328e-01
2.3726473e-06 6.1834880e+07 2.4733952e-01
2.3746479e-06 5.9546132e+07 2.3818453e-01
2.3766484e-06 6.1392640e+07 2.4557056e-01
2.3786488e-06 6.1734120e+07 2.4693647e-01
2.3806494e-06 6.1416968e+07 2.4566787e-01
2.3826501e-06 6.0652820e+07 2.4261127e-01
2.3846505e-06 5.7514580e+07 2.3005833e-01
2.3866510e-06 5.7588020e+07 2.3035207e-01
2.3886516e-06 5.9638800e+07 2.3855519e-01
2.3906521e-06 5.9762332e+07 2.3904932e-01
2.3926527e-06 5.9440460e+07 2.3776184e-01
2.3946534e-06 5.9452612e+07 2.3781043e-01
2.3966536e-06 5.9254300e+07 2.3701718e-01
2.3986543e-06 5.9567500e+07 2.3826998e-01
2.4006549e-06 5.8677292e+07 2.3470916e-01
2.4026556e-06 5.9165532e+07 2.3666212e-01
2.4046560e-06 5.8943772e+07 2.3577508e-01
2.4066564e-06 5.8671624e+07 2.3468648e-01
2.4086571e-06 5.8557668e+07 2.3423067e-01
2.4106575e-06 5.8473368e+07 2.3389347e-01
2.4126582e-06 5.8437528e+07 2.3375010e-01
2.4146586e-06 5.5937780e+07 2.2375113e-01
2.4166591e-06 5.4342400e+07 2.1736959e-01
2.4186597e-06 5.7095780e+07 2.2838311e-01
2.4206604e-06 5.6736968e+07 2.2694787e-01
2.4226608e-06 5.6924308e+07 2.2769724e-01
2.4246613e-06 5.6491252e+07 2.2596499e-01
2.4266619e-06 5.6448660e+07 2.2579463e-01
2.4286626e-06 5.6386132e+07 2.2554453e-01
2.4306630e-06 5.6611620e+07 2.2644646e-01
2.4326637e-06 5.6290432e+07 2.2516172e-01
2.4346641e-06 5.5823396e+07 2.2329359e-01
2.4366645e-06 5.5252572e+07 2.2101028e-01
2.4386652e-06 5.5218000e+07 2.2087200e-01
2.4406659e-06 5.5800028e+07 2.2320011e-01
2.4426663e-06 5.5576712e+07 2.2230683e-01
2.4446667e-06 5.5426012e+07 2.2170404e-01
2.4466674e-06 5.4176512e+07 2.1670604e-01
2.4486681e-06 5.3668272e+07 2.1467307e-01
2.4506685e-06 5.3513232e+07 2.1405292e-01
2.4526689e-06 5.3445240e+07 2.1378095e-01
2.4546696e-06 5.4048820e+07 2.1619527e-01
2.4566700e-06 5.3078208e+07 2.1231283e-01
2.4586707e-06 5.2421716e+07 2.0968686e-01
2.4606713e-06 5.3937988e+07 2.1575195e-01
2.4626718e-06 5.3750600e+07 2.1500240e-01
2.4646722e-06 5.3718000e+07 2.1487199e-01
2.4666729e-06 5.3436140e+07 2.1374457e-01
2.4686735e-06 5.3377660e+07 2.1351065e-01
2.4706740e-06 5.1695908e+07 2.0678364e-01
2.4726744e-06 5.3150500e+07 2.1260200e-01
2.4746751e-06 5.2079412e+07 2.0831764e-01
2.4766755e-06 5.2819672e+07 2.1127868e-01
2.4786762e-06 5.2426036e+07 2.0970415e-01
2.4806768e-06 5.0246420e+07 2.0098567e-01
2.4826772e-06 5.0258888e+07 2.0103556e-01
2.4846777e-06 5.1910240e+07 2.0764095e-01
2.4866783e-06 5.0014240e+07 2.0005696e-01
2.4886790e-06 5.1545648e+07 2.0618258e-01
2.4906792e-06 5.1533160e+07 2.0613264e-01
2.4926799e-06 5.1361472e+07 2.0544587e-01
2.4946805e-06 5.0783448e+07 2.0313379e-01
2.4966810e-06 5.0942832e+07 2.0377132e-01
2.4986816e-06 5.0745428e+07 2.0298171e-01
2.5006821e-06 5.0909848e+07 2.0363939e-01
2.5056834e-06 5.0534448e+07 2.0213778e-01
2.5156862e-06 4.9415780e+07 1.9766311e-01
2.5256888e-06 4.8948860e+07 1.9579543e-01
2.5356917e-06 4.8227932e+07 1.9291171e-01
2.5456943e-06 4.7420448e+07 1.8968180e-01
2.5556972e-06 4.6677500e+07 1.8670999e-01
2.5656998e-06 4.5913860e+07 1.8365543e-01
2.5757026e-06 4.5656956e+07 1.8262783e-01
2.5857053e-06 4.4433468e+07 1.7773387e-01
2.5957081e-06 4.4230108e+07 1.7692043e-01
2.6057107e-06 4.3671408e+07 1.7468563e-01
2.6157136e-06 4.2846140e+07 1.7138456e-01
2.6257162e-06 4.0862940e+07 1.6345176e-01
2.6357191e-06 4.1681052e+07 1.6672421e-01
2.6457217e-06 4.1059460e+07 1.6423784e-01
2.6557243e-06 4.0578268e+07 1.6231307e-01
2.6657272e-06 3.9743632e+07 1.5897451e-01
2.6757298e-06 3.9443652e+07 1.5777460e-01
2.6857324e-06 3.9139140e+07 1.5655656e-01
2.6957352e-06 3.8581380e+07 1.5432552e-01
