#17
6x10
9 2 3 2 3 3 3 3 3 4 
3 3 3 3 0 0 0 0 0 0 
7 3 3 2 3 3 3 3 0 0 
4 2 3 2 3 0 0 0 0 0 
8 2 3 3 2 3 3 3 3 0 
1 72 0 0 0 0 0 0 0 0
6x10
9 2 3 2 3 3 3 3 3 4 
3 3 3 3 0 0 0 0 0 0 
1 1 0 0 0 0 0 0 0 0 
4 2 3 2 3 0 0 0 0 0 
8 2 3 3 2 3 3 3 3 0 
1 72 0 0 0 0 0 0 0 0
6x10
9 2 3 2 3 3 3 3 3 4 
3 3 3 3 0 0 0 0 0 0 
8 1 3 3 2 3 3 3 3 0 
4 2 3 2 3 0 0 0 0 0 
8 2 3 3 2 3 3 3 3 0 
1 72 0 0 0 0 0 0 0 0
6x10
9 2 3 2 3 3 3 3 3 4 
7 3 3 2 3 3 3 3 0 0 
1 1 0 0 0 0 0 0 0 0 
4 2 3 2 3 0 0 0 0 0 
8 2 3 3 2 3 3 3 3 0 
1 72 0 0 0 0 0 0 0 0
6x10
9 2 3 2 3 3 3 3 3 4 
4 1 3 3 3 0 0 0 0 0 
7 3 3 2 3 3 3 3 0 0 
4 2 3 2 3 0 0 0 0 0 
8 2 3 3 2 3 3 3 3 0 
1 72 0 0 0 0 0 0 0 0
6x10
9 2 3 2 3 3 3 3 3 4 
4 3 3 2 3 0 0 0 0 0 
1 1 0 0 0 0 0 0 0 0 
4 2 3 2 3 0 0 0 0 0 
8 2 3 3 2 3 3 3 3 0 
1 72 0 0 0 0 0 0 0 0
6x10
9 2 3 2 3 3 3 3 3 4 
4 1 3 3 3 0 0 0 0 0 
8 1 3 3 2 3 3 3 3 0 
4 2 3 2 3 0 0 0 0 0 
8 2 3 3 2 3 3 3 3 0 
1 72 0 0 0 0 0 0 0 0
6x9
3 3 3 3 0 0 0 0 0 
7 3 3 2 3 3 3 3 0 
1 1 0 0 0 0 0 0 0 
4 2 3 2 3 0 0 0 0 
8 2 3 3 2 3 3 3 3 
1 72 0 0 0 0 0 0 0
6x11
10 1 2 3 2 3 3 3 3 3 4 
3 3 3 3 0 0 0 0 0 0 0 
7 3 3 2 3 3 3 3 0 0 0 
4 2 3 2 3 0 0 0 0 0 0 
8 2 3 3 2 3 3 3 3 0 0 
1 72 0 0 0 0 0 0 0 0 0
6x9
2 2 4 0 0 0 0 0 0 
3 3 3 3 0 0 0 0 0 
1 1 0 0 0 0 0 0 0 
4 2 3 2 3 0 0 0 0 
8 2 3 3 2 3 3 3 3 
1 72 0 0 0 0 0 0 0
6x11
10 1 2 3 2 3 3 3 3 3 4 
3 3 3 3 0 0 0 0 0 0 0 
8 1 3 3 2 3 3 3 3 0 0 
4 2 3 2 3 0 0 0 0 0 0 
8 2 3 3 2 3 3 3 3 0 0 
1 72 0 0 0 0 0 0 0 0 0
6x9
6 2 3 2 3 3 4 0 0 
7 3 3 2 3 3 3 3 0 
1 1 0 0 0 0 0 0 0 
4 2 3 2 3 0 0 0 0 
8 2 3 3 2 3 3 3 3 
1 72 0 0 0 0 0 0 0
6x11
10 1 2 3 2 3 3 3 3 3 4 
4 1 3 3 3 0 0 0 0 0 0 
7 3 3 2 3 3 3 3 0 0 0 
4 2 3 2 3 0 0 0 0 0 0 
8 2 3 3 2 3 3 3 3 0 0 
1 72 0 0 0 0 0 0 0 0 0
6x9
2 2 4 0 0 0 0 0 0 
4 3 3 2 3 0 0 0 0 
1 1 0 0 0 0 0 0 0 
4 2 3 2 3 0 0 0 0 
8 2 3 3 2 3 3 3 3 
1 72 0 0 0 0 0 0 0
6x11
10 1 2 3 2 3 3 3 3 3 4 
4 1 3 3 3 0 0 0 0 0 0 
8 1 3 3 2 3 3 3 3 0 0 
4 2 3 2 3 0 0 0 0 0 0 
8 2 3 3 2 3 3 3 3 0 0 
1 72 0 0 0 0 0 0 0 0 0
6x10
9 2 3 2 3 3 3 3 3 4 
3 3 3 3 0 0 0 0 0 0 
7 3 3 2 3 3 3 3 0 0 
1 1 0 0 0 0 0 0 0 0 
8 2 3 3 2 3 3 3 3 0 
1 48 0 0 0 0 0 0 0 0
6x10
9 2 3 2 3 3 3 3 3 4 
3 3 3 3 0 0 0 0 0 0 
7 3 3 2 3 3 3 3 0 0 
1 1 0 0 0 0 0 0 0 0 
4 2 3 2 3 0 0 0 0 0 
3 48 0 0 0 0 0 0 0 0
