#3
2x2
1 2 
1 2
2x2
1 1 
1 2
2x3
2 1 2 
1 2 0
#2 1 1 0
0 1 min.18 1 1 0
1 2 min.17 1 1 0
#3 1 1 1
0 1 min.18 1 1 0
1 1 min.17 1 1 1
2 1 min.17 1 1 0
#2 1 1 3
0 1 min.18 1 1 0
1 2 min.17 1 1 1
#2 1 1 4
0 1 min.18 1 1 1
1 2 min.17 1 1 0
#3 1 1 5
0 1 min.18 1 1 1
1 1 min.17 1 1 1
2 1 min.17 1 1 0
#2 1 1 7
0 1 min.18 1 1 1
1 2 min.17 1 1 1
#3 1 2 0
0 1 min.18 1 2 0
1 1 min.17 1 2 0
2 1 min.17 1 1 0
#3 1 2 1
0 1 min.18 1 2 1
1 1 min.17 1 2 0
2 1 min.17 1 1 0
#3 1 2 2
0 1 min.18 1 2 0
1 1 min.17 1 2 0
2 1 min.17 1 1 1
#3 1 2 3
0 1 min.18 1 2 1
1 1 min.17 1 2 0
2 1 min.17 1 1 1
#2 1 3 0
0 1 min.18 1 1 0
1 2 min.17 1 2 0
#2 1 3 1
0 1 min.18 1 1 1
1 2 min.17 1 2 0
#2 1 4 0
0 1 min.18 1 2 0
1 2 min.17 1 2 0
#2 1 4 1
0 1 min.18 1 2 1
1 2 min.17 1 2 0
#2 1 5 0
0 1 min.18 1 2 0
1 2 min.17 1 2 0
#2 1 5 1
0 1 min.18 1 2 1
1 2 min.17 1 2 0
#2 1 5 2
0 1 min.18 1 2 0
1 2 min.17 1 2 0
#2 1 6 0
0 1 min.18 1 3 0
1 2 min.17 1 2 0
