#7
6x7
1 3 0 0 0 0 0 
3 3 1 3 0 0 0 
6 2 1 3 1 2 3 
4 1 2 1 2 0 0 
4 1 3 1 3 0 0 
1 32 0 0 0 0 0
6x7
1 3 0 0 0 0 0 
3 1 2 1 0 0 0 
6 2 1 3 1 2 3 
4 1 2 1 2 0 0 
4 1 3 1 3 0 0 
1 32 0 0 0 0 0
6x7
1 3 0 0 0 0 0 
4 2 3 1 3 0 0 
6 2 1 3 1 2 3 
4 1 2 1 2 0 0 
4 1 3 1 3 0 0 
1 32 0 0 0 0 0
6x7
3 3 1 3 0 0 0 
3 1 2 1 0 0 0 
6 2 1 3 1 2 3 
4 1 2 1 2 0 0 
4 1 3 1 3 0 0 
1 32 0 0 0 0 0
6x7
6 2 1 2 3 1 2 
3 3 1 3 0 0 0 
6 2 1 3 1 2 3 
4 1 2 1 2 0 0 
4 1 3 1 3 0 0 
1 32 0 0 0 0 0
6x7
2 1 3 0 0 0 0 
3 1 2 1 0 0 0 
6 2 1 3 1 2 3 
4 1 2 1 2 0 0 
4 1 3 1 3 0 0 
1 32 0 0 0 0 0
6x7
6 2 1 2 3 1 2 
4 2 3 1 3 0 0 
6 2 1 3 1 2 3 
4 1 2 1 2 0 0 
4 1 3 1 3 0 0 
1 32 0 0 0 0 0
