#3
4x8
4 2 2 2 2 0 0 0 
7 2 1 2 2 2 2 2 
1 1 0 0 0 0 0 0 
1 12 0 0 0 0 0 0
4x8
3 2 2 2 0 0 0 0 
7 2 1 2 2 2 2 2 
1 1 0 0 0 0 0 0 
1 8 0 0 0 0 0 0
3x5
3 2 2 2 0 
4 2 2 2 2 
4 6 0 0 0
#3 1 1 0
0 1 min.44 1 1 0
1 1 group.31 1 8 0
2 4 min.37 1 3 0
#3 1 1 1
0 1 min.44 1 1 3
1 1 group.31 1 8 4
2 4 min.37 1 3 0
#3 1 2 0
0 1 min.44 1 2 0
1 1 group.31 1 12 0
2 4 min.37 1 4 0
#3 1 2 1
0 1 min.44 1 2 3
1 1 group.31 1 12 18
2 4 min.37 1 4 0
#3 2 1 0
0 1 min.44 2 1 0
1 1 group.31 1 1 0
2 4 min.37 1 3 0
#3 2 1 1
0 1 min.44 2 1 3
1 1 group.31 1 1 104
2 4 min.37 1 3 0
#3 2 1 2
0 1 min.44 2 1 0
1 1 group.31 1 1 7
2 4 min.37 1 3 1
#3 2 1 3
0 1 min.44 2 1 3
1 1 group.31 1 1 111
2 4 min.37 1 3 1
#3 2 2 0
0 1 min.44 2 2 0
1 1 group.31 1 6 0
2 4 min.37 1 4 0
#3 3 1 0
0 1 min.44 3 1 0
1 1 group.31 1 5 0
2 4 min.37 1 3 0
#3 3 1 1
0 1 min.44 3 1 0
1 1 group.31 1 5 4
2 4 min.37 1 3 1
