#17
6x7
3 4 4 4 0 0 0 
1 3 0 0 0 0 0 
1 2 0 0 0 0 0 
4 1 4 4 1 0 0 
6 4 1 4 4 4 1 
1 72 0 0 0 0 0
6x8
3 4 4 4 0 0 0 0 
1 3 0 0 0 0 0 0 
7 1 4 1 4 1 4 4 
4 1 4 4 1 0 0 0 
6 4 1 4 4 4 1 0 
1 72 0 0 0 0 0 0
6x9
3 4 4 4 0 0 0 0 0 
1 3 0 0 0 0 0 0 0 
8 1 2 4 1 4 1 4 4 
4 1 4 4 1 0 0 0 0 
6 4 1 4 4 4 1 0 0 
1 72 0 0 0 0 0 0 0
6x8
3 4 4 4 0 0 0 0 
1 2 0 0 0 0 0 0 
7 1 4 1 4 1 4 4 
4 1 4 4 1 0 0 0 
6 4 1 4 4 4 1 0 
1 72 0 0 0 0 0 0
6x9
3 4 4 4 0 0 0 0 0 
8 1 3 4 1 4 1 4 4 
1 2 0 0 0 0 0 0 0 
4 1 4 4 1 0 0 0 0 
6 4 1 4 4 4 1 0 0 
1 72 0 0 0 0 0 0 0
6x8
3 4 4 4 0 0 0 0 
2 2 3 0 0 0 0 0 
7 1 4 1 4 1 4 4 
4 1 4 4 1 0 0 0 
6 4 1 4 4 4 1 0 
1 72 0 0 0 0 0 0
6x9
3 4 4 4 0 0 0 0 0 
8 1 3 4 1 4 1 4 4 
8 1 2 4 1 4 1 4 4 
4 1 4 4 1 0 0 0 0 
6 4 1 4 4 4 1 0 0 
1 72 0 0 0 0 0 0 0
6x8
1 3 0 0 0 0 0 0 
1 2 0 0 0 0 0 0 
7 1 4 1 4 1 4 4 
4 1 4 4 1 0 0 0 
6 4 1 4 4 4 1 0 
1 72 0 0 0 0 0 0
6x7
6 4 1 4 1 4 1 
1 3 0 0 0 0 0 
1 2 0 0 0 0 0 
4 1 4 4 1 0 0 
6 4 1 4 4 4 1 
1 72 0 0 0 0 0
6x8
4 2 4 4 4 0 0 0 
1 3 0 0 0 0 0 0 
7 1 4 1 4 1 4 4 
4 1 4 4 1 0 0 0 
6 4 1 4 4 4 1 0 
1 72 0 0 0 0 0 0
6x9
6 4 1 4 1 4 1 0 0 
1 3 0 0 0 0 0 0 0 
8 1 2 4 1 4 1 4 4 
4 1 4 4 1 0 0 0 0 
6 4 1 4 4 4 1 0 0 
1 72 0 0 0 0 0 0 0
6x8
4 3 4 4 4 0 0 0 
1 2 0 0 0 0 0 0 
7 1 4 1 4 1 4 4 
4 1 4 4 1 0 0 0 
6 4 1 4 4 4 1 0 
1 72 0 0 0 0 0 0
6x9
6 4 1 4 1 4 1 0 0 
8 1 3 4 1 4 1 4 4 
1 2 0 0 0 0 0 0 0 
4 1 4 4 1 0 0 0 0 
6 4 1 4 4 4 1 0 0 
1 72 0 0 0 0 0 0 0
6x8
4 2 4 4 4 0 0 0 
2 2 3 0 0 0 0 0 
7 1 4 1 4 1 4 4 
4 1 4 4 1 0 0 0 
6 4 1 4 4 4 1 0 
1 72 0 0 0 0 0 0
6x9
6 4 1 4 1 4 1 0 0 
8 1 3 4 1 4 1 4 4 
8 1 2 4 1 4 1 4 4 
4 1 4 4 1 0 0 0 0 
6 4 1 4 4 4 1 0 0 
1 72 0 0 0 0 0 0 0
6x8
3 4 4 4 0 0 0 0 
1 3 0 0 0 0 0 0 
1 2 0 0 0 0 0 0 
7 1 4 1 4 1 4 4 
4 1 4 4 1 0 0 0 
3 48 0 0 0 0 0 0
6x8
3 4 4 4 0 0 0 0 
1 3 0 0 0 0 0 0 
1 2 0 0 0 0 0 0 
7 1 4 1 4 1 4 4 
4 1 4 1 4 0 0 0 
3 48 0 0 0 0 0 0
