#4
8x13
7 1 1 2 1 2 1 1 0 0 0 0 0 
7 2 2 2 1 2 2 2 0 0 0 0 0 
10 2 1 1 2 2 2 1 1 2 2 0 0 
8 2 2 1 2 1 2 2 2 0 0 0 0 
8 1 2 2 2 1 2 2 2 0 0 0 0 
11 1 1 2 2 1 1 2 2 2 1 2 0 
12 1 1 2 2 1 1 2 2 1 1 2 2 
1 288 0 0 0 0 0 0 0 0 0 0 0
8x13
12 1 2 1 2 2 2 2 1 2 2 2 2 
7 2 2 2 1 2 2 2 0 0 0 0 0 
10 2 1 1 2 2 2 1 1 2 2 0 0 
8 2 2 1 2 1 2 2 2 0 0 0 0 
8 1 2 2 2 1 2 2 2 0 0 0 0 
11 1 1 2 2 1 1 2 2 2 1 2 0 
12 1 1 2 2 1 1 2 2 1 1 2 2 
1 192 0 0 0 0 0 0 0 0 0 0 0
8x13
12 1 2 1 2 2 2 2 1 2 2 2 2 
7 1 1 2 1 2 1 1 0 0 0 0 0 
10 2 1 1 2 2 2 1 1 2 2 0 0 
8 2 2 1 2 1 2 2 2 0 0 0 0 
8 1 2 2 2 1 2 2 2 0 0 0 0 
11 1 1 2 2 1 1 2 2 2 1 2 0 
12 1 1 2 2 1 1 2 2 1 1 2 2 
3 192 0 0 0 0 0 0 0 0 0 0 0
5x13
12 1 2 1 2 2 2 2 1 2 2 2 2 
7 1 1 2 1 2 1 1 0 0 0 0 0 
7 2 2 2 1 2 2 2 0 0 0 0 0 
12 1 1 2 2 1 1 2 2 1 1 2 2 
16 36 0 0 0 0 0 0 0 0 0 0 0
#4 1 1 0
0 1 group.159 1 1 0
1 1 group.153 2 1 0
2 3 group.152 3 1 0
3 16 group.118 1 2 0
#4 2 1 0
0 1 group.159 1 1 0
1 1 group.153 1 1 0
2 3 group.152 1 1 0
3 16 group.118 1 2 0
