#7
3x4
3 1 2 3 
1 2 0 0 
1 4 0 0
3x4
3 1 2 3 
1 1 0 0 
1 4 0 0
3x4
3 1 2 3 
2 1 2 0 
1 4 0 0
3x2
1 2 
1 1 
1 4
3x3
2 2 3 
1 2 0 
1 4 0
3x3
2 1 3 
1 1 0 
1 4 0
3x3
2 2 3 
2 1 2 
1 4 0
#2 1 1 0
0 4 min.22 1 1 0
2 3 group.28 1 1 0
#5 1 1 1
0 1 min.22 1 1 0
1 2 min.22 1 1 1
2 2 group.28 1 1 1
3 1 min.22 1 1 4
4 1 group.28 1 1 0
#3 1 1 15
0 4 min.22 1 1 7
2 2 group.28 1 1 5
4 1 group.28 1 1 0
#7 1 1 18
0 1 min.22 1 1 12
1 1 min.22 1 1 1
2 1 group.28 1 1 5
3 1 min.22 1 1 4
4 1 group.28 1 1 1
5 1 group.28 1 1 1
6 1 min.22 1 1 3
#5 1 1 21
0 1 min.22 1 1 3
1 2 min.22 1 1 5
2 2 group.28 1 1 1
5 1 group.28 1 1 1
6 1 min.22 1 1 0
#7 1 1 22
0 1 min.22 1 1 13
1 1 min.22 1 1 5
2 1 group.28 1 1 5
3 1 min.22 1 1 12
4 1 group.28 1 1 1
5 1 group.28 1 1 5
6 1 min.22 1 1 3
#7 1 1 23
0 1 min.22 1 1 13
1 1 min.22 1 1 7
2 1 group.28 1 1 1
3 1 min.22 1 1 5
4 1 group.28 1 1 1
5 1 group.28 1 1 5
6 1 min.22 1 1 1
#7 1 1 28
0 1 min.22 1 1 11
1 1 min.22 1 1 4
2 1 group.28 1 1 5
3 1 min.22 1 1 13
4 1 group.28 1 1 1
5 1 group.28 1 1 5
6 1 min.22 1 1 5
#4 1 1 3
0 2 min.22 1 1 4
1 2 min.22 1 1 3
2 2 group.28 1 1 5
4 1 group.28 1 1 0
#7 1 1 30
0 1 min.22 1 1 15
1 1 min.22 1 1 5
2 1 group.28 1 1 5
3 1 min.22 1 1 13
4 1 group.28 1 1 1
5 1 group.28 1 1 5
6 1 min.22 1 1 7
#5 1 1 5
0 2 min.22 1 1 1
1 2 min.22 1 1 5
2 1 group.28 1 1 5
4 1 group.28 1 1 0
5 1 group.28 1 1 1
#3 1 1 53
0 3 min.22 1 1 7
2 3 group.28 1 1 1
6 1 min.22 1 1 0
#5 1 1 54
0 2 min.22 1 1 13
1 1 min.22 1 1 4
2 2 group.28 1 1 5
4 1 group.28 1 1 1
6 1 min.22 1 1 3
#5 1 1 60
0 2 min.22 1 1 15
1 2 min.22 1 1 5
2 1 group.28 1 1 5
4 1 group.28 1 1 1
5 1 group.28 1 1 5
#5 1 1 61
0 2 min.22 1 1 15
1 1 min.22 1 1 7
2 2 group.28 1 1 5
4 1 group.28 1 1 1
6 1 min.22 1 1 4
#5 1 1 7
0 2 min.22 1 1 5
1 1 min.22 1 1 7
2 2 group.28 1 1 5
4 1 group.28 1 1 0
6 1 min.22 1 1 3
#3 1 1 86
0 3 min.22 1 1 12
2 3 group.28 1 1 5
6 1 min.22 1 1 11
#7 1 1 91
0 1 min.22 1 1 15
1 1 min.22 1 1 13
2 1 group.28 1 1 5
3 1 min.22 1 1 12
4 1 group.28 1 1 5
5 1 group.28 1 1 5
6 1 min.22 1 1 13
#3 1 1 95
0 4 min.22 1 1 13
2 2 group.28 1 1 5
5 1 group.28 1 1 5
#4 1 2 0
0 2 min.22 1 4 0
1 2 min.22 1 2 0
2 2 group.28 1 2 0
4 1 group.28 1 1 0
#5 1 2 1
0 2 min.22 1 4 1
1 1 min.22 1 2 0
2 2 group.28 1 2 1
4 1 group.28 1 1 0
6 1 min.22 1 2 6
#4 1 2 16
0 2 min.22 1 4 4
1 2 min.22 1 2 0
2 2 group.28 1 2 0
4 1 group.28 1 1 1
#5 1 2 17
0 2 min.22 1 4 5
1 1 min.22 1 2 0
2 2 group.28 1 2 1
4 1 group.28 1 1 1
6 1 min.22 1 2 6
#7 1 2 18
0 1 min.22 1 4 5
1 1 min.22 1 2 2
2 1 group.28 1 2 1
3 1 min.22 1 4 4
4 1 group.28 1 1 5
5 1 group.28 1 2 0
6 1 min.22 1 2 1
#7 1 2 19
0 1 min.22 1 4 7
1 1 min.22 1 2 2
2 1 group.28 1 2 3
3 1 min.22 1 4 5
4 1 group.28 1 1 5
5 1 group.28 1 2 1
6 1 min.22 1 2 7
#7 1 2 2
0 1 min.22 1 4 1
1 1 min.22 1 2 2
2 1 group.28 1 2 1
3 1 min.22 1 4 0
4 1 group.28 1 1 1
5 1 group.28 1 2 0
6 1 min.22 1 2 1
#5 1 2 22
0 2 min.22 1 4 5
1 2 min.22 1 2 3
2 1 group.28 1 2 3
4 1 group.28 1 1 5
5 1 group.28 1 2 0
#5 1 2 23
0 1 min.22 1 4 7
1 2 min.22 1 2 3
2 2 group.28 1 2 1
3 1 min.22 1 4 4
4 1 group.28 1 1 5
#4 1 2 25
0 2 min.22 1 4 7
1 2 min.22 1 2 6
2 2 group.28 1 2 3
4 1 group.28 1 1 1
#7 1 2 3
0 1 min.22 1 4 3
1 1 min.22 1 2 2
2 1 group.28 1 2 3
3 1 min.22 1 4 1
4 1 group.28 1 1 1
5 1 group.28 1 2 1
6 1 min.22 1 2 7
#5 1 2 6
0 2 min.22 1 4 1
1 2 min.22 1 2 3
2 1 group.28 1 2 3
4 1 group.28 1 1 1
5 1 group.28 1 2 0
#5 1 2 7
0 1 min.22 1 4 3
1 2 min.22 1 2 3
2 2 group.28 1 2 1
3 1 min.22 1 4 0
4 1 group.28 1 1 1
#4 1 2 9
0 2 min.22 1 4 3
1 2 min.22 1 2 6
2 2 group.28 1 2 3
4 1 group.28 1 1 0
#3 1 3 0
0 3 min.22 1 5 0
2 3 group.28 1 2 0
6 1 min.22 1 3 0
#5 1 3 1
0 2 min.22 1 5 1
1 1 min.22 1 5 0
2 2 group.28 1 2 1
4 1 group.28 1 2 0
6 1 min.22 1 3 1
#3 1 3 2
0 3 min.22 1 5 2
2 3 group.28 1 2 1
6 1 min.22 1 3 0
#5 1 3 3
0 2 min.22 1 5 3
1 1 min.22 1 5 2
2 2 group.28 1 2 3
4 1 group.28 1 2 1
6 1 min.22 1 3 1
#2 1 4 0
0 4 min.22 1 6 0
2 3 group.28 1 2 0
#3 1 4 1
0 3 min.22 1 6 1
1 1 min.22 1 6 0
2 3 group.28 1 2 1
#3 1 4 3
0 4 min.22 1 6 1
2 2 group.28 1 2 3
5 1 group.28 1 2 0
#3 1 5 0
0 3 min.22 1 8 0
2 3 group.28 1 2 0
6 1 min.22 1 7 0
#5 1 5 1
0 2 min.22 1 8 2
1 1 min.22 1 8 0
2 2 group.28 1 2 1
4 1 group.28 1 2 0
6 1 min.22 1 7 2
#5 1 5 11
0 2 min.22 1 8 3
2 1 group.28 1 2 1
3 1 min.22 1 8 0
4 2 group.28 1 2 1
6 1 min.22 1 7 3
#3 1 5 28
0 3 min.22 1 8 5
2 3 group.28 1 2 1
6 1 min.22 1 7 1
#5 1 5 29
0 2 min.22 1 8 7
1 1 min.22 1 8 5
2 2 group.28 1 2 3
4 1 group.28 1 2 1
6 1 min.22 1 7 3
#5 1 5 4
0 2 min.22 1 8 1
1 1 min.22 1 8 5
2 2 group.28 1 2 1
4 1 group.28 1 2 0
6 1 min.22 1 7 0
#5 1 5 5
0 2 min.22 1 8 3
1 1 min.22 1 8 5
2 2 group.28 1 2 3
4 1 group.28 1 2 0
6 1 min.22 1 7 2
#7 1 5 6
0 1 min.22 1 8 1
1 1 min.22 1 8 7
2 1 group.28 1 2 3
3 1 min.22 1 8 3
4 1 group.28 1 2 1
5 1 group.28 1 2 1
6 1 min.22 1 7 2
#5 1 5 8
0 2 min.22 1 8 1
2 1 group.28 1 2 1
3 1 min.22 1 8 0
4 2 group.28 1 2 0
6 1 min.22 1 7 1
#7 1 5 9
0 1 min.22 1 8 3
1 1 min.22 1 8 1
2 1 group.28 1 2 3
3 1 min.22 1 8 2
4 1 group.28 1 2 0
5 1 group.28 1 2 1
6 1 min.22 1 7 3
#3 1 6 0
0 4 min.22 1 9 0
2 2 group.28 1 3 0
4 1 group.28 1 1 0
#4 1 6 1
0 2 min.22 1 9 1
1 2 min.22 1 9 0
2 2 group.28 1 3 0
4 1 group.28 1 1 1
#3 1 6 3
0 4 min.22 1 9 1
2 2 group.28 1 3 0
4 1 group.28 1 1 5
#4 1 7 0
0 2 min.22 1 11 0
1 2 min.22 1 10 0
2 2 group.28 1 3 0
4 1 group.28 1 2 0
#4 1 7 1
0 2 min.22 1 11 0
1 2 min.22 1 10 1
2 2 group.28 1 3 0
4 1 group.28 1 2 0
#5 1 7 2
0 2 min.22 1 11 1
1 1 min.22 1 10 1
2 2 group.28 1 3 0
4 1 group.28 1 2 1
6 1 min.22 1 10 0
#2 1 8 0
0 4 min.22 1 12 0
2 3 group.28 1 2 0
#5 1 8 1
0 2 min.22 1 12 1
1 1 min.22 1 12 0
2 2 group.28 1 2 1
4 1 group.28 1 2 0
6 1 min.22 1 12 3
#3 1 8 12
0 4 min.22 1 12 1
2 2 group.28 1 2 0
4 1 group.28 1 2 3
#2 1 8 15
0 4 min.22 1 12 6
2 3 group.28 1 2 3
#3 1 8 3
0 4 min.22 1 12 3
2 2 group.28 1 2 3
4 1 group.28 1 2 0
#5 1 8 5
0 1 min.22 1 12 6
1 1 min.22 1 12 1
2 1 group.28 1 2 3
3 2 min.22 1 12 3
4 2 group.28 1 2 1
#2 1 9 0
0 4 min.22 1 13 0
2 3 group.28 1 3 0
