1
-1 1 -1 1 -0.100539 0.185976
5*besselJ(0,(y^2+x^2)^(1/2))
0 0 1.2 1 1 1 0.785398 -0.785398
0 0 400 400
0 3 1 0 27 0 1
-0.5 0.5 0.5 1
1 500
784
-1 -1 -0.0266651 0.257835
-0.925926 -1 0.00895768 0.382167
-0.851852 -1 0.0365543 0.478485
-0.777778 -1 0.0330167 0.466138
-0.703704 -1 0.00415545 0.365406
-0.62963 -1 -0.0270048 0.25665
-0.555556 -1 -0.0415006 0.206056
-0.481482 -1 -0.0353011 0.227694
-0.407407 -1 -0.0161016 0.294704
-0.333333 -1 0.0056233 0.370529
-0.259259 -1 0.0229553 0.431022
-0.185185 -1 0.0338527 0.469056
-0.111111 -1 0.039396 0.488403
-0.037037 -1 0.0415232 0.495828
0.037037 -1 0.0415232 0.495828
0.111111 -1 0.039396 0.488403
0.185185 -1 0.0338527 0.469056
0.259259 -1 0.0229553 0.431022
0.333333 -1 0.0056233 0.370529
0.407407 -1 -0.0161016 0.294704
0.481482 -1 -0.0353011 0.227694
0.555556 -1 -0.0415006 0.206056
0.62963 -1 -0.0270048 0.25665
0.703704 -1 0.00415545 0.365406
0.777778 -1 0.0330167 0.466138
0.851852 -1 0.0365543 0.478485
0.925926 -1 0.00895768 0.382167
1 -1 -0.0266651 0.257835
-1 -0.925926 0.00895768 0.382167
-0.925926 -0.925926 0.0376013 0.482139
-0.851852 -0.925926 0.0288277 0.451518
-0.777778 -0.925926 -0.00676458 0.327293
-0.703704 -0.925926 -0.0367233 0.22273
-0.62963 -0.925926 -0.0390175 0.214723
-0.555556 -0.925926 -0.0161016 0.294704
-0.481482 -0.925926 0.0145226 0.40159
-0.407407 -0.925926 0.036826 0.479433
-0.333333 -0.925926 0.0449176 0.507675
-0.259259 -0.925926 0.0416969 0.496434
-0.185185 -0.925926 0.0333812 0.46741
-0.111111 -0.925926 0.0253277 0.439302
-0.037037 -0.925926 0.0206674 0.423036
0.037037 -0.925926 0.0206674 0.423036
0.111111 -0.925926 0.0253277 0.439302
0.185185 -0.925926 0.0333812 0.46741
0.259259 -0.925926 0.0416969 0.496434
0.333333 -0.925926 0.0449176 0.507675
0.407407 -0.925926 0.036826 0.479433
0.481482 -0.925926 0.0145226 0.40159
0.555556 -0.925926 -0.0161016 0.294704
0.62963 -0.925926 -0.0390175 0.214723
0.703704 -0.925926 -0.0367233 0.22273
0.777778 -0.925926 -0.00676458 0.327293
0.851852 -0.925926 0.0288277 0.451518
0.925926 -0.925926 0.0376013 0.482139
1 -0.925926 0.00895768 0.382167
-1 -0.851852 0.0365543 0.478485
-0.925926 -0.851852 0.0288277 0.451518
-0.851852 -0.851852 -0.0103877 0.314647
-0.777778 -0.851852 -0.0398109 0.211954
-0.703704 -0.851852 -0.0328892 0.236112
-0.62963 -0.851852 0.0011239 0.354825
-0.555556 -0.851852 0.0338527 0.469056
-0.481482 -0.851852 0.0449688 0.507853
-0.407407 -0.851852 0.0333812 0.46741
-0.333333 -0.851852 0.0103558 0.387046
-0.259259 -0.851852 -0.0122656 0.308093
-0.185185 -0.851852 -0.028383 0.251839
-0.111111 -0.851852 -0.037389 0.220406
-0.037037 -0.851852 -0.041109 0.207423
0.037037 -0.851852 -0.041109 0.207423
0.111111 -0.851852 -0.037389 0.220406
0.185185 -0.851852 -0.028383 0.251839
0.259259 -0.851852 -0.0122656 0.308093
0.333333 -0.851852 0.0103558 0.387046
0.407407 -0.851852 0.0333812 0.46741
0.481482 -0.851852 0.0449688 0.507853
0.555556 -0.851852 0.0338527 0.469056
0.62963 -0.851852 0.0011239 0.354825
0.703704 -0.851852 -0.0328892 0.236112
0.777778 -0.851852 -0.0398109 0.211954
0.851852 -0.851852 -0.0103877 0.314647
0.925926 -0.851852 0.0288277 0.451518
1 -0.851852 0.0365543 0.478485
-1 -0.777778 0.0330167 0.466138
-0.925926 -0.777778 -0.00676458 0.327293
-0.851852 -0.777778 -0.0398109 0.211954
-0.777778 -0.777778 -0.03013 0.245742
-0.703704 -0.777778 0.0101061 0.386175
-0.62963 -0.777778 0.0415232 0.495828
-0.555556 -0.777778 0.0394668 0.48865
-0.481482 -0.777778 0.0103558 0.387046
-0.407407 -0.777778 -0.0232687 0.269689
-0.333333 -0.777778 -0.0442001 0.196634
-0.259259 -0.777778 -0.0489831 0.179941
-0.185185 -0.777778 -0.0435057 0.199058
-0.111111 -0.777778 -0.0354869 0.227045
-0.037037 -0.777778 -0.0302841 0.245204
0.037037 -0.777778 -0.0302841 0.245204
0.111111 -0.777778 -0.0354869 0.227045
0.185185 -0.777778 -0.0435057 0.199058
0.259259 -0.777778 -0.0489831 0.179941
0.333333 -0.777778 -0.0442001 0.196634
0.407407 -0.777778 -0.0232687 0.269689
0.481482 -0.777778 0.0103558 0.387046
0.555556 -0.777778 0.0394668 0.48865
0.62963 -0.777778 0.0415232 0.495828
0.703704 -0.777778 0.0101061 0.386175
0.777778 -0.777778 -0.03013 0.245742
0.851852 -0.777778 -0.0398109 0.211954
0.925926 -0.777778 -0.00676458 0.327293
1 -0.777778 0.0330167 0.466138
-1 -0.703704 0.00415545 0.365406
-0.925926 -0.703704 -0.0367233 0.22273
-0.851852 -0.703704 -0.0328892 0.236112
-0.777778 -0.703704 0.0101061 0.386175
-0.703704 -0.703704 0.0431722 0.501583
-0.62963 -0.703704 0.0333812 0.46741
-0.555556 -0.703704 -0.00655717 0.328016
-0.481482 -0.703704 -0.041109 0.207423
-0.407407 -0.703704 -0.0480528 0.183188
-0.333333 -0.703704 -0.0302841 0.245204
-0.259259 -0.703704 -0.00349761 0.338695
-0.185185 -0.703704 0.0192862 0.418215
-0.111111 -0.703704 0.033336 0.467252
-0.037037 -0.703704 0.0394771 0.488686
0.037037 -0.703704 0.0394771 0.488686
0.111111 -0.703704 0.033336 0.467252
0.185185 -0.703704 0.0192862 0.418215
0.259259 -0.703704 -0.00349761 0.338695
0.333333 -0.703704 -0.0302841 0.245204
0.407407 -0.703704 -0.0480528 0.183188
0.481482 -0.703704 -0.041109 0.207423
0.555556 -0.703704 -0.00655717 0.328016
0.62963 -0.703704 0.0333812 0.46741
0.703704 -0.703704 0.0431722 0.501583
0.777778 -0.703704 0.0101061 0.386175
0.851852 -0.703704 -0.0328892 0.236112
0.925926 -0.703704 -0.0367233 0.22273
1 -0.703704 0.00415545 0.365406
-1 -0.62963 -0.0270048 0.25665
-0.925926 -0.62963 -0.0390175 0.214723
-0.851852 -0.62963 0.0011239 0.354825
-0.777778 -0.62963 0.0415232 0.495828
-0.703704 -0.62963 0.0333812 0.46741
-0.62963 -0.62963 -0.0122656 0.308093
-0.555556 -0.62963 -0.0465908 0.18829
-0.481482 -0.62963 -0.0399131 0.211597
-0.407407 -0.62963 -0.00349761 0.338695
-0.333333 -0.62963 0.033336 0.467252
-0.259259 -0.62963 0.052254 0.533281
-0.185185 -0.62963 0.0535209 0.537702
-0.111111 -0.62963 0.046814 0.514294
-0.037037 -0.62963 0.0411816 0.494635
0.037037 -0.62963 0.0411816 0.494635
0.111111 -0.62963 0.046814 0.514294
0.185185 -0.62963 0.0535209 0.537702
0.259259 -0.62963 0.052254 0.533281
0.333333 -0.62963 0.033336 0.467252
0.407407 -0.62963 -0.00349761 0.338695
0.481482 -0.62963 -0.0399131 0.211597
0.555556 -0.62963 -0.0465908 0.18829
0.62963 -0.62963 -0.0122656 0.308093
0.703704 -0.62963 0.0333812 0.46741
0.777778 -0.62963 0.0415232 0.495828
0.851852 -0.62963 0.0011239 0.354825
0.925926 -0.62963 -0.0390175 0.214723
1 -0.62963 -0.0270048 0.25665
-1 -0.555556 -0.0415006 0.206056
-0.925926 -0.555556 -0.0161016 0.294704
-0.851852 -0.555556 0.0338527 0.469056
-0.777778 -0.555556 0.0394668 0.48865
-0.703704 -0.555556 -0.00655717 0.328016
-0.62963 -0.555556 -0.0465908 0.18829
-0.555556 -0.555556 -0.0354869 0.227045
-0.481482 -0.555556 0.0117426 0.391887
-0.407407 -0.555556 0.0491001 0.522272
-0.333333 -0.555556 0.0509402 0.528695
-0.259259 -0.555556 0.0258042 0.440965
-0.185185 -0.555556 -0.00462407 0.334763
-0.111111 -0.555556 -0.0263365 0.258982
-0.037037 -0.555556 -0.0364588 0.223653
0.037037 -0.555556 -0.0364588 0.223653
0.111111 -0.555556 -0.0263365 0.258982
0.185185 -0.555556 -0.00462407 0.334763
0.259259 -0.555556 0.0258042 0.440965
0.333333 -0.555556 0.0509402 0.528695
0.407407 -0.555556 0.0491001 0.522272
0.481482 -0.555556 0.0117426 0.391887
0.555556 -0.555556 -0.0354869 0.227045
0.62963 -0.555556 -0.0465908 0.18829
0.703704 -0.555556 -0.00655717 0.328016
0.777778 -0.555556 0.0394668 0.48865
0.851852 -0.555556 0.0338527 0.469056
0.925926 -0.555556 -0.0161016 0.294704
1 -0.555556 -0.0415006 0.206056
-1 -0.481482 -0.0353011 0.227694
-0.925926 -0.481482 0.0145226 0.40159
-0.851852 -0.481482 0.0449688 0.507853
-0.777778 -0.481482 0.0103558 0.387046
-0.703704 -0.481482 -0.041109 0.207423
-0.62963 -0.481482 -0.0399131 0.211597
-0.555556 -0.481482 0.0117426 0.391887
-0.481482 -0.481482 0.052254 0.533281
-0.407407 -0.481482 0.0411816 0.494635
-0.333333 -0.481482 -0.00462407 0.334763
-0.259259 -0.481482 -0.0455062 0.192076
-0.185185 -0.481482 -0.0617842 0.135262
-0.111111 -0.481482 -0.0597806 0.142255
-0.037037 -0.481482 -0.0541753 0.161819
0.037037 -0.481482 -0.0541753 0.161819
0.111111 -0.481482 -0.0597806 0.142255
0.185185 -0.481482 -0.0617842 0.135262
0.259259 -0.481482 -0.0455062 0.192076
0.333333 -0.481482 -0.00462407 0.334763
0.407407 -0.481482 0.0411816 0.494635
0.481482 -0.481482 0.052254 0.533281
0.555556 -0.481482 0.0117426 0.391887
0.62963 -0.481482 -0.0399131 0.211597
0.703704 -0.481482 -0.041109 0.207423
0.777778 -0.481482 0.0103558 0.387046
0.851852 -0.481482 0.0449688 0.507853
0.925926 -0.481482 0.0145226 0.40159
1 -0.481482 -0.0353011 0.227694
-1 -0.407407 -0.0161016 0.294704
-0.925926 -0.407407 0.036826 0.479433
-0.851852 -0.407407 0.0333812 0.46741
-0.777778 -0.407407 -0.0232687 0.269689
-0.703704 -0.407407 -0.0480528 0.183188
-0.62963 -0.407407 -0.00349761 0.338695
-0.555556 -0.407407 0.0491001 0.522272
-0.481482 -0.407407 0.0411816 0.494635
-0.407407 -0.407407 -0.0155838 0.296512
-0.333333 -0.407407 -0.0585893 0.146413
-0.259259 -0.407407 -0.0541753 0.161819
-0.185185 -0.407407 -0.0195068 0.282819
-0.111111 -0.407407 0.014184 0.400408
-0.037037 -0.407407 0.0317272 0.461637
0.037037 -0.407407 0.0317272 0.461637
0.111111 -0.407407 0.014184 0.400408
0.185185 -0.407407 -0.0195068 0.282819
0.259259 -0.407407 -0.0541753 0.161819
0.333333 -0.407407 -0.0585893 0.146413
0.407407 -0.407407 -0.0155838 0.296512
0.481482 -0.407407 0.0411816 0.494635
0.555556 -0.407407 0.0491001 0.522272
0.62963 -0.407407 -0.00349761 0.338695
0.703704 -0.407407 -0.0480528 0.183188
0.777778 -0.407407 -0.0232687 0.269689
0.851852 -0.407407 0.0333812 0.46741
0.925926 -0.407407 0.036826 0.479433
1 -0.407407 -0.0161016 0.294704
-1 -0.333333 0.0056233 0.370529
-0.925926 -0.333333 0.0449176 0.507675
-0.851852 -0.333333 0.0103558 0.387046
-0.777778 -0.333333 -0.0442001 0.196634
-0.703704 -0.333333 -0.0302841 0.245204
-0.62963 -0.333333 0.033336 0.467252
-0.555556 -0.333333 0.0509402 0.528695
-0.481482 -0.333333 -0.00462407 0.334763
-0.407407 -0.333333 -0.0585893 0.146413
-0.333333 -0.333333 -0.0454489 0.192276
-0.259259 -0.333333 0.014184 0.400408
-0.185185 -0.333333 0.06183 0.566703
-0.111111 -0.333333 0.0750238 0.612752
-0.037037 -0.333333 0.0714473 0.600269
0.037037 -0.333333 0.0714473 0.600269
0.111111 -0.333333 0.0750238 0.612752
0.185185 -0.333333 0.06183 0.566703
0.259259 -0.333333 0.014184 0.400408
0.333333 -0.333333 -0.0454489 0.192276
0.407407 -0.333333 -0.0585893 0.146413
0.481482 -0.333333 -0.00462407 0.334763
0.555556 -0.333333 0.0509402 0.528695
0.62963 -0.333333 0.033336 0.467252
0.703704 -0.333333 -0.0302841 0.245204
0.777778 -0.333333 -0.0442001 0.196634
0.851852 -0.333333 0.0103558 0.387046
0.925926 -0.333333 0.0449176 0.507675
1 -0.333333 0.0056233 0.370529
-1 -0.259259 0.0229553 0.431022
-0.925926 -0.259259 0.0416969 0.496434
-0.851852 -0.259259 -0.0122656 0.308093
-0.777778 -0.259259 -0.0489831 0.179941
-0.703704 -0.259259 -0.00349761 0.338695
-0.62963 -0.259259 0.052254 0.533281
-0.555556 -0.259259 0.0258042 0.440965
-0.481482 -0.259259 -0.0455062 0.192076
-0.407407 -0.259259 -0.0541753 0.161819
-0.333333 -0.259259 0.014184 0.400408
-0.259259 -0.259259 0.0713365 0.599882
-0.185185 -0.259259 0.0595341 0.558689
-0.111111 -0.259259 0.0101764 0.38642
-0.037037 -0.259259 -0.0243196 0.266022
0.037037 -0.259259 -0.0243196 0.266022
0.111111 -0.259259 0.0101764 0.38642
0.185185 -0.259259 0.0595341 0.558689
0.259259 -0.259259 0.0713365 0.599882
0.333333 -0.259259 0.014184 0.400408
0.407407 -0.259259 -0.0541753 0.161819
0.481482 -0.259259 -0.0455062 0.192076
0.555556 -0.259259 0.0258042 0.440965
0.62963 -0.259259 0.052254 0.533281
0.703704 -0.259259 -0.00349761 0.338695
0.777778 -0.259259 -0.0489831 0.179941
0.851852 -0.259259 -0.0122656 0.308093
0.925926 -0.259259 0.0416969 0.496434
1 -0.259259 0.0229553 0.431022
-1 -0.185185 0.0338527 0.469056
-0.925926 -0.185185 0.0333812 0.46741
-0.851852 -0.185185 -0.028383 0.251839
-0.777778 -0.185185 -0.0435057 0.199058
-0.703704 -0.185185 0.0192862 0.418215
-0.62963 -0.185185 0.0535209 0.537702
-0.555556 -0.185185 -0.00462407 0.334763
-0.481482 -0.185185 -0.0617842 0.135262
-0.407407 -0.185185 -0.0195068 0.282819
-0.333333 -0.185185 0.06183 0.566703
-0.259259 -0.185185 0.0595341 0.558689
-0.185185 -0.185185 -0.0243196 0.266022
-0.111111 -0.185185 -0.0894119 0.0388352
-0.037037 -0.185185 -0.100539 0
0.037037 -0.185185 -0.100539 0
0.111111 -0.185185 -0.0894119 0.0388352
0.185185 -0.185185 -0.0243196 0.266022
0.259259 -0.185185 0.0595341 0.558689
0.333333 -0.185185 0.06183 0.566703
0.407407 -0.185185 -0.0195068 0.282819
0.481482 -0.185185 -0.0617842 0.135262
0.555556 -0.185185 -0.00462407 0.334763
0.62963 -0.185185 0.0535209 0.537702
0.703704 -0.185185 0.0192862 0.418215
0.777778 -0.185185 -0.0435057 0.199058
0.851852 -0.185185 -0.028383 0.251839
0.925926 -0.185185 0.0333812 0.46741
1 -0.185185 0.0338527 0.469056
-1 -0.111111 0.039396 0.488403
-0.925926 -0.111111 0.0253277 0.439302
-0.851852 -0.111111 -0.037389 0.220406
-0.777778 -0.111111 -0.0354869 0.227045
-0.703704 -0.111111 0.033336 0.467252
-0.62963 -0.111111 0.046814 0.514294
-0.555556 -0.111111 -0.0263365 0.258982
-0.481482 -0.111111 -0.0597806 0.142255
-0.407407 -0.111111 0.014184 0.400408
-0.333333 -0.111111 0.0750238 0.612752
-0.259259 -0.111111 0.0101764 0.38642
-0.185185 -0.111111 -0.0894119 0.0388352
-0.111111 -0.111111 -0.0761391 0.0851604
-0.037037 -0.111111 0.00819999 0.379522
0.037037 -0.111111 0.00819999 0.379522
0.111111 -0.111111 -0.0761391 0.0851604
0.185185 -0.111111 -0.0894119 0.0388352
0.259259 -0.111111 0.0101764 0.38642
0.333333 -0.111111 0.0750238 0.612752
0.407407 -0.111111 0.014184 0.400408
0.481482 -0.111111 -0.0597806 0.142255
0.555556 -0.111111 -0.0263365 0.258982
0.62963 -0.111111 0.046814 0.514294
0.703704 -0.111111 0.033336 0.467252
0.777778 -0.111111 -0.0354869 0.227045
0.851852 -0.111111 -0.037389 0.220406
0.925926 -0.111111 0.0253277 0.439302
1 -0.111111 0.039396 0.488403
-1 -0.037037 0.0415232 0.495828
-0.925926 -0.037037 0.0206674 0.423036
-0.851852 -0.037037 -0.041109 0.207423
-0.777778 -0.037037 -0.0302841 0.245204
-0.703704 -0.037037 0.0394771 0.488686
-0.62963 -0.037037 0.0411816 0.494635
-0.555556 -0.037037 -0.0364588 0.223653
-0.481482 -0.037037 -0.0541753 0.161819
-0.407407 -0.037037 0.0317272 0.461637
-0.333333 -0.037037 0.0714473 0.600269
-0.259259 -0.037037 -0.0243196 0.266022
-0.185185 -0.037037 -0.100539 0
-0.111111 -0.037037 0.00819999 0.379522
-0.037037 -0.037037 0.185976 1
0.037037 -0.037037 0.185976 1
0.111111 -0.037037 0.00819999 0.379522
0.185185 -0.037037 -0.100539 0
0.259259 -0.037037 -0.0243196 0.266022
0.333333 -0.037037 0.0714473 0.600269
0.407407 -0.037037 0.0317272 0.461637
0.481482 -0.037037 -0.0541753 0.161819
0.555556 -0.037037 -0.0364588 0.223653
0.62963 -0.037037 0.0411816 0.494635
0.703704 -0.037037 0.0394771 0.488686
0.777778 -0.037037 -0.0302841 0.245204
0.851852 -0.037037 -0.041109 0.207423
0.925926 -0.037037 0.0206674 0.423036
1 -0.037037 0.0415232 0.495828
-1 0.037037 0.0415232 0.495828
-0.925926 0.037037 0.0206674 0.423036
-0.851852 0.037037 -0.041109 0.207423
-0.777778 0.037037 -0.0302841 0.245204
-0.703704 0.037037 0.0394771 0.488686
-0.62963 0.037037 0.0411816 0.494635
-0.555556 0.037037 -0.0364588 0.223653
-0.481482 0.037037 -0.0541753 0.161819
-0.407407 0.037037 0.0317272 0.461637
-0.333333 0.037037 0.0714473 0.600269
-0.259259 0.037037 -0.0243196 0.266022
-0.185185 0.037037 -0.100539 0
-0.111111 0.037037 0.00819999 0.379522
-0.037037 0.037037 0.185976 1
0.037037 0.037037 0.185976 1
0.111111 0.037037 0.00819999 0.379522
0.185185 0.037037 -0.100539 0
0.259259 0.037037 -0.0243196 0.266022
0.333333 0.037037 0.0714473 0.600269
0.407407 0.037037 0.0317272 0.461637
0.481482 0.037037 -0.0541753 0.161819
0.555556 0.037037 -0.0364588 0.223653
0.62963 0.037037 0.0411816 0.494635
0.703704 0.037037 0.0394771 0.488686
0.777778 0.037037 -0.0302841 0.245204
0.851852 0.037037 -0.041109 0.207423
0.925926 0.037037 0.0206674 0.423036
1 0.037037 0.0415232 0.495828
-1 0.111111 0.039396 0.488403
-0.925926 0.111111 0.0253277 0.439302
-0.851852 0.111111 -0.037389 0.220406
-0.777778 0.111111 -0.0354869 0.227045
-0.703704 0.111111 0.033336 0.467252
-0.62963 0.111111 0.046814 0.514294
-0.555556 0.111111 -0.0263365 0.258982
-0.481482 0.111111 -0.0597806 0.142255
-0.407407 0.111111 0.014184 0.400408
-0.333333 0.111111 0.0750238 0.612752
-0.259259 0.111111 0.0101764 0.38642
-0.185185 0.111111 -0.0894119 0.0388352
-0.111111 0.111111 -0.0761391 0.0851604
-0.037037 0.111111 0.00819999 0.379522
0.037037 0.111111 0.00819999 0.379522
0.111111 0.111111 -0.0761391 0.0851604
0.185185 0.111111 -0.0894119 0.0388352
0.259259 0.111111 0.0101764 0.38642
0.333333 0.111111 0.0750238 0.612752
0.407407 0.111111 0.014184 0.400408
0.481482 0.111111 -0.0597806 0.142255
0.555556 0.111111 -0.0263365 0.258982
0.62963 0.111111 0.046814 0.514294
0.703704 0.111111 0.033336 0.467252
0.777778 0.111111 -0.0354869 0.227045
0.851852 0.111111 -0.037389 0.220406
0.925926 0.111111 0.0253277 0.439302
1 0.111111 0.039396 0.488403
-1 0.185185 0.0338527 0.469056
-0.925926 0.185185 0.0333812 0.46741
-0.851852 0.185185 -0.028383 0.251839
-0.777778 0.185185 -0.0435057 0.199058
-0.703704 0.185185 0.0192862 0.418215
-0.62963 0.185185 0.0535209 0.537702
-0.555556 0.185185 -0.00462407 0.334763
-0.481482 0.185185 -0.0617842 0.135262
-0.407407 0.185185 -0.0195068 0.282819
-0.333333 0.185185 0.06183 0.566703
-0.259259 0.185185 0.0595341 0.558689
-0.185185 0.185185 -0.0243196 0.266022
-0.111111 0.185185 -0.0894119 0.0388352
-0.037037 0.185185 -0.100539 0
0.037037 0.185185 -0.100539 0
0.111111 0.185185 -0.0894119 0.0388352
0.185185 0.185185 -0.0243196 0.266022
0.259259 0.185185 0.0595341 0.558689
0.333333 0.185185 0.06183 0.566703
0.407407 0.185185 -0.0195068 0.282819
0.481482 0.185185 -0.0617842 0.135262
0.555556 0.185185 -0.00462407 0.334763
0.62963 0.185185 0.0535209 0.537702
0.703704 0.185185 0.0192862 0.418215
0.777778 0.185185 -0.0435057 0.199058
0.851852 0.185185 -0.028383 0.251839
0.925926 0.185185 0.0333812 0.46741
1 0.185185 0.0338527 0.469056
-1 0.259259 0.0229553 0.431022
-0.925926 0.259259 0.0416969 0.496434
-0.851852 0.259259 -0.0122656 0.308093
-0.777778 0.259259 -0.0489831 0.179941
-0.703704 0.259259 -0.00349761 0.338695
-0.62963 0.259259 0.052254 0.533281
-0.555556 0.259259 0.0258042 0.440965
-0.481482 0.259259 -0.0455062 0.192076
-0.407407 0.259259 -0.0541753 0.161819
-0.333333 0.259259 0.014184 0.400408
-0.259259 0.259259 0.0713365 0.599882
-0.185185 0.259259 0.0595341 0.558689
-0.111111 0.259259 0.0101764 0.38642
-0.037037 0.259259 -0.0243196 0.266022
0.037037 0.259259 -0.0243196 0.266022
0.111111 0.259259 0.0101764 0.38642
0.185185 0.259259 0.0595341 0.558689
0.259259 0.259259 0.0713365 0.599882
0.333333 0.259259 0.014184 0.400408
0.407407 0.259259 -0.0541753 0.161819
0.481482 0.259259 -0.0455062 0.192076
0.555556 0.259259 0.0258042 0.440965
0.62963 0.259259 0.052254 0.533281
0.703704 0.259259 -0.00349761 0.338695
0.777778 0.259259 -0.0489831 0.179941
0.851852 0.259259 -0.0122656 0.308093
0.925926 0.259259 0.0416969 0.496434
1 0.259259 0.0229553 0.431022
-1 0.333333 0.0056233 0.370529
-0.925926 0.333333 0.0449176 0.507675
-0.851852 0.333333 0.0103558 0.387046
-0.777778 0.333333 -0.0442001 0.196634
-0.703704 0.333333 -0.0302841 0.245204
-0.62963 0.333333 0.033336 0.467252
-0.555556 0.333333 0.0509402 0.528695
-0.481482 0.333333 -0.00462407 0.334763
-0.407407 0.333333 -0.0585893 0.146413
-0.333333 0.333333 -0.0454489 0.192276
-0.259259 0.333333 0.014184 0.400408
-0.185185 0.333333 0.06183 0.566703
-0.111111 0.333333 0.0750238 0.612752
-0.037037 0.333333 0.0714473 0.600269
0.037037 0.333333 0.0714473 0.600269
0.111111 0.333333 0.0750238 0.612752
0.185185 0.333333 0.06183 0.566703
0.259259 0.333333 0.014184 0.400408
0.333333 0.333333 -0.0454489 0.192276
0.407407 0.333333 -0.0585893 0.146413
0.481482 0.333333 -0.00462407 0.334763
0.555556 0.333333 0.0509402 0.528695
0.62963 0.333333 0.033336 0.467252
0.703704 0.333333 -0.0302841 0.245204
0.777778 0.333333 -0.0442001 0.196634
0.851852 0.333333 0.0103558 0.387046
0.925926 0.333333 0.0449176 0.507675
1 0.333333 0.0056233 0.370529
-1 0.407407 -0.0161016 0.294704
-0.925926 0.407407 0.036826 0.479433
-0.851852 0.407407 0.0333812 0.46741
-0.777778 0.407407 -0.0232687 0.269689
-0.703704 0.407407 -0.0480528 0.183188
-0.62963 0.407407 -0.00349761 0.338695
-0.555556 0.407407 0.0491001 0.522272
-0.481482 0.407407 0.0411816 0.494635
-0.407407 0.407407 -0.0155838 0.296512
-0.333333 0.407407 -0.0585893 0.146413
-0.259259 0.407407 -0.0541753 0.161819
-0.185185 0.407407 -0.0195068 0.282819
-0.111111 0.407407 0.014184 0.400408
-0.037037 0.407407 0.0317272 0.461637
0.037037 0.407407 0.0317272 0.461637
0.111111 0.407407 0.014184 0.400408
0.185185 0.407407 -0.0195068 0.282819
0.259259 0.407407 -0.0541753 0.161819
0.333333 0.407407 -0.0585893 0.146413
0.407407 0.407407 -0.0155838 0.296512
0.481482 0.407407 0.0411816 0.494635
0.555556 0.407407 0.0491001 0.522272
0.62963 0.407407 -0.00349761 0.338695
0.703704 0.407407 -0.0480528 0.183188
0.777778 0.407407 -0.0232687 0.269689
0.851852 0.407407 0.0333812 0.46741
0.925926 0.407407 0.036826 0.479433
1 0.407407 -0.0161016 0.294704
-1 0.481482 -0.0353011 0.227694
-0.925926 0.481482 0.0145226 0.40159
-0.851852 0.481482 0.0449688 0.507853
-0.777778 0.481482 0.0103558 0.387046
-0.703704 0.481482 -0.041109 0.207423
-0.62963 0.481482 -0.0399131 0.211597
-0.555556 0.481482 0.0117426 0.391887
-0.481482 0.481482 0.052254 0.533281
-0.407407 0.481482 0.0411816 0.494635
-0.333333 0.481482 -0.00462407 0.334763
-0.259259 0.481482 -0.0455062 0.192076
-0.185185 0.481482 -0.0617842 0.135262
-0.111111 0.481482 -0.0597806 0.142255
-0.037037 0.481482 -0.0541753 0.161819
0.037037 0.481482 -0.0541753 0.161819
0.111111 0.481482 -0.0597806 0.142255
0.185185 0.481482 -0.0617842 0.135262
0.259259 0.481482 -0.0455062 0.192076
0.333333 0.481482 -0.00462407 0.334763
0.407407 0.481482 0.0411816 0.494635
0.481482 0.481482 0.052254 0.533281
0.555556 0.481482 0.0117426 0.391887
0.62963 0.481482 -0.0399131 0.211597
0.703704 0.481482 -0.041109 0.207423
0.777778 0.481482 0.0103558 0.387046
0.851852 0.481482 0.0449688 0.507853
0.925926 0.481482 0.0145226 0.40159
1 0.481482 -0.0353011 0.227694
-1 0.555556 -0.0415006 0.206056
-0.925926 0.555556 -0.0161016 0.294704
-0.851852 0.555556 0.0338527 0.469056
-0.777778 0.555556 0.0394668 0.48865
-0.703704 0.555556 -0.00655717 0.328016
-0.62963 0.555556 -0.0465908 0.18829
-0.555556 0.555556 -0.0354869 0.227045
-0.481482 0.555556 0.0117426 0.391887
-0.407407 0.555556 0.0491001 0.522272
-0.333333 0.555556 0.0509402 0.528695
-0.259259 0.555556 0.0258042 0.440965
-0.185185 0.555556 -0.00462407 0.334763
-0.111111 0.555556 -0.0263365 0.258982
-0.037037 0.555556 -0.0364588 0.223653
0.037037 0.555556 -0.0364588 0.223653
0.111111 0.555556 -0.0263365 0.258982
0.185185 0.555556 -0.00462407 0.334763
0.259259 0.555556 0.0258042 0.440965
0.333333 0.555556 0.0509402 0.528695
0.407407 0.555556 0.0491001 0.522272
0.481482 0.555556 0.0117426 0.391887
0.555556 0.555556 -0.0354869 0.227045
0.62963 0.555556 -0.0465908 0.18829
0.703704 0.555556 -0.00655717 0.328016
0.777778 0.555556 0.0394668 0.48865
0.851852 0.555556 0.0338527 0.469056
0.925926 0.555556 -0.0161016 0.294704
1 0.555556 -0.0415006 0.206056
-1 0.62963 -0.0270048 0.25665
-0.925926 0.62963 -0.0390175 0.214723
-0.851852 0.62963 0.0011239 0.354825
-0.777778 0.62963 0.0415232 0.495828
-0.703704 0.62963 0.0333812 0.46741
-0.62963 0.62963 -0.0122656 0.308093
-0.555556 0.62963 -0.0465908 0.18829
-0.481482 0.62963 -0.0399131 0.211597
-0.407407 0.62963 -0.00349761 0.338695
-0.333333 0.62963 0.033336 0.467252
-0.259259 0.62963 0.052254 0.533281
-0.185185 0.62963 0.0535209 0.537702
-0.111111 0.62963 0.046814 0.514294
-0.037037 0.62963 0.0411816 0.494635
0.037037 0.62963 0.0411816 0.494635
0.111111 0.62963 0.046814 0.514294
0.185185 0.62963 0.0535209 0.537702
0.259259 0.62963 0.052254 0.533281
0.333333 0.62963 0.033336 0.467252
0.407407 0.62963 -0.00349761 0.338695
0.481482 0.62963 -0.0399131 0.211597
0.555556 0.62963 -0.0465908 0.18829
0.62963 0.62963 -0.0122656 0.308093
0.703704 0.62963 0.0333812 0.46741
0.777778 0.62963 0.0415232 0.495828
0.851852 0.62963 0.0011239 0.354825
0.925926 0.62963 -0.0390175 0.214723
1 0.62963 -0.0270048 0.25665
-1 0.703704 0.00415545 0.365406
-0.925926 0.703704 -0.0367233 0.22273
-0.851852 0.703704 -0.0328892 0.236112
-0.777778 0.703704 0.0101061 0.386175
-0.703704 0.703704 0.0431722 0.501583
-0.62963 0.703704 0.0333812 0.46741
-0.555556 0.703704 -0.00655717 0.328016
-0.481482 0.703704 -0.041109 0.207423
-0.407407 0.703704 -0.0480528 0.183188
-0.333333 0.703704 -0.0302841 0.245204
-0.259259 0.703704 -0.00349761 0.338695
-0.185185 0.703704 0.0192862 0.418215
-0.111111 0.703704 0.033336 0.467252
-0.037037 0.703704 0.0394771 0.488686
0.037037 0.703704 0.0394771 0.488686
0.111111 0.703704 0.033336 0.467252
0.185185 0.703704 0.0192862 0.418215
0.259259 0.703704 -0.00349761 0.338695
0.333333 0.703704 -0.0302841 0.245204
0.407407 0.703704 -0.0480528 0.183188
0.481482 0.703704 -0.041109 0.207423
0.555556 0.703704 -0.00655717 0.328016
0.62963 0.703704 0.0333812 0.46741
0.703704 0.703704 0.0431722 0.501583
0.777778 0.703704 0.0101061 0.386175
0.851852 0.703704 -0.0328892 0.236112
0.925926 0.703704 -0.0367233 0.22273
1 0.703704 0.00415545 0.365406
-1 0.777778 0.0330167 0.466138
-0.925926 0.777778 -0.00676458 0.327293
-0.851852 0.777778 -0.0398109 0.211954
-0.777778 0.777778 -0.03013 0.245742
-0.703704 0.777778 0.0101061 0.386175
-0.62963 0.777778 0.0415232 0.495828
-0.555556 0.777778 0.0394668 0.48865
-0.481482 0.777778 0.0103558 0.387046
-0.407407 0.777778 -0.0232687 0.269689
-0.333333 0.777778 -0.0442001 0.196634
-0.259259 0.777778 -0.0489831 0.179941
-0.185185 0.777778 -0.0435057 0.199058
-0.111111 0.777778 -0.0354869 0.227045
-0.037037 0.777778 -0.0302841 0.245204
0.037037 0.777778 -0.0302841 0.245204
0.111111 0.777778 -0.0354869 0.227045
0.185185 0.777778 -0.0435057 0.199058
0.259259 0.777778 -0.0489831 0.179941
0.333333 0.777778 -0.0442001 0.196634
0.407407 0.777778 -0.0232687 0.269689
0.481482 0.777778 0.0103558 0.387046
0.555556 0.777778 0.0394668 0.48865
0.62963 0.777778 0.0415232 0.495828
0.703704 0.777778 0.0101061 0.386175
0.777778 0.777778 -0.03013 0.245742
0.851852 0.777778 -0.0398109 0.211954
0.925926 0.777778 -0.00676458 0.327293
1 0.777778 0.0330167 0.466138
-1 0.851852 0.0365543 0.478485
-0.925926 0.851852 0.0288277 0.451518
-0.851852 0.851852 -0.0103877 0.314647
-0.777778 0.851852 -0.0398109 0.211954
-0.703704 0.851852 -0.0328892 0.236112
-0.62963 0.851852 0.0011239 0.354825
-0.555556 0.851852 0.0338527 0.469056
-0.481482 0.851852 0.0449688 0.507853
-0.407407 0.851852 0.0333812 0.46741
-0.333333 0.851852 0.0103558 0.387046
-0.259259 0.851852 -0.0122656 0.308093
-0.185185 0.851852 -0.028383 0.251839
-0.111111 0.851852 -0.037389 0.220406
-0.037037 0.851852 -0.041109 0.207423
0.037037 0.851852 -0.041109 0.207423
0.111111 0.851852 -0.037389 0.220406
0.185185 0.851852 -0.028383 0.251839
0.259259 0.851852 -0.0122656 0.308093
0.333333 0.851852 0.0103558 0.387046
0.407407 0.851852 0.0333812 0.46741
0.481482 0.851852 0.0449688 0.507853
0.555556 0.851852 0.0338527 0.469056
0.62963 0.851852 0.0011239 0.354825
0.703704 0.851852 -0.0328892 0.236112
0.777778 0.851852 -0.0398109 0.211954
0.851852 0.851852 -0.0103877 0.314647
0.925926 0.851852 0.0288277 0.451518
1 0.851852 0.0365543 0.478485
-1 0.925926 0.00895768 0.382167
-0.925926 0.925926 0.0376013 0.482139
-0.851852 0.925926 0.0288277 0.451518
-0.777778 0.925926 -0.00676458 0.327293
-0.703704 0.925926 -0.0367233 0.22273
-0.62963 0.925926 -0.0390175 0.214723
-0.555556 0.925926 -0.0161016 0.294704
-0.481482 0.925926 0.0145226 0.40159
-0.407407 0.925926 0.036826 0.479433
-0.333333 0.925926 0.0449176 0.507675
-0.259259 0.925926 0.0416969 0.496434
-0.185185 0.925926 0.0333812 0.46741
-0.111111 0.925926 0.0253277 0.439302
-0.037037 0.925926 0.0206674 0.423036
0.037037 0.925926 0.0206674 0.423036
0.111111 0.925926 0.0253277 0.439302
0.185185 0.925926 0.0333812 0.46741
0.259259 0.925926 0.0416969 0.496434
0.333333 0.925926 0.0449176 0.507675
0.407407 0.925926 0.036826 0.479433
0.481482 0.925926 0.0145226 0.40159
0.555556 0.925926 -0.0161016 0.294704
0.62963 0.925926 -0.0390175 0.214723
0.703704 0.925926 -0.0367233 0.22273
0.777778 0.925926 -0.00676458 0.327293
0.851852 0.925926 0.0288277 0.451518
0.925926 0.925926 0.0376013 0.482139
1 0.925926 0.00895768 0.382167
-1 1 -0.0266651 0.257835
-0.925926 1 0.00895768 0.382167
-0.851852 1 0.0365543 0.478485
-0.777778 1 0.0330167 0.466138
-0.703704 1 0.00415545 0.365406
-0.62963 1 -0.0270048 0.25665
-0.555556 1 -0.0415006 0.206056
-0.481482 1 -0.0353011 0.227694
-0.407407 1 -0.0161016 0.294704
-0.333333 1 0.0056233 0.370529
-0.259259 1 0.0229553 0.431022
-0.185185 1 0.0338527 0.469056
-0.111111 1 0.039396 0.488403
-0.037037 1 0.0415232 0.495828
0.037037 1 0.0415232 0.495828
0.111111 1 0.039396 0.488403
0.185185 1 0.0338527 0.469056
0.259259 1 0.0229553 0.431022
0.333333 1 0.0056233 0.370529
0.407407 1 -0.0161016 0.294704
0.481482 1 -0.0353011 0.227694
0.555556 1 -0.0415006 0.206056
0.62963 1 -0.0270048 0.25665
0.703704 1 0.00415545 0.365406
0.777778 1 0.0330167 0.466138
0.851852 1 0.0365543 0.478485
0.925926 1 0.00895768 0.382167
1 1 -0.0266651 0.257835
1
0 0
28
0 0
28
0
1
2
3
4
5
6
7
8
9
10
11
12
13
14
15
16
17
18
19
20
21
22
23
24
25
26
27
0 0
28
28
29
30
31
32
33
34
35
36
37
38
39
40
41
42
43
44
45
46
47
48
49
50
51
52
53
54
55
0 0
28
56
57
58
59
60
61
62
63
64
65
66
67
68
69
70
71
72
73
74
75
76
77
78
79
80
81
82
83
0 0
28
84
85
86
87
88
89
90
91
92
93
94
95
96
97
98
99
100
101
102
103
104
105
106
107
108
109
110
111
0 0
28
112
113
114
115
116
117
118
119
120
121
122
123
124
125
126
127
128
129
130
131
132
133
134
135
136
137
138
139
0 0
28
140
141
142
143
144
145
146
147
148
149
150
151
152
153
154
155
156
157
158
159
160
161
162
163
164
165
166
167
0 0
28
168
169
170
171
172
173
174
175
176
177
178
179
180
181
182
183
184
185
186
187
188
189
190
191
192
193
194
195
0 0
28
196
197
198
199
200
201
202
203
204
205
206
207
208
209
210
211
212
213
214
215
216
217
218
219
220
221
222
223
0 0
28
224
225
226
227
228
229
230
231
232
233
234
235
236
237
238
239
240
241
242
243
244
245
246
247
248
249
250
251
0 0
28
252
253
254
255
256
257
258
259
260
261
262
263
264
265
266
267
268
269
270
271
272
273
274
275
276
277
278
279
0 0
28
280
281
282
283
284
285
286
287
288
289
290
291
292
293
294
295
296
297
298
299
300
301
302
303
304
305
306
307
0 0
28
308
309
310
311
312
313
314
315
316
317
318
319
320
321
322
323
324
325
326
327
328
329
330
331
332
333
334
335
0 0
28
336
337
338
339
340
341
342
343
344
345
346
347
348
349
350
351
352
353
354
355
356
357
358
359
360
361
362
363
0 0
28
364
365
366
367
368
369
370
371
372
373
374
375
376
377
378
379
380
381
382
383
384
385
386
387
388
389
390
391
0 0
28
392
393
394
395
396
397
398
399
400
401
402
403
404
405
406
407
408
409
410
411
412
413
414
415
416
417
418
419
0 0
28
420
421
422
423
424
425
426
427
428
429
430
431
432
433
434
435
436
437
438
439
440
441
442
443
444
445
446
447
0 0
28
448
449
450
451
452
453
454
455
456
457
458
459
460
461
462
463
464
465
466
467
468
469
470
471
472
473
474
475
0 0
28
476
477
478
479
480
481
482
483
484
485
486
487
488
489
490
491
492
493
494
495
496
497
498
499
500
501
502
503
0 0
28
504
505
506
507
508
509
510
511
512
513
514
515
516
517
518
519
520
521
522
523
524
525
526
527
528
529
530
531
0 0
28
532
533
534
535
536
537
538
539
540
541
542
543
544
545
546
547
548
549
550
551
552
553
554
555
556
557
558
559
0 0
28
560
561
562
563
564
565
566
567
568
569
570
571
572
573
574
575
576
577
578
579
580
581
582
583
584
585
586
587
0 0
28
588
589
590
591
592
593
594
595
596
597
598
599
600
601
602
603
604
605
606
607
608
609
610
611
612
613
614
615
0 0
28
616
617
618
619
620
621
622
623
624
625
626
627
628
629
630
631
632
633
634
635
636
637
638
639
640
641
642
643
0 0
28
644
645
646
647
648
649
650
651
652
653
654
655
656
657
658
659
660
661
662
663
664
665
666
667
668
669
670
671
0 0
28
672
673
674
675
676
677
678
679
680
681
682
683
684
685
686
687
688
689
690
691
692
693
694
695
696
697
698
699
0 0
28
700
701
702
703
704
705
706
707
708
709
710
711
712
713
714
715
716
717
718
719
720
721
722
723
724
725
726
727
0 0
28
728
729
730
731
732
733
734
735
736
737
738
739
740
741
742
743
744
745
746
747
748
749
750
751
752
753
754
755
0 0
28
756
757
758
759
760
761
762
763
764
765
766
767
768
769
770
771
772
773
774
775
776
777
778
779
780
781
782
783
