#7
6x11
7 1 2 1 2 1 3 1 0 0 0 
1 1 0 0 0 0 0 0 0 0 0 
10 2 1 2 1 2 1 2 3 1 3 
4 2 1 2 1 0 0 0 0 0 0 
8 1 2 1 2 1 2 1 2 0 0 
1 32 0 0 0 0 0 0 0 0 0
6x11
7 1 2 1 2 1 3 1 0 0 0 
1 2 0 0 0 0 0 0 0 0 0 
10 2 1 2 1 2 1 2 3 1 3 
4 2 1 2 1 0 0 0 0 0 0 
8 1 2 1 2 1 2 1 2 0 0 
1 32 0 0 0 0 0 0 0 0 0
6x11
7 1 2 1 2 1 3 1 0 0 0 
2 1 2 0 0 0 0 0 0 0 0 
10 2 1 2 1 2 1 2 3 1 3 
4 2 1 2 1 0 0 0 0 0 0 
8 1 2 1 2 1 2 1 2 0 0 
1 32 0 0 0 0 0 0 0 0 0
6x11
1 1 0 0 0 0 0 0 0 0 0 
1 2 0 0 0 0 0 0 0 0 0 
10 2 1 2 1 2 1 2 3 1 3 
4 2 1 2 1 0 0 0 0 0 0 
8 1 2 1 2 1 2 1 2 0 0 
1 32 0 0 0 0 0 0 0 0 0
6x11
4 1 2 3 1 0 0 0 0 0 0 
1 1 0 0 0 0 0 0 0 0 0 
10 2 1 2 1 2 1 2 3 1 3 
4 2 1 2 1 0 0 0 0 0 0 
8 1 2 1 2 1 2 1 2 0 0 
1 32 0 0 0 0 0 0 0 0 0
6x11
6 1 2 1 2 1 3 0 0 0 0 
1 2 0 0 0 0 0 0 0 0 0 
10 2 1 2 1 2 1 2 3 1 3 
4 2 1 2 1 0 0 0 0 0 0 
8 1 2 1 2 1 2 1 2 0 0 
1 32 0 0 0 0 0 0 0 0 0
6x11
4 1 2 3 1 0 0 0 0 0 0 
2 1 2 0 0 0 0 0 0 0 0 
10 2 1 2 1 2 1 2 3 1 3 
4 2 1 2 1 0 0 0 0 0 0 
8 1 2 1 2 1 2 1 2 0 0 
1 32 0 0 0 0 0 0 0 0 0
