#8
4x4
2 1 3 0 
3 2 2 2 
2 2 2 0 
1 12 0 0
4x3
2 1 3 
1 1 0 
2 2 2 
1 12 0
4x5
2 1 3 0 0 
4 1 2 2 2 
2 2 2 0 0 
1 12 0 0 0
4x4
3 2 2 2 
1 1 0 0 
2 2 2 0 
1 12 0 0
4x4
1 3 0 0 
3 2 2 2 
2 2 2 0 
1 12 0 0
4x6
5 1 2 2 2 3 
1 1 0 0 0 0 
2 2 2 0 0 0 
1 12 0 0 0 0
4x5
1 3 0 0 0 
4 1 2 2 2 
2 2 2 0 0 
1 12 0 0 0
4x4
2 1 3 0 
3 2 2 2 
1 1 0 0 
3 8 0 0
#8 1 1 0
0 1 group.65 1 1 0
1 1 group.63 1 1 0
2 1 group.61 2 1 0
3 1 group.65 2 1 0
4 1 group.62 1 1 0
5 1 group.61 1 1 0
6 1 group.64 1 1 0
7 3 group.29 1 3 0
#8 1 1 1
0 1 group.65 1 1 1
1 1 group.63 1 1 1
2 1 group.61 2 1 1
3 1 group.65 2 1 1
4 1 group.62 1 1 0
5 1 group.61 1 1 1
6 1 group.64 1 1 0
7 3 group.29 1 3 1
#8 1 1 4
0 1 group.65 1 1 1
1 1 group.63 1 1 4
2 1 group.61 2 1 1
3 1 group.65 2 1 0
4 1 group.62 1 1 1
5 1 group.61 1 1 0
6 1 group.64 1 1 3
7 3 group.29 1 3 8
#8 1 1 5
0 1 group.65 1 1 0
1 1 group.63 1 1 5
2 1 group.61 2 1 0
3 1 group.65 2 1 1
4 1 group.62 1 1 1
5 1 group.61 1 1 1
6 1 group.64 1 1 3
7 3 group.29 1 3 8
#8 1 1 6
0 1 group.65 1 1 1
1 1 group.63 1 1 6
2 1 group.61 2 1 1
3 1 group.65 2 1 1
4 1 group.62 1 1 1
5 1 group.61 1 1 1
6 1 group.64 1 1 3
7 3 group.29 1 3 9
