#7
8x11
10 1 1 2 2 1 1 2 1 3 2 
6 2 2 1 2 2 1 0 0 0 0 
8 1 2 1 1 2 2 2 1 0 0 
8 1 1 2 1 1 2 2 2 0 0 
7 1 2 2 1 2 2 1 0 0 0 
7 1 2 2 1 1 2 2 0 0 0 
8 1 2 1 2 1 2 1 2 0 0 
1 288 0 0 0 0 0 0 0 0 0
8x11
9 1 2 2 2 1 1 2 1 2 0 
10 1 1 2 2 1 1 2 1 3 2 
8 1 2 1 1 2 2 2 1 0 0 
8 1 1 2 1 1 2 2 2 0 0 
7 1 2 2 1 2 2 1 0 0 0 
7 1 2 2 1 1 2 2 0 0 0 
8 1 2 1 2 1 2 1 2 0 0 
3 192 0 0 0 0 0 0 0 0 0
8x10
9 1 2 2 2 1 1 2 1 2 
6 2 2 1 2 2 1 0 0 0 
8 1 2 1 1 2 2 2 1 0 
8 1 1 2 1 1 2 2 2 0 
7 1 2 2 1 2 2 1 0 0 
7 1 2 2 1 1 2 2 0 0 
8 1 2 1 2 1 2 1 2 0 
3 192 0 0 0 0 0 0 0 0
8x11
9 1 2 2 2 1 1 2 1 2 0 
10 1 2 2 1 2 1 2 2 3 2 
8 1 2 1 1 2 2 2 1 0 0 
8 1 1 2 1 1 2 2 2 0 0 
7 1 2 2 1 2 2 1 0 0 0 
7 1 2 2 1 1 2 2 0 0 0 
8 1 2 1 2 1 2 1 2 0 0 
3 192 0 0 0 0 0 0 0 0 0
8x10
9 1 2 2 2 1 1 2 1 2 
6 2 2 2 1 3 2 0 0 0 
8 1 2 1 1 2 2 2 1 0 
8 1 1 2 1 1 2 2 2 0 
7 1 2 2 1 2 2 1 0 0 
7 1 2 2 1 1 2 2 0 0 
8 1 2 1 2 1 2 1 2 0 
3 192 0 0 0 0 0 0 0 0
7x11
9 1 2 2 2 1 1 2 1 2 0 
10 1 1 2 2 1 1 2 1 3 2 
6 2 2 1 2 2 1 0 0 0 0 
8 1 2 1 1 2 1 2 2 0 0 
8 1 2 2 1 2 1 1 2 0 0 
8 1 2 1 2 1 2 1 2 0 0 
4 144 0 0 0 0 0 0 0 0 0
7x11
9 1 2 2 2 1 1 2 1 2 0 
10 1 1 2 2 1 1 2 1 3 2 
6 2 2 1 2 2 1 0 0 0 0 
9 1 1 2 1 2 1 1 2 2 0 
9 1 2 2 1 1 2 1 2 1 0 
8 1 2 1 2 1 2 1 2 0 0 
4 144 0 0 0 0 0 0 0 0 0
