#9
5x9
5 2 3 2 3 3 0 0 0 
7 3 2 3 3 3 3 3 0 
2 3 3 0 0 0 0 0 0 
8 2 3 2 3 3 3 3 3 
1 36 0 0 0 0 0 0 0
5x9
5 2 3 2 3 3 0 0 0 
1 1 0 0 0 0 0 0 0 
2 3 3 0 0 0 0 0 0 
8 2 3 2 3 3 3 3 3 
1 36 0 0 0 0 0 0 0
5x9
5 2 3 2 3 3 0 0 0 
8 1 3 2 3 3 3 3 3 
2 3 3 0 0 0 0 0 0 
8 2 3 2 3 3 3 3 3 
1 36 0 0 0 0 0 0 0
5x9
7 3 2 3 3 3 3 3 0 
1 1 0 0 0 0 0 0 0 
2 3 3 0 0 0 0 0 0 
8 2 3 2 3 3 3 3 3 
1 36 0 0 0 0 0 0 0
5x9
6 1 2 3 2 3 3 0 0 
7 3 2 3 3 3 3 3 0 
2 3 3 0 0 0 0 0 0 
8 2 3 2 3 3 3 3 3 
1 36 0 0 0 0 0 0 0
5x9
6 2 3 2 3 2 3 0 0 
1 1 0 0 0 0 0 0 0 
2 3 3 0 0 0 0 0 0 
8 2 3 2 3 3 3 3 3 
1 36 0 0 0 0 0 0 0
5x9
6 1 2 3 2 3 3 0 0 
8 1 3 2 3 3 3 3 3 
2 3 3 0 0 0 0 0 0 
8 2 3 2 3 3 3 3 3 
1 36 0 0 0 0 0 0 0
5x9
5 2 3 2 3 3 0 0 0 
7 3 2 3 3 3 3 3 0 
1 1 0 0 0 0 0 0 0 
8 2 3 2 3 3 3 3 3 
1 24 0 0 0 0 0 0 0
5x8
5 2 3 2 3 3 0 0 
7 3 2 3 3 3 3 3 
1 1 0 0 0 0 0 0 
2 3 3 0 0 0 0 0 
3 24 0 0 0 0 0 0
