#7
4x3
1 3 0 
1 2 0 
2 1 1 
1 8 0
4x3
1 3 0 
1 1 0 
2 1 1 
1 8 0
4x5
1 3 0 0 0 
4 1 1 1 2 
2 1 1 0 0 
1 8 0 0 0
4x3
1 2 0 
1 1 0 
2 1 1 
1 8 0
4x5
4 1 1 1 3 
1 2 0 0 0 
2 1 1 0 0 
1 8 0 0 0
4x3
2 2 3 
1 1 0 
2 1 1 
1 8 0
4x5
4 1 1 1 3 
4 1 1 1 2 
2 1 1 0 0 
1 8 0 0 0
#3 1 1 0
0 3 min.32 1 2 0
1 3 min.24 2 1 0
3 1 min.48 1 1 0
#7 1 1 1
0 1 min.32 1 2 0
1 1 min.24 2 1 1
2 1 min.24 2 1 0
3 1 min.48 1 1 1
4 1 min.24 2 1 1
5 1 min.32 1 2 1
6 1 min.32 1 2 2
#3 1 1 2
0 3 min.32 1 2 1
1 3 min.24 2 1 0
3 1 min.48 1 1 1
#5 1 1 4
0 2 min.32 1 2 2
1 2 min.24 2 1 1
2 1 min.24 2 1 3
3 1 min.48 1 1 0
6 1 min.32 1 2 1
#3 1 1 5
0 3 min.32 1 2 2
1 3 min.24 2 1 3
3 1 min.48 1 1 1
#5 1 1 6
0 2 min.32 1 2 2
1 2 min.24 2 1 1
2 1 min.24 2 1 3
3 1 min.48 1 1 1
6 1 min.32 1 2 0
#5 2 1 0
0 2 min.32 1 3 0
1 2 min.24 1 1 0
2 1 min.24 3 1 0
3 1 min.48 2 1 0
6 1 min.32 1 1 0
#5 2 1 1
0 2 min.32 1 3 0
1 2 min.24 1 1 1
2 1 min.24 3 1 0
3 1 min.48 2 1 0
6 1 min.32 1 1 3
