#3
3x5
1 2 0 0 0 
4 1 2 1 2 
1 4 0 0 0
3x5
1 1 0 0 0 
4 1 2 1 2 
1 4 0 0 0
3x5
2 2 1 0 0 
4 1 2 1 2 
1 4 0 0 0
#3 1 1 0
0 1 min.20 1 3 0
1 1 min.20 1 1 0
2 1 min.25 1 1 0
#3 1 1 1
0 1 min.20 1 3 0
1 1 min.20 1 1 1
2 1 min.25 1 1 2
#3 1 1 10
0 1 min.20 1 3 1
1 1 min.20 1 1 1
2 1 min.25 1 1 2
#3 1 1 12
0 1 min.20 1 3 1
1 1 min.20 1 1 12
2 1 min.25 1 1 2
#3 1 1 13
0 1 min.20 1 3 1
1 1 min.20 1 1 13
2 1 min.25 1 1 0
#3 1 1 14
0 1 min.20 1 3 1
1 1 min.20 1 1 13
2 1 min.25 1 1 2
#3 1 1 4
0 1 min.20 1 3 0
1 1 min.20 1 1 12
2 1 min.25 1 1 0
#3 1 1 5
0 1 min.20 1 3 0
1 1 min.20 1 1 13
2 1 min.25 1 1 2
#3 1 1 8
0 1 min.20 1 3 1
1 1 min.20 1 1 0
2 1 min.25 1 1 2
#3 1 1 9
0 1 min.20 1 3 1
1 1 min.20 1 1 1
2 1 min.25 1 1 0
#3 1 2 0
0 1 min.20 1 5 0
1 1 min.20 1 4 0
2 1 min.25 1 2 0
#3 1 2 1
0 1 min.20 1 5 0
1 1 min.20 1 4 1
2 1 min.25 1 2 1
#3 1 2 12
0 1 min.20 1 5 3
1 1 min.20 1 4 4
2 1 min.25 1 2 4
#3 1 2 2
0 1 min.20 1 5 8
1 1 min.20 1 4 0
2 1 min.25 1 2 4
#3 1 2 3
0 1 min.20 1 5 8
1 1 min.20 1 4 1
2 1 min.25 1 2 1
#3 1 2 4
0 1 min.20 1 5 0
1 1 min.20 1 4 4
2 1 min.25 1 2 4
#3 1 2 6
0 1 min.20 1 5 8
1 1 min.20 1 4 4
2 1 min.25 1 2 0
#3 1 2 8
0 1 min.20 1 5 3
1 1 min.20 1 4 0
2 1 min.25 1 2 0
#3 1 2 9
0 1 min.20 1 5 3
1 1 min.20 1 4 1
2 1 min.25 1 2 1
