#5
7x10
6 1 2 2 1 2 2 0 0 0 
9 1 1 2 2 1 2 1 2 1 
6 1 2 2 2 1 2 0 0 0 
7 1 1 2 2 1 2 2 0 0 
7 1 2 2 1 2 2 1 0 0 
8 1 2 1 2 1 2 1 2 0 
1 96 0 0 0 0 0 0 0 0
7x10
9 1 2 1 2 1 1 2 2 2 
9 1 1 2 2 1 2 1 2 1 
6 1 2 2 2 1 2 0 0 0 
7 1 1 2 2 1 2 2 0 0 
7 1 2 2 1 2 2 1 0 0 
8 1 2 1 2 1 2 1 2 0 
3 64 0 0 0 0 0 0 0 0
6x10
9 1 2 1 2 1 1 2 2 2 
6 1 2 2 1 2 2 0 0 0 
4 2 1 2 1 0 0 0 0 0 
4 1 2 1 2 0 0 0 0 0 
8 1 2 1 2 1 2 1 2 0 
4 48 0 0 0 0 0 0 0 0
6x10
9 1 2 1 2 1 1 2 2 2 
6 1 2 2 1 2 2 0 0 0 
7 1 1 2 2 1 2 2 0 0 
7 1 2 2 1 2 2 1 0 0 
8 1 2 1 2 1 2 1 2 0 
4 48 0 0 0 0 0 0 0 0
6x10
9 1 2 1 2 1 1 2 2 2 
6 1 2 2 1 2 2 0 0 0 
6 1 1 2 1 1 2 0 0 0 
6 2 1 1 2 1 1 0 0 0 
8 1 2 1 2 1 2 1 2 0 
4 48 0 0 0 0 0 0 0 0
