#9
5x11
10 1 2 2 2 2 3 1 3 1 3 
1 1 0 0 0 0 0 0 0 0 0 
4 2 2 2 2 0 0 0 0 0 0 
4 1 3 1 3 0 0 0 0 0 0 
1 36 0 0 0 0 0 0 0 0 0
5x11
10 1 2 2 2 2 3 1 3 1 3 
4 1 2 2 2 0 0 0 0 0 0 
4 2 2 2 2 0 0 0 0 0 0 
4 1 3 1 3 0 0 0 0 0 0 
1 36 0 0 0 0 0 0 0 0 0
5x11
10 1 2 2 2 2 3 1 3 1 3 
3 2 2 2 0 0 0 0 0 0 0 
4 2 2 2 2 0 0 0 0 0 0 
4 1 3 1 3 0 0 0 0 0 0 
1 36 0 0 0 0 0 0 0 0 0
5x5
1 1 0 0 0 
4 1 2 2 2 
4 2 2 2 2 
4 1 3 1 3 
1 36 0 0 0
5x7
6 2 3 1 3 1 3 
1 1 0 0 0 0 0 
4 2 2 2 2 0 0 
4 1 3 1 3 0 0 
1 36 0 0 0 0 0
5x10
9 2 2 2 2 3 1 3 1 3 
4 1 2 2 2 0 0 0 0 0 
4 2 2 2 2 0 0 0 0 0 
4 1 3 1 3 0 0 0 0 0 
1 36 0 0 0 0 0 0 0 0
5x7
6 2 3 1 3 1 3 
3 2 2 2 0 0 0 
4 2 2 2 2 0 0 
4 1 3 1 3 0 0 
1 36 0 0 0 0 0
5x11
10 1 2 2 2 2 3 1 3 1 3 
1 1 0 0 0 0 0 0 0 0 0 
4 1 2 2 2 0 0 0 0 0 0 
4 1 3 1 3 0 0 0 0 0 0 
3 24 0 0 0 0 0 0 0 0 0
5x11
10 1 2 2 2 2 3 1 3 1 3 
1 1 0 0 0 0 0 0 0 0 0 
4 1 2 2 2 0 0 0 0 0 0 
4 2 2 2 2 0 0 0 0 0 0 
3 24 0 0 0 0 0 0 0 0 0
