10x36	% 
 1  1  5 5 10 10 20 20 20 20 60 60 60 60 60 60 60 60 80 80 80 80 120 120 160 160 160 160 160 160 240 240 240 240 384 384
 1  2  2 2  2  2  2  2  4  4  2  2  2  2  4  4  4  4  3  6  6  6   4   4   6   6   6   6  12  12   4   4   8   8   5  10
 5 -5 -3 3 -1  1 -3  3 -3  3 -1 -1  1  1 -1 -1  1  1  2 -2 -2  2  -1   1   0   0   0   0   0   0  -1   1  -1   1   0   0
 5  5  5 5  5  5  5  5  1  1  5  5  5  5 -3  1 -3  1  2  2  2  2   1   1   2   2   2   2  -2  -2   1   1   1   1   0   0
 5 -5 -3 3 -1  1 -3  3 -3  3 -1 -1  1  1 -1 -1  1  1  5 -5  1 -1  -1   1  -3  -3   3   3  -3   3  -1   1  -1   1   0   0
 0  5  4 1  3  2  4  1  5  2  3  3  2  2  5  4  4  3  2  5  4  3   4   3   4   4   3   3   5   4   4   3   5   4   4   5
 5  0  1 4  2  3  1  4  2  5  2  2  3  3  4  3  5  4  5  2  3  4   3   4   3   3   4   4   4   5   3   4   4   5   5   4
 0  5  4 1  3  2  4  1  5  2  3  3  2  2  5  4  4  3  2  5  4  3   4   3   4   4   3   3   5   4   4   3   5   4   4   5
 5  0  1 4  2  3  1  4  2  5  2  2  3  3  4  3  5  4  5  2  3  4   3   4   3   3   4   4   4   5   3   4   4   5   5   4
 5 -5 -3 3 -1  1 -3  3 -3  3 -1 -1  1  1 -1 -1  1  1  2 -2 -2  2  -1   1   0   0   0   0   0   0  -1   1  -1   1   0   0
