#7
5x27
14 2 1 2 1 2 1 2 2 2 2 1 2 2 2 0 0 0 0 0 0 0 0 0 0 0 0 
26 1 2 1 2 1 2 2 1 2 1 2 1 2 1 2 2 2 1 2 2 2 2 2 2 2 2 
5 2 2 2 2 2 0 0 0 0 0 0 0 0 0 0 0 0 0 0 0 0 0 0 0 0 0 
6 2 2 1 2 2 2 0 0 0 0 0 0 0 0 0 0 0 0 0 0 0 0 0 0 0 0 
16 240 0 0 0 0 0 0 0 0 0 0 0 0 0 0 0 0 0 0 0 0 0 0 0 0 0
9x21
5 2 2 2 2 2 0 0 0 0 0 0 0 0 0 0 0 0 0 0 0 
18 2 2 1 2 1 2 1 2 1 2 2 2 2 2 2 2 2 2 0 0 
18 2 2 2 1 2 1 2 1 2 1 2 2 2 2 2 2 2 2 0 0 
20 2 2 1 2 1 2 1 2 1 2 2 1 2 1 2 1 2 2 2 2 
18 2 2 2 2 1 2 1 2 1 2 1 2 2 2 2 2 2 2 0 0 
8 1 2 1 2 1 2 1 2 0 0 0 0 0 0 0 0 0 0 0 0 
12 2 1 2 1 2 2 2 1 2 1 2 2 0 0 0 0 0 0 0 0 
6 2 2 2 2 1 2 0 0 0 0 0 0 0 0 0 0 0 0 0 0 
10 384 0 0 0 0 0 0 0 0 0 0 0 0 0 0 0 0 0 0 0
9x21
5 2 2 2 2 2 0 0 0 0 0 0 0 0 0 0 0 0 0 0 0 
18 2 2 1 2 1 2 1 2 1 2 2 2 2 2 2 2 2 2 0 0 
18 2 2 2 1 2 1 2 1 2 1 2 2 2 2 2 2 2 2 0 0 
18 2 2 2 2 1 2 1 2 1 2 1 2 2 2 2 2 2 2 0 0 
8 1 2 1 2 1 2 1 2 0 0 0 0 0 0 0 0 0 0 0 0 
18 2 2 2 1 2 1 2 1 2 1 2 2 1 2 1 2 2 2 0 0 
9 1 2 1 2 2 1 2 2 1 0 0 0 0 0 0 0 0 0 0 0 
20 2 2 1 2 1 2 1 2 1 2 2 2 1 2 1 2 2 2 1 2 
6 640 0 0 0 0 0 0 0 0 0 0 0 0 0 0 0 0 0 0 0
10x22
5 2 2 2 2 2 0 0 0 0 0 0 0 0 0 0 0 0 0 0 0 0 
18 2 2 1 2 1 2 1 2 1 2 2 2 2 2 2 2 2 2 0 0 0 
18 2 2 2 1 2 1 2 1 2 1 2 2 2 2 2 2 2 2 0 0 0 
18 2 2 2 2 1 2 1 2 1 2 1 2 2 2 2 2 2 2 0 0 0 
8 1 2 1 2 1 2 1 2 0 0 0 0 0 0 0 0 0 0 0 0 0 
21 2 2 1 2 1 2 1 2 1 2 2 1 2 1 2 1 2 2 2 1 2 
21 2 1 2 2 2 1 2 1 2 1 2 2 1 2 1 2 2 2 2 2 2 
12 1 2 1 2 2 2 1 2 1 2 2 2 0 0 0 0 0 0 0 0 0 
20 2 2 1 2 1 2 1 2 1 2 2 1 2 1 2 1 2 2 2 2 0 
5 768 0 0 0 0 0 0 0 0 0 0 0 0 0 0 0 0 0 0 0 0
6x13
12 2 2 2 2 1 2 1 2 2 2 2 2 
12 2 2 2 1 2 1 2 2 2 2 2 2 
12 2 2 1 2 1 2 2 2 2 2 2 2 
12 2 1 2 1 2 2 2 2 2 2 2 2 
5 2 2 2 2 2 0 0 0 0 0 0 0 
1 1920 0 0 0 0 0 0 0 0 0 0 0
6x21
12 2 2 2 2 1 2 1 2 2 2 2 2 0 0 0 0 0 0 0 0 
12 2 2 2 1 2 1 2 2 2 2 2 2 0 0 0 0 0 0 0 0 
12 2 2 1 2 1 2 2 2 2 2 2 2 0 0 0 0 0 0 0 0 
12 2 1 2 1 2 2 2 2 2 2 2 2 0 0 0 0 0 0 0 0 
20 2 2 1 2 1 2 1 2 1 2 2 1 2 1 2 1 2 2 2 2 
1 1920 0 0 0 0 0 0 0 0 0 0 0 0 0 0 0 0 0 0 0
6x20
12 2 2 2 2 1 2 1 2 2 2 2 2 0 0 0 0 0 0 0 
12 2 2 2 1 2 1 2 2 2 2 2 2 0 0 0 0 0 0 0 
12 2 2 1 2 1 2 2 2 2 2 2 2 0 0 0 0 0 0 0 
12 2 1 2 1 2 2 2 2 2 2 2 2 0 0 0 0 0 0 0 
19 2 1 2 2 2 2 1 2 2 2 2 1 2 2 2 2 2 2 2 
1 1920 0 0 0 0 0 0 0 0 0 0 0 0 0 0 0 0 0 0
