#6
9x15
9 1 1 2 2 2 1 1 1 1 0 0 0 0 0 
8 2 2 2 1 1 2 2 2 0 0 0 0 0 0 
8 1 1 1 1 2 2 1 1 0 0 0 0 0 0 
12 1 1 1 1 2 2 2 2 1 1 2 2 0 0 
4 2 1 2 1 0 0 0 0 0 0 0 0 0 0 
14 1 1 1 1 2 2 2 1 1 2 2 1 1 2 
10 1 1 2 2 1 1 1 2 2 1 0 0 0 0 
8 1 2 1 2 1 2 1 2 0 0 0 0 0 0 
1 576 0 0 0 0 0 0 0 0 0 0 0 0 0
9x15
13 1 1 1 1 2 2 2 2 1 2 1 1 2 0 
8 2 2 2 1 1 2 2 2 0 0 0 0 0 0 
8 1 1 1 1 2 2 1 1 0 0 0 0 0 0 
12 1 1 1 1 2 2 2 2 1 1 2 2 0 0 
4 2 1 2 1 0 0 0 0 0 0 0 0 0 0 
14 1 1 1 1 2 2 2 1 1 2 2 1 1 2 
10 1 1 2 2 1 1 1 2 2 1 0 0 0 0 
8 1 2 1 2 1 2 1 2 0 0 0 0 0 0 
1 576 0 0 0 0 0 0 0 0 0 0 0 0 0
9x15
10 1 1 1 2 1 2 2 1 2 2 0 0 0 0 
8 2 2 2 1 1 2 2 2 0 0 0 0 0 0 
8 1 1 1 1 2 2 1 1 0 0 0 0 0 0 
12 1 1 1 1 2 2 2 2 1 1 2 2 0 0 
4 2 1 2 1 0 0 0 0 0 0 0 0 0 0 
14 1 1 1 1 2 2 2 1 1 2 2 1 1 2 
10 1 1 2 2 1 1 1 2 2 1 0 0 0 0 
8 1 2 1 2 1 2 1 2 0 0 0 0 0 0 
1 576 0 0 0 0 0 0 0 0 0 0 0 0 0
9x15
9 1 1 2 2 2 1 1 1 1 0 0 0 0 0 
13 1 1 1 1 2 2 2 2 1 2 1 1 2 0 
8 1 1 1 1 2 2 1 1 0 0 0 0 0 0 
12 1 1 1 1 2 2 2 2 1 1 2 2 0 0 
4 2 1 2 1 0 0 0 0 0 0 0 0 0 0 
14 1 1 1 1 2 2 2 1 1 2 2 1 1 2 
10 1 1 2 2 1 1 1 2 2 1 0 0 0 0 
8 1 2 1 2 1 2 1 2 0 0 0 0 0 0 
3 384 0 0 0 0 0 0 0 0 0 0 0 0 0
9x15
9 1 1 2 2 2 1 1 1 1 0 0 0 0 0 
13 1 1 1 1 2 2 2 2 1 2 1 1 2 0 
8 2 2 2 1 1 2 2 2 0 0 0 0 0 0 
12 1 1 1 1 2 2 2 2 1 1 2 2 0 0 
4 2 1 2 1 0 0 0 0 0 0 0 0 0 0 
14 1 1 1 1 2 2 2 1 1 2 2 1 1 2 
10 1 1 2 2 1 1 1 2 2 1 0 0 0 0 
8 1 2 1 2 1 2 1 2 0 0 0 0 0 0 
3 384 0 0 0 0 0 0 0 0 0 0 0 0 0
6x14
9 1 1 2 2 2 1 1 1 1 0 0 0 0 
13 1 1 1 1 2 2 2 2 1 2 1 1 2 
8 2 2 2 1 1 2 2 2 0 0 0 0 0 
8 1 1 1 1 2 2 1 1 0 0 0 0 0 
8 1 2 1 2 1 2 1 2 0 0 0 0 0 
16 72 0 0 0 0 0 0 0 0 0 0 0 0
