#9
9x14
3 3 3 3 0 0 0 0 0 0 0 0 0 0 
9 2 1 2 3 3 2 1 1 2 0 0 0 0 
5 2 1 1 2 1 0 0 0 0 0 0 0 0 
13 1 1 2 1 1 2 1 2 3 2 1 1 3 
10 2 1 1 2 1 2 3 2 1 3 0 0 0 
6 1 1 2 1 1 2 0 0 0 0 0 0 0 
4 1 2 1 2 0 0 0 0 0 0 0 0 0 
12 1 2 1 1 2 1 3 2 3 3 2 3 0 
1 576 0 0 0 0 0 0 0 0 0 0 0 0
9x14
1 2 0 0 0 0 0 0 0 0 0 0 0 0 
9 2 1 2 3 3 2 1 1 2 0 0 0 0 
5 2 1 1 2 1 0 0 0 0 0 0 0 0 
13 1 1 2 1 1 2 1 2 3 2 1 1 3 
10 2 1 1 2 1 2 3 2 1 3 0 0 0 
6 1 1 2 1 1 2 0 0 0 0 0 0 0 
4 1 2 1 2 0 0 0 0 0 0 0 0 0 
12 1 2 1 1 2 1 3 2 3 3 2 3 0 
1 576 0 0 0 0 0 0 0 0 0 0 0 0
9x14
4 2 3 3 3 0 0 0 0 0 0 0 0 0 
9 2 1 2 3 3 2 1 1 2 0 0 0 0 
5 2 1 1 2 1 0 0 0 0 0 0 0 0 
13 1 1 2 1 1 2 1 2 3 2 1 1 3 
10 2 1 1 2 1 2 3 2 1 3 0 0 0 
6 1 1 2 1 1 2 0 0 0 0 0 0 0 
4 1 2 1 2 0 0 0 0 0 0 0 0 0 
12 1 2 1 1 2 1 3 2 3 3 2 3 0 
1 576 0 0 0 0 0 0 0 0 0 0 0 0
9x14
3 3 3 3 0 0 0 0 0 0 0 0 0 0 
1 2 0 0 0 0 0 0 0 0 0 0 0 0 
9 2 1 2 3 3 2 1 1 2 0 0 0 0 
13 1 1 2 1 1 2 1 2 3 2 1 1 3 
10 2 1 1 2 1 2 3 2 1 3 0 0 0 
6 1 1 2 1 1 2 0 0 0 0 0 0 0 
4 1 2 1 2 0 0 0 0 0 0 0 0 0 
12 1 2 1 1 2 1 3 2 3 3 2 3 0 
3 384 0 0 0 0 0 0 0 0 0 0 0 0
9x14
3 3 3 3 0 0 0 0 0 0 0 0 0 0 
1 2 0 0 0 0 0 0 0 0 0 0 0 0 
5 2 1 1 2 1 0 0 0 0 0 0 0 0 
13 1 1 2 1 1 2 1 2 3 2 1 1 3 
10 2 1 1 2 1 2 3 2 1 3 0 0 0 
6 1 1 2 1 1 2 0 0 0 0 0 0 0 
4 1 2 1 2 0 0 0 0 0 0 0 0 0 
12 1 2 1 1 2 1 3 2 3 3 2 3 0 
3 384 0 0 0 0 0 0 0 0 0 0 0 0
9x14
3 3 3 3 0 0 0 0 0 0 0 0 0 0 
1 2 0 0 0 0 0 0 0 0 0 0 0 0 
12 1 1 2 1 1 2 3 3 2 1 1 2 0 
13 1 1 2 1 1 2 1 2 3 2 1 1 3 
10 2 1 1 2 1 2 3 2 1 3 0 0 0 
6 1 1 2 1 1 2 0 0 0 0 0 0 0 
4 1 2 1 2 0 0 0 0 0 0 0 0 0 
12 1 2 1 1 2 1 3 2 3 3 2 3 0 
3 384 0 0 0 0 0 0 0 0 0 0 0 0
9x14
3 3 3 3 0 0 0 0 0 0 0 0 0 0 
1 2 0 0 0 0 0 0 0 0 0 0 0 0 
13 1 1 2 1 1 2 1 3 3 2 1 1 2 
13 1 1 2 1 1 2 1 2 3 2 1 1 3 
10 2 1 1 2 1 2 3 2 1 3 0 0 0 
6 1 1 2 1 1 2 0 0 0 0 0 0 0 
4 1 2 1 2 0 0 0 0 0 0 0 0 0 
12 1 2 1 1 2 1 3 2 3 3 2 3 0 
3 384 0 0 0 0 0 0 0 0 0 0 0 0
8x13
3 3 3 3 0 0 0 0 0 0 0 0 0 
1 2 0 0 0 0 0 0 0 0 0 0 0 
9 2 1 2 3 3 2 1 1 2 0 0 0 
5 2 1 1 2 1 0 0 0 0 0 0 0 
10 2 1 1 2 3 2 3 2 1 1 0 0 
10 1 2 1 1 2 3 2 3 2 1 0 0 
12 1 2 1 1 2 1 3 2 3 3 2 3 
4 288 0 0 0 0 0 0 0 0 0 0 0
8x13
3 3 3 3 0 0 0 0 0 0 0 0 0 
1 2 0 0 0 0 0 0 0 0 0 0 0 
9 2 1 2 3 3 2 1 1 2 0 0 0 
5 2 1 1 2 1 0 0 0 0 0 0 0 
11 1 1 2 1 2 3 2 3 2 1 1 0 
8 2 1 2 3 2 3 2 1 0 0 0 0 
12 1 2 1 1 2 1 3 2 3 3 2 3 
4 288 0 0 0 0 0 0 0 0 0 0 0
