PS 0
0.9890559953279725036
0
0
0
PS 1
-1.0000000000000000000
0
0
0
PS 2
0.12500000000000000000
0
0
0
PS 3
-0.018518518518518517491
0
0
0
PS 4
0.002604166666666666522
0
0
0
PS 5
-0.0003333333333333333222
0
0
0
PS 6
3.858024691358024613e-5
0
0
0
PS 7
-4.049238743116293978e-6
0
0
0
PS 8
3.875248015873015870e-7
0
0
0
PS 9
-3.402138175800727291e-8
0
0
0
PS 10
2.755731922398589092e-9
0
0
0
PS 11
-2.0704221806150180016e-10
0
0
0
PS 12
1.4497747908241735702e-11
0
0
0
PS 13
-9.502392802853026171e-13
0
0
0
PS 14
5.852421223331492611e-14
0
0
0
PS 15
-3.3987394363643627294e-15
0
0
0
PS 16
1.8669833329638223646e-16
0
0
0
PS 17
-9.728225793583116443e-18
0
0
0
PS 18
4.820742891538958405e-19
0
0
0
PS 19
-2.2771842788433046161e-20
0
0
0
TACKS 0
0.5772156649015328655
0
0
0
TACKS 1
0.5000000000000000000
0
0
0
END
