PS 0
1.7724538509055161040
-7.666586499825798697e-17
0
0
PS 1
-0.2683530052954014034
-1.4828745457291933834e-17
0
0
PS 2
-1.7724538509055161040
7.666586499825798697e-17
0
0
PS 3
0.4891699453270113573
-9.864353808508639597e-18
0
0
PS 4
0.09846965838363977430
4.992643816417527364e-18
0
0
PS 5
-0.018062581966508617359
3.391274305981457100e-19
0
0
PS 6
-0.0013129287784485303443
-4.633014366583761790e-20
0
0
PS 7
0.00017484790424414749710
5.080130446805495528e-21
0
0
PS 8
6.698616216574134254e-6
3.919557641173082852e-22
0
0
PS 9
-6.900378966606548826e-7
-4.204057002154232859e-24
0
0
PS 10
-1.6539793127343543484e-8
1.1481564209571071407e-24
0
0
PS 11
1.3760791254942414484e-9
1.2650904933483676543e-26
0
0
PS 12
2.2782084197442896141e-11
-3.620036798676923509e-28
0
0
PS 13
-1.5788316272729113548e-12
8.462016943457795779e-30
0
0
PS 14
-1.9257890276790275828e-14
4.447056197410505594e-31
0
0
PS 15
1.1376169807979123801e-15
8.624241141030091258e-32
0
0
PS 16
1.0698827931550153142e-17
-1.5119016484664123199e-34
0
0
PS 17
-5.484374369616624501e-19
-3.187776781078328591e-35
0
0
PS 18
-4.113351761457190729e-21
3.701309833764858235e-38
0
0
PS 19
1.8559861431739839645e-22
7.303685252700793057e-39
0
0
PSL 1
2.000000000000000000
0
0
0
PSL 3
-0.3333333333333333148
-1.8503717077085941313e-17
0
0
PSL 5
0.008333333333333333218
1.1564823173178713802e-19
0
0
PSL 7
-6.613756613756614203e-5
4.460143857711532994e-21
0
0
PSL 9
2.2964432686654909543e-7
-6.663350749821637830e-24
0
0
PSL 11
-4.175351397573619727e-10
-6.872371788473338374e-27
0
0
PSL 13
4.460845510228226152e-13
1.2520441442469268781e-29
0
0
PSL 15
-3.034588782468181290e-16
1.4893616018909777654e-32
0
0
PSL 17
1.3945720507666273320e-19
3.068382058008853603e-36
0
0
PSL 19
-4.530773394303532943e-23
2.5051660620635226244e-39
0
0
END
