#5
6x10
9 1 1 1 2 1 2 1 2 1 
4 1 1 1 1 0 0 0 0 0 
8 1 1 1 2 1 1 1 2 0 
8 1 1 2 1 1 2 1 1 0 
8 1 1 1 1 2 1 1 2 0 
1 48 0 0 0 0 0 0 0 0
6x9
3 1 1 1 0 0 0 0 0 
4 1 1 1 1 0 0 0 0 
8 1 1 1 2 1 1 1 2 
8 1 1 2 1 1 2 1 1 
8 1 1 1 1 2 1 1 2 
1 48 0 0 0 0 0 0 0
6x9
6 1 2 1 2 1 2 0 0 
4 1 1 1 1 0 0 0 0 
8 1 1 1 2 1 1 1 2 
8 1 1 2 1 1 2 1 1 
8 1 1 1 1 2 1 1 2 
1 48 0 0 0 0 0 0 0
6x10
9 1 1 1 2 1 2 1 2 1 
3 1 1 1 0 0 0 0 0 0 
8 1 1 1 2 1 1 1 2 0 
8 1 1 2 1 1 2 1 1 0 
8 1 1 1 1 2 1 1 2 0 
1 32 0 0 0 0 0 0 0 0
5x10
9 1 1 1 2 1 2 1 2 1 
3 1 1 1 0 0 0 0 0 0 
4 1 1 1 1 0 0 0 0 0 
8 1 1 1 2 1 1 1 2 0 
4 24 0 0 0 0 0 0 0 0
