#7
5x7
1 3 0 0 0 0 0 
3 3 1 3 0 0 0 
6 1 2 3 1 2 3 
2 3 3 0 0 0 0 
1 16 0 0 0 0 0
5x7
1 3 0 0 0 0 0 
1 2 0 0 0 0 0 
6 1 2 3 1 2 3 
2 3 3 0 0 0 0 
1 16 0 0 0 0 0
5x7
1 3 0 0 0 0 0 
4 2 3 1 3 0 0 
6 1 2 3 1 2 3 
2 3 3 0 0 0 0 
1 16 0 0 0 0 0
5x7
3 3 1 3 0 0 0 
1 2 0 0 0 0 0 
6 1 2 3 1 2 3 
2 3 3 0 0 0 0 
1 16 0 0 0 0 0
5x7
2 3 2 0 0 0 0 
3 3 1 3 0 0 0 
6 1 2 3 1 2 3 
2 3 3 0 0 0 0 
1 16 0 0 0 0 0
5x7
4 1 2 3 2 0 0 
1 2 0 0 0 0 0 
6 1 2 3 1 2 3 
2 3 3 0 0 0 0 
1 16 0 0 0 0 0
5x7
2 3 2 0 0 0 0 
4 2 3 1 3 0 0 
6 1 2 3 1 2 3 
2 3 3 0 0 0 0 
1 16 0 0 0 0 0
