#3
4x5
3 2 1 2 0 
4 1 2 1 2 
4 2 1 2 1 
1 12 0 0 0
4x6
5 1 2 1 2 2 
4 1 2 1 2 0 
4 2 1 2 1 0 
3 8 0 0 0 0
3x6
5 1 2 1 2 2 
3 2 1 2 0 0 
4 6 0 0 0 0
#3 1 1 0
0 1 min.14 1 1 0
1 3 group.11 1 2 0
2 4 group.20 1 2 0
#3 1 1 1
0 1 min.14 1 1 0
1 3 group.11 1 2 1
2 4 group.20 1 2 0
#3 2 1 0
0 1 min.14 2 1 0
1 3 group.11 1 1 0
2 4 group.20 1 2 0
#3 2 1 1
0 1 min.14 2 1 1
1 3 group.11 1 1 3
2 4 group.20 1 2 0
#3 2 1 2
0 1 min.14 2 1 0
1 3 group.11 1 1 4
2 4 group.20 1 2 0
#3 3 1 0
0 1 min.14 3 1 0
1 3 group.11 1 2 0
2 4 group.20 1 2 0
#3 3 1 1
0 1 min.14 3 1 1
1 3 group.11 1 2 1
2 4 group.20 1 2 0
