#7
7x8
4 1 1 1 1 0 0 0 
1 3 0 0 0 0 0 0 
7 1 1 1 1 1 3 1 
7 1 1 1 1 2 1 1 
7 1 1 1 1 1 2 1 
4 2 3 2 3 0 0 0 
1 96 0 0 0 0 0 0
7x8
3 1 1 1 0 0 0 0 
1 3 0 0 0 0 0 0 
7 1 1 1 1 1 3 1 
7 1 1 1 1 2 1 1 
7 1 1 1 1 1 2 1 
4 2 3 2 3 0 0 0 
1 64 0 0 0 0 0 0
6x8
3 1 1 1 0 0 0 0 
4 1 1 1 1 0 0 0 
1 3 0 0 0 0 0 0 
7 1 1 1 1 1 3 1 
4 2 3 2 3 0 0 0 
4 48 0 0 0 0 0 0
6x8
3 1 1 1 0 0 0 0 
4 1 1 1 1 0 0 0 
7 1 1 1 1 2 1 1 
7 1 1 1 1 1 2 1 
4 2 3 2 3 0 0 0 
4 48 0 0 0 0 0 0
6x9
3 1 1 1 0 0 0 0 0 
4 1 1 1 1 0 0 0 0 
8 1 1 1 1 2 1 1 3 
8 1 1 1 2 1 1 3 1 
4 2 3 2 3 0 0 0 0 
4 48 0 0 0 0 0 0 0
6x9
3 1 1 1 0 0 0 0 0 
4 1 1 1 1 0 0 0 0 
2 3 2 0 0 0 0 0 0 
8 1 1 1 1 1 3 2 1 
4 2 3 2 3 0 0 0 0 
4 48 0 0 0 0 0 0 0
6x10
3 1 1 1 0 0 0 0 0 0 
4 1 1 1 1 0 0 0 0 0 
9 1 1 1 1 2 1 1 3 2 
9 1 1 1 2 1 1 3 2 1 
4 2 3 2 3 0 0 0 0 0 
4 48 0 0 0 0 0 0 0 0
