#9
7x10
3 3 3 3 0 0 0 0 0 0 
9 1 3 1 3 1 3 3 3 3 
4 3 3 3 3 0 0 0 0 0 
4 1 2 1 2 0 0 0 0 0 
8 3 1 3 1 3 3 3 3 0 
8 1 3 1 3 3 3 3 3 0 
1 96 0 0 0 0 0 0 0 0
7x9
3 3 3 3 0 0 0 0 0 
3 1 2 1 0 0 0 0 0 
4 3 3 3 3 0 0 0 0 
4 1 2 1 2 0 0 0 0 
8 3 1 3 1 3 3 3 3 
8 1 3 1 3 3 3 3 3 
1 96 0 0 0 0 0 0 0
7x11
3 3 3 3 0 0 0 0 0 0 0 
10 2 1 3 1 3 1 3 3 3 3 
4 3 3 3 3 0 0 0 0 0 0 
4 1 2 1 2 0 0 0 0 0 0 
8 3 1 3 1 3 3 3 3 0 0 
8 1 3 1 3 3 3 3 3 0 0 
1 96 0 0 0 0 0 0 0 0 0
7x10
9 1 3 1 3 1 3 3 3 3 
3 1 2 1 0 0 0 0 0 0 
4 3 3 3 3 0 0 0 0 0 
4 1 2 1 2 0 0 0 0 0 
8 3 1 3 1 3 3 3 3 0 
8 1 3 1 3 3 3 3 3 0 
1 96 0 0 0 0 0 0 0 0
7x10
6 1 2 1 3 3 3 0 0 0 
9 1 3 1 3 1 3 3 3 3 
4 3 3 3 3 0 0 0 0 0 
4 1 2 1 2 0 0 0 0 0 
8 3 1 3 1 3 3 3 3 0 
8 1 3 1 3 3 3 3 3 0 
1 96 0 0 0 0 0 0 0 0
7x9
6 1 3 1 3 1 3 0 0 
3 1 2 1 0 0 0 0 0 
4 3 3 3 3 0 0 0 0 
4 1 2 1 2 0 0 0 0 
8 3 1 3 1 3 3 3 3 
8 1 3 1 3 3 3 3 3 
1 96 0 0 0 0 0 0 0
7x11
6 1 2 1 3 3 3 0 0 0 0 
10 2 1 3 1 3 1 3 3 3 3 
4 3 3 3 3 0 0 0 0 0 0 
4 1 2 1 2 0 0 0 0 0 0 
8 3 1 3 1 3 3 3 3 0 0 
8 1 3 1 3 3 3 3 3 0 0 
1 96 0 0 0 0 0 0 0 0 0
7x10
3 3 3 3 0 0 0 0 0 0 
9 1 3 1 3 1 3 3 3 3 
3 1 2 1 0 0 0 0 0 0 
4 1 2 1 2 0 0 0 0 0 
8 3 1 3 1 3 3 3 3 0 
8 1 3 1 3 3 3 3 3 0 
1 64 0 0 0 0 0 0 0 0
6x10
3 3 3 3 0 0 0 0 0 0 
9 1 3 1 3 1 3 3 3 3 
3 1 2 1 0 0 0 0 0 0 
4 3 3 3 3 0 0 0 0 0 
4 1 2 1 2 0 0 0 0 0 
4 48 0 0 0 0 0 0 0 0
