#6
5x11
10 1 1 2 1 1 2 2 1 2 2 
8 2 2 2 1 2 2 1 2 0 0 
8 1 1 2 2 1 2 2 2 0 0 
9 1 1 1 2 1 2 1 1 1 0 
10 24 0 0 0 0 0 0 0 0 0
5x11
10 1 1 2 1 1 2 2 1 2 2 
10 1 1 2 2 2 1 2 2 1 2 
8 1 1 2 2 1 2 2 2 0 0 
9 1 1 1 2 1 1 1 2 2 0 
6 40 0 0 0 0 0 0 0 0 0
6x11
8 1 1 2 2 1 2 2 2 0 0 
10 1 1 2 1 1 2 2 1 2 2 
8 1 2 1 1 1 2 2 2 0 0 
8 1 2 1 1 2 1 1 1 0 0 
9 1 1 1 2 1 1 1 2 2 0 
5 48 0 0 0 0 0 0 0 0 0
5x11
8 1 1 1 2 2 2 1 2 0 0 
10 1 1 1 2 1 1 2 2 2 1 
8 1 1 2 2 2 1 2 1 0 0 
9 1 1 1 2 2 1 2 2 2 0 
1 120 0 0 0 0 0 0 0 0 0
5x11
8 1 1 1 2 2 2 1 2 0 0 
10 1 1 1 2 1 1 2 2 2 1 
8 1 1 2 2 2 1 2 1 0 0 
8 1 1 2 2 1 2 2 2 0 0 
1 120 0 0 0 0 0 0 0 0 0
5x11
8 1 1 1 2 2 2 1 2 0 0 
10 1 1 1 2 1 1 2 2 2 1 
8 1 1 2 2 2 1 2 1 0 0 
9 1 2 2 2 1 2 2 1 2 0 
1 120 0 0 0 0 0 0 0 0 0
