11x36	% 
 1  1  1  1  2  2  2 2  3  3  3 3  6  6  6  6  8  8 8  8  8  8  8  8  8  8  8  8 18 18 18 18 18 18 18 18
 1  2  2  2  3  6  6 6  2  2  2 2  6  6  6  6  3  3 3  6  6  6  6  6  6  6  6  6  2  2  2  2  4  4  4  4
 5 -5 -1  1  2 -4 -2 4 -3 -1  1 3 -2  0  0  2 -1 -1 2 -2 -2 -1 -1  1  1  1  1  2 -1 -1  1  1 -1 -1  1  1
 5  5  5  5  2  2  2 2  5  5  5 5  2  2  2  2 -1 -1 2  2  2 -1 -1 -1 -1 -1 -1  2  5  5  5  5  1  1  1  1
 5 -5 -1  1  5 -1 -5 1 -3 -1  1 3  1 -3  3 -1  5  5 5 -5  1 -1 -1 -5 -5  1  1 -1 -1 -1  1  1 -1 -1  1  1
 0  5  3  2  2  5  5 2  4  3  2 1  4  4  3  3  4  4 2  5  4  5  5  5  5  4  4  3  3  3  2  2  4  4  3  3
 5  0  2  3  5  2  2 5  1  2  3 4  3  3  4  4  5  5 5  2  3  4  4  4  4  5  5  4  2  2  3  3  3  3  4  4
 0  5  3  2  2  5  5 2  4  3  2 1  4  4  3  3  4  4 2  5  4  5  5  5  5  4  4  3  3  3  2  2  4  4  3  3
 5  0  2  3  5  2  2 5  1  2  3 4  3  3  4  4  5  5 5  2  3  4  4  4  4  5  5  4  2  2  3  3  3  3  4  4
 2 -2  2 -2 -1 -1  1 1 -2 -2  2 2 -1  1 -1  1 -1 -1 2 -2 -2 -1 -1  1  1  1  1  2  0  0  0  0  0  0  0  0
 3 -3 -3  3  3 -3 -3 3 -1  1 -1 1 -1 -1  1  1  0  0 0  0  0  0  0  0  0  0  0  0 -1 -1  1  1 -1 -1  1  1
