#15
6x5
2 1 4 0 0 
3 4 1 4 0 
1 2 0 0 0 
4 1 4 1 4 
4 1 2 1 2 
1 32 0 0 0
6x5
2 1 4 0 0 
3 4 1 4 0 
1 3 0 0 0 
4 1 4 1 4 
4 1 2 1 2 
1 32 0 0 0
6x5
2 1 4 0 0 
3 4 1 4 0 
2 2 3 0 0 
4 1 4 1 4 
4 1 2 1 2 
1 32 0 0 0
6x5
2 1 4 0 0 
1 2 0 0 0 
1 3 0 0 0 
4 1 4 1 4 
4 1 2 1 2 
1 32 0 0 0
6x5
2 1 4 0 0 
4 3 4 1 4 
1 2 0 0 0 
4 1 4 1 4 
4 1 2 1 2 
1 32 0 0 0
6x7
2 1 4 0 0 0 0 
6 1 2 1 4 1 4 
1 3 0 0 0 0 0 
4 1 4 1 4 0 0 
4 1 2 1 2 0 0 
1 32 0 0 0 0 0
6x5
2 1 4 0 0 
4 3 4 1 4 
2 2 3 0 0 
4 1 4 1 4 
4 1 2 1 2 
1 32 0 0 0
6x5
3 4 1 4 0 
1 2 0 0 0 
1 3 0 0 0 
4 1 4 1 4 
4 1 2 1 2 
1 32 0 0 0
6x5
3 1 3 4 0 
3 4 1 4 0 
1 2 0 0 0 
4 1 4 1 4 
4 1 2 1 2 
1 32 0 0 0
6x5
3 2 4 1 0 
3 4 1 4 0 
1 3 0 0 0 
4 1 4 1 4 
4 1 2 1 2 
1 32 0 0 0
6x5
3 1 3 4 0 
3 4 1 4 0 
2 2 3 0 0 
4 1 4 1 4 
4 1 2 1 2 
1 32 0 0 0
6x5
1 4 0 0 0 
1 2 0 0 0 
1 3 0 0 0 
4 1 4 1 4 
4 1 2 1 2 
1 32 0 0 0
6x5
3 1 3 4 0 
4 3 4 1 4 
1 2 0 0 0 
4 1 4 1 4 
4 1 2 1 2 
1 32 0 0 0
6x7
3 2 4 1 0 0 0 
6 1 2 1 4 1 4 
1 3 0 0 0 0 0 
4 1 4 1 4 0 0 
4 1 2 1 2 0 0 
1 32 0 0 0 0 0
6x5
3 1 3 4 0 
4 3 4 1 4 
2 2 3 0 0 
4 1 4 1 4 
4 1 2 1 2 
1 32 0 0 0
