#7
4x5
4 1 3 3 3 
3 1 2 1 0 
2 3 3 0 0 
1 18 0 0 0
4x4
1 1 0 0 
3 1 2 1 
2 3 3 0 
1 18 0 0
4x4
3 3 3 3 
3 1 2 1 
2 3 3 0 
1 18 0 0
4x5
4 1 3 3 3 
1 1 0 0 0 
3 1 2 1 0 
3 12 0 0 0
4x5
4 1 3 3 3 
1 1 0 0 0 
2 3 3 0 0 
3 12 0 0 0
4x6
4 1 3 3 3 0 
1 1 0 0 0 0 
5 1 2 3 3 1 
3 12 0 0 0 0
4x6
4 1 3 3 3 0 
1 1 0 0 0 0 
5 1 2 1 3 3 
3 12 0 0 0 0
#5 1 1 0
0 1 group.116 3 1 0
1 1 group.116 1 1 0
2 1 group.112 1 1 0
3 6 group.76 1 2 0
5 6 group.60 2 1 0
#5 1 2 0
0 1 group.116 3 2 0
1 1 group.116 1 2 0
2 1 group.112 1 2 0
3 6 group.76 1 4 0
5 6 group.60 1 1 0
#4 2 1 0
0 2 group.116 2 1 0
2 1 group.112 1 1 0
3 6 group.76 1 2 0
5 6 group.60 1 1 0
