10x18	% 
 1  1  4 4  4  4  6 6  6  6 9 9 12 12 12 12 18 18
 1  2  3 3  6  6  2 2  4  4 2 2  6  6 12 12  4  4
 4 -4 -2 1 -1  2 -2 2  0  0 0 0 -1  1  0  0  0  0
 4  4 -2 1  1 -2  4 4 -4 -4 4 4  1  1  2  2  0  0
 4 -4  4 4 -4 -4 -2 2  0  0 0 0  2 -2  0  0  0  0
 0  4  4 2  4  4  3 1  4  4 2 2  3  3  4  4  3  3
 4  0  4 4  2  4  1 3  4  4 2 2  3  3  4  4  3  3
 0  4  4 2  4  4  3 1  4  4 2 2  3  3  4  4  3  3
 4  0  4 4  2  4  1 3  4  4 2 2  3  3  4  4  3  3
 4 -4 -2 1 -1  2 -2 2  0  0 0 0 -1  1  0  0  0  0
