#9
5x7
3 3 3 3 0 0 0 
5 2 3 1 3 1 0 
4 3 1 3 1 0 0 
6 1 3 1 3 3 3 
1 36 0 0 0 0 0
5x7
3 3 3 3 0 0 0 
5 1 3 1 3 1 0 
4 3 1 3 1 0 0 
6 1 3 1 3 3 3 
1 36 0 0 0 0 0
5x7
3 3 3 3 0 0 0 
2 1 2 0 0 0 0 
4 3 1 3 1 0 0 
6 1 3 1 3 3 3 
1 36 0 0 0 0 0
5x7
5 2 3 1 3 1 0 
5 1 3 1 3 1 0 
4 3 1 3 1 0 0 
6 1 3 1 3 3 3 
1 36 0 0 0 0 0
5x9
8 1 3 1 3 1 3 3 3 
5 2 3 1 3 1 0 0 0 
4 3 1 3 1 0 0 0 0 
6 1 3 1 3 3 3 0 0 
1 36 0 0 0 0 0 0 0
5x9
8 2 3 1 3 1 3 3 3 
5 1 3 1 3 1 0 0 0 
4 3 1 3 1 0 0 0 0 
6 1 3 1 3 3 3 0 0 
1 36 0 0 0 0 0 0 0
5x9
8 1 3 1 3 1 3 3 3 
2 1 2 0 0 0 0 0 0 
4 3 1 3 1 0 0 0 0 
6 1 3 1 3 3 3 0 0 
1 36 0 0 0 0 0 0 0
5x6
3 3 3 3 0 0 
5 2 3 1 3 1 
5 1 3 1 3 1 
4 3 1 3 1 0 
3 24 0 0 0 0
5x6
3 3 3 3 0 0 
5 2 3 1 3 1 
5 1 3 1 3 1 
2 3 3 0 0 0 
3 24 0 0 0 0
