#9
5x6
5 1 2 3 3 3 
1 2 0 0 0 0 
4 1 3 1 3 0 
4 2 3 2 3 0 
1 36 0 0 0 0
5x6
5 1 2 3 3 3 
1 1 0 0 0 0 
4 1 3 1 3 0 
4 2 3 2 3 0 
1 36 0 0 0 0
5x6
5 1 2 3 3 3 
2 1 2 0 0 0 
4 1 3 1 3 0 
4 2 3 2 3 0 
1 36 0 0 0 0
5x5
1 2 0 0 0 
1 1 0 0 0 
4 1 3 1 3 
4 2 3 2 3 
1 36 0 0 0
5x5
4 2 3 3 3 
1 2 0 0 0 
4 1 3 1 3 
4 2 3 2 3 
1 36 0 0 0
5x5
4 1 3 3 3 
1 1 0 0 0 
4 1 3 1 3 
4 2 3 2 3 
1 36 0 0 0
5x5
4 2 3 3 3 
2 1 2 0 0 
4 1 3 1 3 
4 2 3 2 3 
1 36 0 0 0
5x6
5 1 2 3 3 3 
1 2 0 0 0 0 
1 1 0 0 0 0 
4 1 3 1 3 0 
3 24 0 0 0 0
5x6
5 1 2 3 3 3 
1 2 0 0 0 0 
1 1 0 0 0 0 
4 2 3 2 3 0 
3 24 0 0 0 0
