11x15	% 
 1  1  1  1  1  1  2  2  2  2  2  2  2  2  2
 1  2  3  3  6  6  4  4  4 12 12 12 12 12 12
 5 -3 -1 -1  3  3  1  1  1  1  1  1  1  1  1
 5  5 -1 -1 -1 -1 -3 -3 -3  3  3  3  3  3  3
 5 -3  5  5 -3 -3  1  1  1  1  1  1  1  1  1
 0  4  4  4  4  4  4  4  4  4  4  4  4  4  4
 5  1  5  5  5  5  5  5  5  5  5  5  5  5  5
 0  4  4  4  4  4  4  4  4  4  4  4  4  4  4
 5  1  5  5  5  5  5  5  5  5  5  5  5  5  5
 1  1  1  1  1  1  1  1  1  1  1  1  1  1  1
 4 -4 -2 -2  2  2  0  0  0  0  0  0  0  0  0
