#7
6x7
1 3 0 0 0 0 0 
1 1 0 0 0 0 0 
4 3 2 3 2 0 0 
6 2 2 3 2 3 2 
6 2 2 3 2 2 3 
1 32 0 0 0 0 0
6x7
1 3 0 0 0 0 0 
1 2 0 0 0 0 0 
4 3 2 3 2 0 0 
6 2 2 3 2 3 2 
6 2 2 3 2 2 3 
1 32 0 0 0 0 0
6x7
1 3 0 0 0 0 0 
2 1 2 0 0 0 0 
4 3 2 3 2 0 0 
6 2 2 3 2 3 2 
6 2 2 3 2 2 3 
1 32 0 0 0 0 0
6x7
1 1 0 0 0 0 0 
1 2 0 0 0 0 0 
4 3 2 3 2 0 0 
6 2 2 3 2 3 2 
6 2 2 3 2 2 3 
1 32 0 0 0 0 0
6x7
2 3 2 0 0 0 0 
1 1 0 0 0 0 0 
4 3 2 3 2 0 0 
6 2 2 3 2 3 2 
6 2 2 3 2 2 3 
1 32 0 0 0 0 0
6x7
2 1 3 0 0 0 0 
1 2 0 0 0 0 0 
4 3 2 3 2 0 0 
6 2 2 3 2 3 2 
6 2 2 3 2 2 3 
1 32 0 0 0 0 0
6x7
2 3 2 0 0 0 0 
2 1 2 0 0 0 0 
4 3 2 3 2 0 0 
6 2 2 3 2 3 2 
6 2 2 3 2 2 3 
1 32 0 0 0 0 0
