#6
6x9
6 1 1 1 2 2 2 0 0 
4 1 1 1 1 0 0 0 0 
6 2 1 2 1 2 2 0 0 
4 2 1 2 1 0 0 0 0 
8 1 1 2 1 2 2 1 2 
1 72 0 0 0 0 0 0 0
6x9
3 1 1 1 0 0 0 0 0 
4 1 1 1 1 0 0 0 0 
6 2 1 2 1 2 2 0 0 
4 2 1 2 1 0 0 0 0 
8 1 1 2 1 2 2 1 2 
1 72 0 0 0 0 0 0 0
6x9
3 2 2 2 0 0 0 0 0 
4 1 1 1 1 0 0 0 0 
6 2 1 2 1 2 2 0 0 
4 2 1 2 1 0 0 0 0 
8 1 1 2 1 2 2 1 2 
1 72 0 0 0 0 0 0 0
6x9
6 1 1 1 2 2 2 0 0 
3 1 1 1 0 0 0 0 0 
4 1 1 1 1 0 0 0 0 
4 2 1 2 1 0 0 0 0 
8 1 1 2 1 2 2 1 2 
3 48 0 0 0 0 0 0 0
6x9
6 1 1 1 2 2 2 0 0 
3 1 1 1 0 0 0 0 0 
6 2 1 2 1 2 2 0 0 
4 2 1 2 1 0 0 0 0 
8 1 1 2 1 2 2 1 2 
3 48 0 0 0 0 0 0 0
5x7
6 1 1 1 2 2 2 
3 1 1 1 0 0 0 
4 1 1 1 1 0 0 
6 2 1 2 1 2 2 
4 36 0 0 0 0 0
