11x25	% 
 1  1 12 12 12 12 12 16 16 18 32 32 32 32 36 36 72 72 72 96 96 96 96 96 144
 1  2  2  2  2  2  4  3  6  2  3  3  6  6  4  4  2  4  4  6  6  6  6 12   8
 5 -3 -1 -1  3  3  1 -1  3  1  2  2  0  0 -1  3  1  1  1  0  0  2  2  1   1
 5  5  5  5  5  5 -3 -1 -1  5  2  2  2  2  1  1  5  1  1  2  2  2  2  3   1
 5 -3 -1 -1  3  3  1  5 -3  1  5  5 -3 -3 -1  3  1  1  1  3  3 -1 -1  1   1
 0  4  3  3  1  1  4  4  4  2  2  2  4  4  4  2  2  3  3  3  3  3  3  4   4
 5  1  2  2  4  4  5  5  5  3  5  5  3  3  3  5  3  4  4  4  4  4  4  5   5
 0  4  3  3  1  1  4  4  4  2  2  2  4  4  4  2  2  3  3  3  3  3  3  4   4
 5  1  2  2  4  4  5  5  5  3  5  5  3  3  3  5  3  4  4  4  4  4  4  5   5
 1  1  1  1  1  1  1  1  1  1  1  1  1  1  1  1  1  1  1  1  1  1  1  1   1
 4 -4 -2 -2  2  2  0 -2  2  0  1  1 -1 -1 -2  2  0  0  0 -1 -1  1  1  0   0
