#9
5x8
4 1 2 1 3 0 0 0 
7 1 2 1 2 3 3 2 
6 1 2 1 2 3 3 0 
4 1 2 1 2 0 0 0 
1 36 0 0 0 0 0 0
5x7
4 1 2 1 3 0 0 
1 1 0 0 0 0 0 
6 1 2 1 2 3 3 
4 1 2 1 2 0 0 
1 36 0 0 0 0 0
5x7
4 1 2 1 3 0 0 
6 2 1 2 3 3 2 
6 1 2 1 2 3 3 
4 1 2 1 2 0 0 
1 36 0 0 0 0 0
5x8
7 1 2 1 2 3 3 2 
1 1 0 0 0 0 0 0 
6 1 2 1 2 3 3 0 
4 1 2 1 2 0 0 0 
1 36 0 0 0 0 0 0
5x8
3 2 1 3 0 0 0 0 
7 1 2 1 2 3 3 2 
6 1 2 1 2 3 3 0 
4 1 2 1 2 0 0 0 
1 36 0 0 0 0 0 0
5x7
3 3 3 3 0 0 0 
1 1 0 0 0 0 0 
6 1 2 1 2 3 3 
4 1 2 1 2 0 0 
1 36 0 0 0 0 0
5x7
3 2 1 3 0 0 0 
6 2 1 2 3 3 2 
6 1 2 1 2 3 3 
4 1 2 1 2 0 0 
1 36 0 0 0 0 0
5x8
4 1 2 1 3 0 0 0 
7 1 2 1 2 3 3 2 
1 1 0 0 0 0 0 0 
6 2 1 2 1 3 3 0 
3 24 0 0 0 0 0 0
5x8
4 1 2 1 3 0 0 0 
7 1 2 1 2 3 3 2 
1 1 0 0 0 0 0 0 
4 1 2 1 2 0 0 0 
3 24 0 0 0 0 0 0
#5 1 1 0
0 1 group.120 1 1 0
1 2 group.189 1 1 0
3 2 group.189 3 1 0
5 2 group.188 1 1 0
7 6 group.117 1 2 0
#6 2 1 0
0 1 group.120 1 2 0
1 2 group.189 2 1 0
3 1 group.189 4 1 0
4 1 group.189 5 1 0
5 2 group.188 2 1 0
7 6 group.117 1 2 0
