#5
7x10
7 2 1 2 2 1 2 1 0 0 
8 2 1 2 2 1 2 1 1 0 
8 1 2 1 2 2 1 2 1 0 
2 2 2 0 0 0 0 0 0 0 
7 1 1 2 2 1 2 2 0 0 
9 1 2 2 1 2 2 1 2 2 
1 96 0 0 0 0 0 0 0 0
7x10
9 1 2 1 2 2 2 1 1 2 
8 2 1 2 2 1 2 1 1 0 
8 1 2 1 2 2 1 2 1 0 
2 2 2 0 0 0 0 0 0 0 
7 1 1 2 2 1 2 2 0 0 
9 1 2 2 1 2 2 1 2 2 
3 64 0 0 0 0 0 0 0 0
6x10
9 1 2 1 2 2 2 1 1 2 
7 2 1 2 2 1 2 1 0 0 
8 2 1 2 2 1 2 1 1 0 
8 1 2 1 2 2 1 2 1 0 
9 1 2 2 1 2 2 1 2 2 
4 48 0 0 0 0 0 0 0 0
6x10
9 1 2 1 2 2 2 1 1 2 
7 2 1 2 2 1 2 1 0 0 
2 2 2 0 0 0 0 0 0 0 
7 1 1 2 2 1 2 2 0 0 
9 1 2 2 1 2 2 1 2 2 
4 48 0 0 0 0 0 0 0 0
6x10
9 1 2 1 2 2 2 1 1 2 
7 2 1 2 2 1 2 1 0 0 
9 1 2 1 1 2 2 1 1 2 
9 2 1 1 2 1 2 1 1 2 
9 1 2 2 1 2 2 1 2 2 
4 48 0 0 0 0 0 0 0 0
