#15
5x6
5 1 2 3 1 4 
1 3 0 0 0 0 
3 3 1 3 0 0 
4 1 3 1 3 0 
1 16 0 0 0 0
5x6
5 1 2 3 1 4 
1 3 0 0 0 0 
2 1 2 0 0 0 
4 1 3 1 3 0 
1 16 0 0 0 0
5x6
5 1 2 3 1 4 
1 3 0 0 0 0 
5 1 2 3 1 3 
4 1 3 1 3 0 
1 16 0 0 0 0
5x6
5 1 2 3 1 4 
3 3 1 3 0 0 
2 1 2 0 0 0 
4 1 3 1 3 0 
1 16 0 0 0 0
5x6
5 1 2 3 1 4 
3 2 3 1 0 0 
3 3 1 3 0 0 
4 1 3 1 3 0 
1 16 0 0 0 0
5x6
5 1 2 3 1 4 
2 1 3 0 0 0 
2 1 2 0 0 0 
4 1 3 1 3 0 
1 16 0 0 0 0
5x6
5 1 2 3 1 4 
3 2 3 1 0 0 
5 1 2 3 1 3 
4 1 3 1 3 0 
1 16 0 0 0 0
5x5
1 3 0 0 0 
3 3 1 3 0 
2 1 2 0 0 
4 1 3 1 3 
1 16 0 0 0
5x5
3 3 1 4 0 
1 3 0 0 0 
3 3 1 3 0 
4 1 3 1 3 
1 16 0 0 0
5x5
4 2 3 1 4 
1 3 0 0 0 
2 1 2 0 0 
4 1 3 1 3 
1 16 0 0 0
5x6
3 3 1 4 0 0 
1 3 0 0 0 0 
5 1 2 3 1 3 
4 1 3 1 3 0 
1 16 0 0 0 0
5x5
2 2 4 0 0 
3 3 1 3 0 
2 1 2 0 0 
4 1 3 1 3 
1 16 0 0 0
5x5
3 3 1 4 0 
3 2 3 1 0 
3 3 1 3 0 
4 1 3 1 3 
1 16 0 0 0
5x5
4 2 3 1 4 
2 1 3 0 0 
2 1 2 0 0 
4 1 3 1 3 
1 16 0 0 0
5x6
3 3 1 4 0 0 
3 2 3 1 0 0 
5 1 2 3 1 3 
4 1 3 1 3 0 
1 16 0 0 0 0
