#5
4x14
13 1 2 1 1 2 1 2 2 1 1 2 2 1 
11 1 2 2 2 1 2 2 2 2 1 2 0 0 
5 2 2 2 2 2 0 0 0 0 0 0 0 0 
16 120 0 0 0 0 0 0 0 0 0 0 0 0
8x15
5 2 2 2 2 2 0 0 0 0 0 0 0 0 0 
12 1 2 1 2 2 1 2 2 2 1 2 2 0 0 
12 1 2 2 1 2 2 2 1 2 2 1 2 0 0 
12 2 1 2 2 1 2 2 2 1 2 2 1 0 0 
12 1 2 2 2 1 2 2 1 2 1 2 2 0 0 
14 1 1 2 2 2 1 2 2 1 2 2 2 2 2 
13 1 2 1 2 2 2 1 2 2 1 2 2 2 0 
10 192 0 0 0 0 0 0 0 0 0 0 0 0 0
8x14
5 2 2 2 2 2 0 0 0 0 0 0 0 0 
12 1 2 1 2 2 1 2 2 2 1 2 2 0 
12 1 2 2 1 2 2 2 1 2 2 1 2 0 
12 2 1 2 2 1 2 2 2 1 2 2 1 0 
12 1 2 2 2 1 2 2 1 2 1 2 2 0 
11 2 2 2 1 1 2 1 1 2 2 1 0 0 
13 1 2 1 2 2 2 1 2 2 1 2 2 2 
6 320 0 0 0 0 0 0 0 0 0 0 0 0
9x14
5 2 2 2 2 2 0 0 0 0 0 0 0 0 
12 1 2 1 2 2 1 2 2 2 1 2 2 0 
12 1 2 2 1 2 2 2 1 2 2 1 2 0 
12 2 1 2 2 1 2 2 2 1 2 2 1 0 
12 1 2 2 2 1 2 2 1 2 1 2 2 0 
13 1 2 1 2 2 2 1 2 2 1 2 2 2 
13 1 1 2 2 2 2 1 1 2 1 1 2 2 
13 1 2 1 2 2 2 1 2 1 1 2 2 2 
5 384 0 0 0 0 0 0 0 0 0 0 0 0
3x12
11 2 1 1 2 1 2 2 1 1 2 2 
11 1 1 2 1 2 2 1 1 2 2 2 
1 960 0 0 0 0 0 0 0 0 0 0
