#7
5x9
1 3 0 0 0 0 0 0 0 
1 2 0 0 0 0 0 0 0 
4 1 2 1 2 0 0 0 0 
8 1 2 1 2 1 2 1 2 
1 16 0 0 0 0 0 0 0
5x9
1 3 0 0 0 0 0 0 0 
5 1 2 1 2 1 0 0 0 
4 1 2 1 2 0 0 0 0 
8 1 2 1 2 1 2 1 2 
1 16 0 0 0 0 0 0 0
5x9
1 3 0 0 0 0 0 0 0 
6 2 1 2 1 2 1 0 0 
4 1 2 1 2 0 0 0 0 
8 1 2 1 2 1 2 1 2 
1 16 0 0 0 0 0 0 0
5x9
1 2 0 0 0 0 0 0 0 
5 1 2 1 2 1 0 0 0 
4 1 2 1 2 0 0 0 0 
8 1 2 1 2 1 2 1 2 
1 16 0 0 0 0 0 0 0
5x9
6 1 2 1 2 1 3 0 0 
1 2 0 0 0 0 0 0 0 
4 1 2 1 2 0 0 0 0 
8 1 2 1 2 1 2 1 2 
1 16 0 0 0 0 0 0 0
5x9
8 1 2 1 2 1 2 1 3 
5 1 2 1 2 1 0 0 0 
4 1 2 1 2 0 0 0 0 
8 1 2 1 2 1 2 1 2 
1 16 0 0 0 0 0 0 0
5x9
6 1 2 1 2 1 3 0 0 
6 2 1 2 1 2 1 0 0 
4 1 2 1 2 0 0 0 0 
8 1 2 1 2 1 2 1 2 
1 16 0 0 0 0 0 0 0
