#8
5x8
7 2 2 2 2 2 2 3 
5 1 2 2 2 1 0 0 
6 2 2 2 2 2 2 0 
6 1 2 2 2 2 1 0 
1 24 0 0 0 0 0 0
5x8
7 2 2 2 2 2 2 3 
3 2 2 1 0 0 0 0 
6 2 2 2 2 2 2 0 
6 1 2 2 2 2 1 0 
1 24 0 0 0 0 0 0
5x8
7 2 2 2 2 2 2 3 
2 1 2 0 0 0 0 0 
6 2 2 2 2 2 2 0 
6 1 2 2 2 2 1 0 
1 24 0 0 0 0 0 0
5x7
5 1 2 2 2 1 0 
3 2 2 1 0 0 0 
6 2 2 2 2 2 2 
6 1 2 2 2 2 1 
1 24 0 0 0 0 0
5x7
6 1 2 2 2 2 3 
5 1 2 2 2 1 0 
6 2 2 2 2 2 2 
6 1 2 2 2 2 1 
1 24 0 0 0 0 0
5x7
6 1 2 2 2 1 3 
3 2 2 1 0 0 0 
6 2 2 2 2 2 2 
6 1 2 2 2 2 1 
1 24 0 0 0 0 0
5x7
6 1 2 2 2 2 3 
2 1 2 0 0 0 0 
6 2 2 2 2 2 2 
6 1 2 2 2 2 1 
1 24 0 0 0 0 0
5x8
7 2 2 2 2 2 2 3 
5 1 2 2 2 1 0 0 
3 2 2 1 0 0 0 0 
6 2 2 2 2 2 2 0 
3 16 0 0 0 0 0 0
#8 1 1 0
0 1 min.52 1 1 0
1 1 group.117 1 1 0
2 1 group.185 1 1 0
3 1 group.198 1 1 0
4 1 group.186 1 1 0
5 1 group.185 2 1 0
6 1 group.117 1 2 0
7 3 group.53 1 3 0
