10x22	% 
 1  1 15 15 15 15 40 40 40 40 45 45 90 90 90 90 120 120 120 120 144 144
 1  2  2  2  2  2  3  3  6  6  2  2  4  4  4  4   6   6   6   6   5  10
 5 -5 -3 -1  1  3 -1  2 -2  1 -1  1 -1 -1  1  1  -1   0   0   1   0   0
 5  5  5  5  5  5 -1  2  2 -1  5  5  1  1  1  1  -1   2   2  -1   0   0
 5 -5 -3 -1  1  3  5  5 -5 -5 -1  1 -1 -1  1  1  -1  -3   3   1   0   0
 0  5  4  3  2  1  4  2  5  5  3  2  4  4  3  3   5   4   3   4   4   5
 5  0  1  2  3  4  5  5  2  4  2  3  3  3  4  4   4   3   4   5   5   4
 0  5  4  3  2  1  4  2  5  5  3  2  4  4  3  3   5   4   3   4   4   5
 5  0  1  2  3  4  5  5  2  4  2  3  3  3  4  4   4   3   4   5   5   4
 5 -5 -3 -1  1  3 -1  2 -2  1 -1  1 -1 -1  1  1  -1   0   0   1   0   0
