#4
3x12
7 2 2 1 1 1 2 2 0 0 0 0 
11 1 1 2 1 1 1 2 1 1 1 2 
16 60 0 0 0 0 0 0 0 0 0 0
7x9
7 2 1 1 2 2 2 2 0 
8 1 2 1 1 1 2 1 2 
7 2 2 2 1 1 2 2 0 
8 1 2 1 2 1 1 1 2 
8 2 1 2 2 1 2 2 2 
8 1 2 2 2 1 1 2 2 
10 96 0 0 0 0 0 0 0
7x13
7 2 1 1 2 2 2 2 0 0 0 0 0 
8 1 2 1 1 1 2 1 2 0 0 0 0 
7 2 2 2 1 1 2 2 0 0 0 0 0 
8 1 2 1 2 1 1 1 2 0 0 0 0 
9 1 2 1 1 1 2 1 2 2 0 0 0 
12 1 2 2 1 1 1 2 2 2 1 2 2 
6 160 0 0 0 0 0 0 0 0 0 0 0
8x14
7 2 1 1 2 2 2 2 0 0 0 0 0 0 
8 1 2 1 1 1 2 1 2 0 0 0 0 0 
7 2 2 2 1 1 2 2 0 0 0 0 0 0 
8 1 2 1 2 1 1 1 2 0 0 0 0 0 
8 1 2 2 2 1 1 2 2 0 0 0 0 0 
13 1 1 2 2 1 2 2 1 1 2 1 2 2 
8 1 2 1 2 2 1 1 2 0 0 0 0 0 
5 192 0 0 0 0 0 0 0 0 0 0 0 0
