#6
6x13
9 1 1 2 1 1 2 1 1 2 0 0 0 
12 1 1 2 1 1 1 2 2 1 2 2 1 
7 1 1 2 2 2 1 1 0 0 0 0 0 
8 1 2 1 2 1 1 1 2 0 0 0 0 
10 2 1 2 1 2 2 1 2 2 1 0 0 
15 48 0 0 0 0 0 0 0 0 0 0 0
6x13
9 1 1 2 1 1 2 1 1 2 0 0 0 
12 1 1 2 1 1 1 2 2 1 2 2 1 
8 1 2 1 1 2 1 1 1 0 0 0 0 
10 1 1 2 1 2 1 1 2 1 2 0 0 
9 1 1 2 1 2 2 1 2 1 0 0 0 
15 48 0 0 0 0 0 0 0 0 0 0 0
6x11
10 1 1 1 2 1 1 2 1 1 1 
6 1 1 1 2 2 1 0 0 0 0 
10 1 1 1 2 1 2 1 1 1 2 
7 2 1 2 2 1 2 2 0 0 0 
10 1 1 2 2 1 1 1 2 2 2 
10 72 0 0 0 0 0 0 0 0 0
4x11
8 1 2 2 1 2 2 2 1 0 0 
10 1 1 1 2 1 1 2 2 2 1 
7 2 1 2 2 2 2 1 0 0 0 
6 120 0 0 0 0 0 0 0 0 0
4x11
10 1 1 1 2 2 1 2 2 1 1 
10 1 1 1 2 1 1 2 2 2 1 
7 2 1 2 2 1 1 2 0 0 0 
6 120 0 0 0 0 0 0 0 0 0
4x9
8 1 2 1 2 1 2 2 1 
8 1 1 2 2 1 2 1 2 
6 2 2 1 1 1 2 0 0 
1 360 0 0 0 0 0 0 0
