#8
4x10
9 3 1 3 1 3 1 3 1 3 
1 2 0 0 0 0 0 0 0 0 
8 3 1 3 1 3 1 3 1 0 
1 20 0 0 0 0 0 0 0 0
4x10
9 3 1 3 1 3 1 3 1 3 
1 1 0 0 0 0 0 0 0 0 
8 3 1 3 1 3 1 3 1 0 
1 20 0 0 0 0 0 0 0 0
4x10
9 3 1 3 1 3 1 3 1 3 
2 1 2 0 0 0 0 0 0 0 
8 3 1 3 1 3 1 3 1 0 
1 20 0 0 0 0 0 0 0 0
4x9
1 2 0 0 0 0 0 0 0 
1 1 0 0 0 0 0 0 0 
8 3 1 3 1 3 1 3 1 
1 20 0 0 0 0 0 0 0
4x11
10 1 3 1 3 1 3 1 3 1 3 
1 2 0 0 0 0 0 0 0 0 0 
8 3 1 3 1 3 1 3 1 0 0 
1 20 0 0 0 0 0 0 0 0 0
4x11
10 2 3 1 3 1 3 1 3 1 3 
1 1 0 0 0 0 0 0 0 0 0 
8 3 1 3 1 3 1 3 1 0 0 
1 20 0 0 0 0 0 0 0 0 0
4x11
10 1 3 1 3 1 3 1 3 1 3 
2 1 2 0 0 0 0 0 0 0 0 
8 3 1 3 1 3 1 3 1 0 0 
1 20 0 0 0 0 0 0 0 0 0
4x10
9 3 1 3 1 3 1 3 1 3 
1 2 0 0 0 0 0 0 0 0 
1 1 0 0 0 0 0 0 0 0 
5 8 0 0 0 0 0 0 0 0
