#7
5x6
5 1 2 2 2 3 
1 1 0 0 0 0 
4 1 3 1 3 0 
2 2 2 0 0 0 
1 16 0 0 0 0
5x6
5 1 2 2 2 3 
2 1 2 0 0 0 
4 1 3 1 3 0 
2 2 2 0 0 0 
1 16 0 0 0 0
5x6
5 1 2 2 2 3 
1 2 0 0 0 0 
4 1 3 1 3 0 
2 2 2 0 0 0 
1 16 0 0 0 0
5x5
1 1 0 0 0 
2 1 2 0 0 
4 1 3 1 3 
2 2 2 0 0 
1 16 0 0 0
5x5
3 2 2 3 0 
1 1 0 0 0 
4 1 3 1 3 
2 2 2 0 0 
1 16 0 0 0
5x7
6 1 2 2 2 3 1 
2 1 2 0 0 0 0 
4 1 3 1 3 0 0 
2 2 2 0 0 0 0 
1 16 0 0 0 0 0
5x5
3 2 2 3 0 
1 2 0 0 0 
4 1 3 1 3 
2 2 2 0 0 
1 16 0 0 0
#7 1 1 0
0 1 group.43 2 1 0
1 1 group.44 1 3 0
2 1 min.31 2 1 0
3 1 group.39 1 1 0
4 1 group.43 2 3 0
5 1 min.30 1 1 0
6 1 min.31 3 1 0
#7 1 1 1
0 1 group.43 2 1 12
1 1 group.44 1 3 0
2 1 min.31 2 1 1
3 1 group.39 1 1 3
4 1 group.43 2 3 3
5 1 min.30 1 1 0
6 1 min.31 3 1 1
#7 1 1 10
0 1 group.43 2 1 3
1 1 group.44 1 3 0
2 1 min.31 2 1 0
3 1 group.39 1 1 4
4 1 group.43 2 3 12
5 1 min.30 1 1 1
6 1 min.31 3 1 1
#7 1 1 11
0 1 group.43 2 1 15
1 1 group.44 1 3 0
2 1 min.31 2 1 1
3 1 group.39 1 1 7
4 1 group.43 2 3 15
5 1 min.30 1 1 1
6 1 min.31 3 1 3
#7 1 1 12
0 1 group.43 2 1 63
1 1 group.44 1 3 7
2 1 min.31 2 1 2
3 1 group.39 1 1 55
4 1 group.43 2 3 15
5 1 min.30 1 1 2
6 1 min.31 3 1 0
#7 1 1 13
0 1 group.43 2 1 51
1 1 group.44 1 3 7
2 1 min.31 2 1 3
3 1 group.39 1 1 52
4 1 group.43 2 3 12
5 1 min.30 1 1 2
6 1 min.31 3 1 1
#7 1 1 14
0 1 group.43 2 1 15
1 1 group.44 1 3 4
2 1 min.31 2 1 0
3 1 group.39 1 1 55
4 1 group.43 2 3 15
5 1 min.30 1 1 3
6 1 min.31 3 1 1
#7 1 1 15
0 1 group.43 2 1 3
1 1 group.44 1 3 4
2 1 min.31 2 1 1
3 1 group.39 1 1 52
4 1 group.43 2 3 12
5 1 min.30 1 1 3
6 1 min.31 3 1 3
#7 1 1 2
0 1 group.43 2 1 48
1 1 group.44 1 3 3
2 1 min.31 2 1 2
3 1 group.39 1 1 0
4 1 group.43 2 3 0
5 1 min.30 1 1 1
6 1 min.31 3 1 1
#7 1 1 3
0 1 group.43 2 1 60
1 1 group.44 1 3 3
2 1 min.31 2 1 3
3 1 group.39 1 1 3
4 1 group.43 2 3 3
5 1 min.30 1 1 1
6 1 min.31 3 1 3
#7 1 1 4
0 1 group.43 2 1 12
1 1 group.44 1 3 4
2 1 min.31 2 1 0
3 1 group.39 1 1 51
4 1 group.43 2 3 3
5 1 min.30 1 1 2
6 1 min.31 3 1 0
#7 1 1 5
0 1 group.43 2 1 0
1 1 group.44 1 3 4
2 1 min.31 2 1 1
3 1 group.39 1 1 48
4 1 group.43 2 3 0
5 1 min.30 1 1 2
6 1 min.31 3 1 1
#7 1 1 6
0 1 group.43 2 1 60
1 1 group.44 1 3 7
2 1 min.31 2 1 2
3 1 group.39 1 1 51
4 1 group.43 2 3 3
5 1 min.30 1 1 3
6 1 min.31 3 1 1
#7 1 1 7
0 1 group.43 2 1 48
1 1 group.44 1 3 7
2 1 min.31 2 1 3
3 1 group.39 1 1 48
4 1 group.43 2 3 0
5 1 min.30 1 1 3
6 1 min.31 3 1 3
#7 1 1 8
0 1 group.43 2 1 51
1 1 group.44 1 3 3
2 1 min.31 2 1 2
3 1 group.39 1 1 4
4 1 group.43 2 3 12
5 1 min.30 1 1 0
6 1 min.31 3 1 0
#7 1 1 9
0 1 group.43 2 1 63
1 1 group.44 1 3 3
2 1 min.31 2 1 3
3 1 group.39 1 1 7
4 1 group.43 2 3 15
5 1 min.30 1 1 0
6 1 min.31 3 1 1
#7 1 2 0
0 1 group.43 2 4 0
1 1 group.44 1 5 0
2 1 min.31 2 2 0
3 1 group.39 1 4 0
4 1 group.43 2 5 0
5 1 min.30 1 2 0
6 1 min.31 3 2 0
#7 1 2 1
0 1 group.43 2 4 1
1 1 group.44 1 5 5
2 1 min.31 2 2 1
3 1 group.39 1 4 1
4 1 group.43 2 5 6
5 1 min.30 1 2 1
6 1 min.31 3 2 3
#7 1 2 2
0 1 group.43 2 4 0
1 1 group.44 1 5 3
2 1 min.31 2 2 0
3 1 group.39 1 4 0
4 1 group.43 2 5 9
5 1 min.30 1 2 0
6 1 min.31 3 2 5
#7 1 2 3
0 1 group.43 2 4 1
1 1 group.44 1 5 6
2 1 min.31 2 2 1
3 1 group.39 1 4 1
4 1 group.43 2 5 15
5 1 min.30 1 2 1
6 1 min.31 3 2 6
#7 2 1 0
0 1 group.43 1 1 0
1 1 group.44 1 1 0
2 1 min.31 1 1 0
3 1 group.39 1 3 0
4 1 group.43 1 3 0
5 1 min.30 1 1 0
6 1 min.31 2 1 0
#7 2 1 1
0 1 group.43 1 1 12
1 1 group.44 1 1 3
2 1 min.31 1 1 4
3 1 group.39 1 3 4
4 1 group.43 1 3 0
5 1 min.30 1 1 2
6 1 min.31 2 1 0
#7 2 1 10
0 1 group.43 1 1 3
1 1 group.44 1 1 0
2 1 min.31 1 1 0
3 1 group.39 1 3 2
4 1 group.43 1 3 12
5 1 min.30 1 1 1
6 1 min.31 2 1 1
#7 2 1 11
0 1 group.43 1 1 15
1 1 group.44 1 1 3
2 1 min.31 1 1 4
3 1 group.39 1 3 6
4 1 group.43 1 3 12
5 1 min.30 1 1 3
6 1 min.31 2 1 1
#7 2 1 12
0 1 group.43 1 1 63
1 1 group.44 1 1 63
2 1 min.31 1 1 14
3 1 group.39 1 3 2
4 1 group.43 1 3 15
5 1 min.30 1 1 0
6 1 min.31 2 1 2
#7 2 1 13
0 1 group.43 1 1 51
1 1 group.44 1 1 60
2 1 min.31 1 1 4
3 1 group.39 1 3 6
4 1 group.43 1 3 15
5 1 min.30 1 1 2
6 1 min.31 2 1 2
#7 2 1 14
0 1 group.43 1 1 15
1 1 group.44 1 1 51
2 1 min.31 1 1 4
3 1 group.39 1 3 2
4 1 group.43 1 3 15
5 1 min.30 1 1 1
6 1 min.31 2 1 3
#7 2 1 15
0 1 group.43 1 1 3
1 1 group.44 1 1 48
2 1 min.31 1 1 0
3 1 group.39 1 3 6
4 1 group.43 1 3 15
5 1 min.30 1 1 3
6 1 min.31 2 1 3
#7 2 1 2
0 1 group.43 1 1 48
1 1 group.44 1 1 12
2 1 min.31 1 1 4
3 1 group.39 1 3 0
4 1 group.43 1 3 0
5 1 min.30 1 1 1
6 1 min.31 2 1 1
#7 2 1 3
0 1 group.43 1 1 60
1 1 group.44 1 1 15
2 1 min.31 1 1 14
3 1 group.39 1 3 4
4 1 group.43 1 3 0
5 1 min.30 1 1 3
6 1 min.31 2 1 1
#7 2 1 4
0 1 group.43 1 1 12
1 1 group.44 1 1 51
2 1 min.31 1 1 4
3 1 group.39 1 3 0
4 1 group.43 1 3 3
5 1 min.30 1 1 0
6 1 min.31 2 1 2
#7 2 1 5
0 1 group.43 1 1 0
1 1 group.44 1 1 48
2 1 min.31 1 1 0
3 1 group.39 1 3 4
4 1 group.43 1 3 3
5 1 min.30 1 1 2
6 1 min.31 2 1 2
#7 2 1 6
0 1 group.43 1 1 60
1 1 group.44 1 1 63
2 1 min.31 1 1 14
3 1 group.39 1 3 0
4 1 group.43 1 3 3
5 1 min.30 1 1 1
6 1 min.31 2 1 3
#7 2 1 7
0 1 group.43 1 1 48
1 1 group.44 1 1 60
2 1 min.31 1 1 4
3 1 group.39 1 3 4
4 1 group.43 1 3 3
5 1 min.30 1 1 3
6 1 min.31 2 1 3
#7 2 1 8
0 1 group.43 1 1 51
1 1 group.44 1 1 12
2 1 min.31 1 1 4
3 1 group.39 1 3 2
4 1 group.43 1 3 12
5 1 min.30 1 1 0
6 1 min.31 2 1 0
#7 2 1 9
0 1 group.43 1 1 63
1 1 group.44 1 1 15
2 1 min.31 1 1 14
3 1 group.39 1 3 6
4 1 group.43 1 3 12
5 1 min.30 1 1 2
6 1 min.31 2 1 0
#7 2 2 0
0 1 group.43 1 4 0
1 1 group.44 1 4 0
2 1 min.31 1 2 0
3 1 group.39 1 5 0
4 1 group.43 1 5 0
5 1 min.30 1 2 0
6 1 min.31 2 2 0
#7 2 2 1
0 1 group.43 1 4 8
1 1 group.44 1 4 0
2 1 min.31 1 2 0
3 1 group.39 1 5 3
4 1 group.43 1 5 6
5 1 min.30 1 2 0
6 1 min.31 2 2 0
#7 2 2 2
0 1 group.43 1 4 6
1 1 group.44 1 4 3
2 1 min.31 1 2 3
3 1 group.39 1 5 4
4 1 group.43 1 5 4
5 1 min.30 1 2 1
6 1 min.31 2 2 1
#7 2 2 3
0 1 group.43 1 4 14
1 1 group.44 1 4 3
2 1 min.31 1 2 3
3 1 group.39 1 5 7
4 1 group.43 1 5 2
5 1 min.30 1 2 1
6 1 min.31 2 2 1
