#15
5x3
1 4 0 
1 1 0 
1 2 0 
2 4 4 
1 16 0
5x3
1 4 0 
1 1 0 
1 3 0 
2 4 4 
1 16 0
5x3
1 4 0 
1 1 0 
2 2 3 
2 4 4 
1 16 0
5x3
1 4 0 
1 2 0 
1 3 0 
2 4 4 
1 16 0
5x3
1 4 0 
2 1 3 
1 2 0 
2 4 4 
1 16 0
5x3
1 4 0 
2 1 2 
1 3 0 
2 4 4 
1 16 0
5x3
1 4 0 
2 1 3 
2 2 3 
2 4 4 
1 16 0
5x3
1 1 0 
1 2 0 
1 3 0 
2 4 4 
1 16 0
5x3
2 3 4 
1 1 0 
1 2 0 
2 4 4 
1 16 0
5x3
2 2 4 
1 1 0 
1 3 0 
2 4 4 
1 16 0
5x3
2 3 4 
1 1 0 
2 2 3 
2 4 4 
1 16 0
5x3
2 4 1 
1 2 0 
1 3 0 
2 4 4 
1 16 0
5x3
2 3 4 
2 1 3 
1 2 0 
2 4 4 
1 16 0
5x3
2 2 4 
2 1 2 
1 3 0 
2 4 4 
1 16 0
5x3
2 3 4 
2 1 3 
2 2 3 
2 4 4 
1 16 0
