[[9,18,-5,-11,0,1],1762]
[[-11,11,11,-7,-2,1],2277]
[[8,24,-2,-14,0,1],2482]
[[16,32,0,-13,-1,1],2486]
[[-31,30,17,-12,-2,1],2649]
[[10,58,6,-15,-1,1],2722]
[[-4,8,8,-9,-1,1],2882]
[[41,49,-1,-14,-1,1],3285]
[[-5,6,31,-15,-2,1],3427]
[[17,45,7,-20,-1,1],3437]
[[1,9,9,-10,-2,1],3503]
[[-4,16,12,-11,-1,1],3614]
[[19,34,2,-13,-2,1],3819]
[[-7,13,13,-9,-2,1],3973]
[[-80,56,40,-20,-2,1],4048]
[[-52,52,13,-17,-1,1],4082]
[[-4,-6,23,-10,-2,1],4253]
[[-101,62,39,-19,-2,1],4370]
[[1,5,-12,-19,-1,1],4535]
[[2,-24,42,-15,-2,1],4570]
[[7,14,-7,-11,0,1],4634]
[[-2,10,26,-17,-2,1],4774]
[[5,22,9,-9,-2,1],4978]
[[9,0,-27,-19,-1,1],5031]
[[-17,50,0,-15,0,1],5125]
[[38,45,-7,-19,-2,1],5447]
[[-12,44,-1,-17,-1,1],5518]
[[23,36,-11,-17,0,1],5522]
[[-33,7,31,-13,-2,1],5567]
[[1,-21,36,-15,-1,1],5567]
[[-39,27,21,-14,-1,1],6093]
[[8,19,-3,-12,-1,1],6131]
[[-53,34,21,-12,-2,1],6215]
[[-17,20,11,-10,-2,1],6327]
[[-6,-61,84,-25,-2,1],6359]
[[-8,37,-8,-23,-2,1],6372]
[[-5,6,11,-8,-2,1],6523]
[[3,10,-5,-10,0,1],6625]
[[13,50,9,-15,-2,1],6662]
[[-4,-4,24,-15,-1,1],6770]
[[-4,16,-2,-13,-1,1],6906]
[[-44,54,25,-19,-1,1],6922]
[[-64,63,42,-24,-2,1],7019]
[[6,19,-2,-10,0,1],7096]
[[-16,9,26,-15,-2,1],7288]
[[112,108,-5,-21,-1,1],7518]
[[45,43,-15,-19,-1,1],7544]
[[10,30,0,-13,-1,1],7610]
[[-1,-1,26,-21,-1,1],7649]
[[-12,-21,42,-14,-2,1],7992]
[[-20,-1,33,-16,-1,1],8081]
[[-4,32,13,-12,-2,1],8083]
[[9,33,11,-20,-1,1],8095]
[[27,-89,87,-25,-2,1],8105]
[[-114,82,38,-24,-1,1],8136]
[[2,-18,46,-25,-1,1],8170]
[[-9,11,11,-10,-1,1],8173]
[[-64,72,29,-18,-2,1],8223]
[[35,57,7,-16,-1,1],8311]
[[-11,57,0,-21,-1,1],8351]
[[73,70,-13,-19,0,1],8486]
[[13,10,-25,-17,0,1],8494]
[[-1,17,12,-12,-1,1],8656]
[[-5,25,-3,-20,-1,1],8705]
[[-29,90,13,-19,-1,1],8815]
[[-63,89,22,-21,-1,1],8847]
[[-28,64,14,-17,-1,1],8946]
[[81,102,-3,-21,-1,1],9027]
[[71,91,4,-19,-1,1],9213]
[[-3,4,15,-9,-2,1],9226]
[[-18,40,4,-21,-2,1],9330]
[[11,105,8,-21,-1,1],9373]
[[2,12,-2,-11,-1,1],9430]
[[12,2,-43,-29,-1,1],9502]
[[16,36,-1,-16,-2,1],9571]
[[-40,44,14,-17,-1,1],9578]
[[41,41,-17,-17,0,1],9635]
[[-54,61,32,-22,-2,1],9663]
[[-3,64,-11,-31,-1,1],9669]
[[-11,8,15,-9,-2,1],9742]
[[30,51,-14,-18,0,1],10104]
[[-6,33,48,-26,-2,1],10224]
[[-45,116,-7,-25,0,1],10267]
[[-50,33,21,-13,-2,1],10409]
[[-101,139,38,-33,-1,1],10417]
[[-11,42,-20,-27,-2,1],10433]
[[-8,-12,66,-25,-2,1],10454]
[[64,136,0,-26,-1,1],10463]
[[-9,-54,-84,-33,0,1],10557]
[[-18,38,0,-23,-2,1],10606]
[[1,90,15,-22,-2,1],10687]
[[-1,10,-17,-19,-1,1],10743]
[[-75,100,0,-25,0,1],10875]
[[8,48,4,-16,-1,1],10904]
[[17,18,-15,-18,-2,1],10931]
[[-1,22,25,-23,-1,1],11053]
[[14,90,30,-31,-1,1],11086]
[[-329,182,43,-29,-1,1],11151]
[[-9,0,27,-16,-2,1],11169]
[[27,10,-31,-19,0,1],11246]
[[54,99,-6,-22,0,1],11320]
[[45,63,-3,-21,0,1],11349]
[[-245,49,89,-29,-2,1],11371]
[[-8,10,20,-13,-2,1],11496]
[[-1,-21,37,-13,-2,1],11699]
[[-81,35,41,-21,-1,1],11723]
[[61,46,-35,-29,-2,1],12006]
[[-44,74,-4,-22,0,1],12040]
[[9,140,22,-23,-2,1],12061]
[[-32,56,10,-20,-2,1],12142]
[[13,34,4,-13,-2,1],12173]
[[20,-86,101,-31,-1,1],12262]
[[-15,6,24,-11,-2,1],12267]
[[17,10,-65,-33,0,1],12326]
[[-9,36,-7,-17,0,1],12490]
[[-3,-7,25,-13,-2,1],12679]
[[25,30,-16,-17,0,1],12685]
[[-84,52,36,-19,-2,1],12694]
[[-281,187,57,-30,-2,1],12731]
[[46,14,-42,-23,0,1],12882]
[[-184,134,32,-26,-2,1],12888]
[[-1,2,15,-13,-2,1],13030]
[[70,118,24,-23,-2,1],13066]
[[-34,16,28,-13,-2,1],13086]
[[8,64,30,-20,-2,1],13178]
[[83,171,31,-28,-2,1],13255]
[[331,254,-19,-32,0,1],13315]
[[5,17,-3,-12,-1,1],13363]
[[-361,251,38,-32,-1,1],13522]
[[1,24,67,-36,-2,1],13571]
[[1,-33,-55,-23,0,1],13613]
[[-233,71,85,-30,-2,1],13889]
[[-16,41,-8,-22,0,1],13960]
[[42,102,6,-20,-1,1],14040]
[[124,82,-34,-25,0,1],14248]
[[11,85,8,-19,-1,1],14315]
[[-101,24,81,-30,-2,1],14339]
[[-11,99,-11,-27,-1,1],14421]
[[79,90,-8,-19,0,1],14443]
[[5,24,-7,-16,0,1],14501]
[[-1,-18,35,-13,-2,1],14510]
[[26,4,-38,-23,-1,1],14570]
[[12,12,-18,-19,-1,1],14598]
[[5,195,70,-41,-1,1],14635]
[[-6,27,15,-11,-2,1],14697]
[[-28,83,-3,-27,0,1],14779]
[[-1,12,13,-10,-2,1],14815]
[[-3,7,15,-12,-1,1],14845]
[[-225,180,27,-33,-1,1],15045]
[[16,-170,160,-38,-2,1],15048]
[[1,14,1,-12,-2,1],15151]
[[-11,47,7,-17,-1,1],15192]
[[-61,52,74,-29,-2,1],15335]
[[39,113,2,-26,-1,1],15352]
[[5,-1,-23,-17,0,1],15733]
[[-32,33,58,-33,-2,1],15752]
[[-212,32,91,-29,-2,1],16181]
[[-168,156,18,-31,-1,1],16326]
[[4,231,14,-34,-2,1],16328]
[[19,52,4,-19,-2,1],16445]
[[25,69,25,-19,-2,1],16463]
[[-44,120,7,-30,-2,1],16601]
[[11,15,-29,-25,-2,1],16621]
[[1,12,13,-33,-2,1],16811]
[[9,166,-5,-27,0,1],16894]
[[72,40,-98,-42,0,1],16894]
[[12,23,-2,-14,-2,1],16936]
[[109,40,-58,-29,0,1],16961]
[[-414,194,62,-33,-1,1],17030]
[[-169,102,47,-27,-2,1],17166]
[[6,-3,-45,-26,-1,1],17289]
[[15,-82,125,-41,-1,1],17381]
[[536,332,-30,-36,0,1],17474]
[[-4,35,-45,-35,0,1],17625]
[[8,35,6,-13,-2,1],17720]
[[4,19,-8,-19,-2,1],17809]
[[306,301,-1,-34,-1,1],17831]
[[-9,-47,-63,-25,0,1],17859]
[[-8,43,38,-22,-2,1],17880]
[[-20,40,0,-17,0,1],18010]
[[136,220,-6,-32,0,1],18034]
[[-9,-9,39,-20,-1,1],18135]
[[23,106,1,-28,-2,1],18135]
[[25,210,27,-28,-2,1],18163]
[[-9,29,9,-25,-1,1],18172]
[[17,46,7,-15,-2,1],18230]
[[-24,20,30,-25,-1,1],18386]
[[-31,-6,45,-19,-1,1],18607]
[[-217,186,31,-37,-2,1],18662]
[[31,-96,86,-23,-2,1],18683]
[[-106,178,26,-32,-1,1],18936]
[[-8,155,34,-36,-2,1],18995]
[[33,129,-3,-26,-1,1],19089]
[[-1,21,-9,-27,-2,1],19127]
[[-69,43,32,-19,-1,1],19139]
[[-476,324,40,-40,-1,1],19304]
[[-98,105,84,-34,-2,1],19376]
[[55,108,21,-22,-2,1],19513]
[[6,2,-22,-19,-1,1],19546]
[[32,58,5,-16,-1,1],19549]
[[121,165,13,-29,-1,1],19580]
[[-116,104,24,-27,-2,1],19622]
[[-313,217,36,-32,-1,1],19720]
[[-376,241,40,-31,-1,1],19743]
[[-10,35,5,-26,-1,1],19745]
[[-47,98,8,-25,-2,1],19755]
[[9,-61,108,-40,-1,1],19784]
[[-232,118,44,-23,-2,1],19864]
[[25,100,55,-29,-2,1],20070]
[[4,29,0,-15,-1,1],20231]
[[-13,0,39,-16,-2,1],20345]
[[111,78,-23,-21,0,1],20358]
[[305,235,-25,-38,-1,1],20385]
[[30,-27,-90,-41,-2,1],20484]
[[-38,42,22,-18,-1,1],20496]
[[-76,4,76,-29,-1,1],20518]
[[14,-9,-44,-25,-1,1],20567]
[[-122,421,37,-44,-1,1],20617]
[[259,232,-20,-31,0,1],20671]
[[17,4,-29,-18,0,1],20867]
[[101,166,-9,-26,0,1],20893]
[[-822,421,63,-42,-1,1],21079]
[[209,194,7,-27,-2,1],21154]
[[191,244,22,-33,-2,1],21227]
[[4,-77,82,-22,-2,1],21448]
[[-46,23,92,-32,-2,1],21528]
[[-472,204,66,-30,-2,1],21614]
[[1,28,26,-23,-2,1],21629]
[[3,57,12,-20,-1,1],21672]
[[-555,232,75,-33,-2,1],21766]
[[-153,88,35,-19,-2,1],21774]
[[189,225,12,-35,-1,1],21817]
[[-8,-83,-107,-37,0,1],21827]
[[-58,86,82,-45,-2,1],21910]
[[-613,339,49,-38,-1,1],21967]
[[399,327,-15,-41,-2,1],22059]
[[4,-14,-43,-22,0,1],22115]
[[7,30,7,-12,-2,1],22183]
[[59,59,-59,-37,0,1],22361]
[[-68,82,17,-19,-1,1],22446]
[[7,-60,115,-37,-1,1],22463]
[[-81,3,103,-42,-1,1],22517]
[[32,292,106,-49,-2,1],22643]
[[-135,108,48,-25,-2,1],22721]
[[-166,494,58,-45,-2,1],22802]
[[-262,240,10,-37,-1,1],22894]
[[-48,130,112,-42,-2,1],22968]
[[244,160,-37,-30,0,1],23011]
[[26,58,14,-18,-1,1],23024]
[[-67,85,19,-20,-1,1],23051]
[[289,283,-28,-40,-1,1],23148]
[[-175,150,30,-27,-2,1],23285]
[[5,13,-17,-28,-1,1],23421]
[[-196,148,38,-31,-1,1],23434]
[[-652,459,69,-45,-2,1],23443]
[[-25,3,34,-17,-1,1],23461]
[[-80,12,84,-31,-2,1],23573]
[[-416,112,116,-38,-2,1],23608]
[[1044,614,-35,-51,-1,1],23670]
[[-3,-13,35,-17,-1,1],23720]
[[-120,104,20,-24,-1,1],23728]
[[105,-274,207,-49,-1,1],23789]
[[22,28,-22,-21,-1,1],23818]
[[26,52,-26,-25,0,1],23842]
[[-16,66,-25,-25,0,1],24067]
[[-65,276,71,-40,-2,1],24121]
[[-494,163,100,-36,-2,1],24136]
[[-486,252,52,-33,-1,1],24166]
[[-123,164,41,-27,-2,1],24190]
[[27,177,30,-42,-1,1],24210]
[[399,364,14,-43,-2,1],24213]
[[-16,58,11,-16,-1,1],24313]
[[-352,140,126,-45,-2,1],24419]
[[-246,110,68,-33,-1,1],24446]
[[750,475,-40,-45,0,1],24760]
[[29,17,-28,-21,-1,1],24763]
[[70,134,-6,-28,-1,1],24808]
[[-44,82,-7,-27,-1,1],25058]
[[-87,210,33,-29,-2,1],25074]
[[19,22,-22,-25,-2,1],25185]
[[40,150,-5,-25,0,1],25375]
[[-20,-45,115,-37,-2,1],25385]
[[7,5,-21,-21,-2,1],25435]
[[36,-180,168,-44,-1,1],25560]
[[-180,90,45,-22,-2,1],25605]
[[-185,45,71,-25,-2,1],25715]
[[-88,82,29,-23,-2,1],25723]
[[1,84,9,-34,-2,1],25771]
[[25,34,-7,-14,0,1],25789]
[[-80,88,12,-23,-1,1],25838]
[[575,362,-33,-38,0,1],25869]
[[25,-25,-73,-33,-1,1],25880]
[[273,173,-39,-37,-2,1],25897]
[[-192,178,45,-42,-1,1],26059]
[[-67,290,0,-35,0,1],26125]
[[176,89,-104,-50,0,1],26171]
[[352,318,-7,-39,-2,1],26207]
[[-241,193,32,-28,-1,1],26216]
[[-27,58,23,-19,-2,1],26238]
[[-212,40,131,-43,-2,1],26265]
[[13,39,13,-21,-2,1],26273]
[[-251,176,40,-29,-1,1],26361]
[[-152,174,59,-40,-1,1],26503]
[[-32,58,-1,-23,-2,1],26591]
[[27,72,-24,-31,-2,1],26591]
[[90,103,-12,-31,0,1],26616]
[[-16,248,20,-44,-2,1],26658]
[[77,124,9,-23,-1,1],26731]
[[-232,420,48,-48,-2,1],26780]
[[-193,167,32,-27,-1,1],26843]
[[-505,356,64,-39,-2,1],26869]
[[28,78,7,-31,-1,1],26978]
[[6,15,-10,-30,0,1],27000]
[[136,119,-17,-23,0,1],27013]
[[65,175,15,-27,-2,1],27115]
[[-623,255,79,-34,-2,1],27133]
[[31,116,-6,-23,0,1],27169]
[[-72,292,-6,-40,0,1],27174]
[[12,28,-6,-33,-1,1],27314]
[[-67,127,-4,-45,-1,1],27413]
[[49,58,-15,-26,0,1],27433]
[[-4,-48,-152,-57,-1,1],27434]
[[427,160,-111,-47,0,1],27466]
[[28,-96,98,-31,-1,1],27518]
[[-25,-60,101,-33,-2,1],27546]
[[-41,73,16,-20,-1,1],27560]
[[-23,-4,37,-15,-2,1],27670]
[[-3,69,27,-22,-1,1],27711]
[[-40,-4,82,-31,-1,1],27738]
[[-20,39,66,-30,-2,1],27880]
[[-86,101,64,-30,-2,1],27883]
[[1206,749,-25,-54,-1,1],28003]
[[-38,349,25,-41,-2,1],28197]
[[128,4,-128,-48,0,1],28220]
[[5,48,20,-15,-2,1],28221]
[[-128,40,100,-35,-2,1],28332]
[[-44,96,1,-45,-1,1],28374]
[[-369,364,35,-39,-1,1],28413]
[[-11,27,5,-23,-2,1],28535]
[[11,8,-21,-18,0,1],28537]
[[143,118,-13,-22,0,1],28583]
[[157,112,-74,-47,-1,1],28585]
[[81,-266,201,-43,-2,1],28658]
[[260,-80,-200,-57,0,1],28690]
[[1,13,37,-25,-2,1],28897]
[[44,180,8,-33,-1,1],28934]
[[401,261,-26,-35,-1,1],28945]
[[-74,-63,104,-28,-2,1],28976]
[[-397,522,73,-55,-2,1],28982]
[[189,-402,271,-55,-2,1],29062]
[[285,285,0,-34,-1,1],29070]
[[-127,30,161,-51,-2,1],29118]
[[140,508,86,-58,-1,1],29288]
[[487,364,-17,-45,-2,1],29474]
[[-100,110,33,-22,-2,1],29527]
[[477,495,0,-44,-1,1],29592]
[[95,-76,-171,-57,0,1],29602]
[[-461,309,40,-36,-1,1],29640]
[[35,127,14,-24,-1,1],29666]
[[259,155,-74,-44,-1,1],29826]
[[-10,4,24,-17,-1,1],29914]
[[10,-47,60,-20,-2,1],29936]
[[-400,230,83,-47,-2,1],29943]
[[353,361,4,-38,-1,1],30022]
[[1,6,-11,-21,-2,1],30034]
[[351,180,-93,-45,0,1],30042]
[[161,248,52,-39,-2,1],30067]
[[-87,-67,169,-46,-2,1],30119]
[[49,88,7,-22,-2,1],30173]
[[419,483,55,-49,-2,1],30179]
[[82,184,42,-35,-2,1],30254]
[[64,152,19,-24,-2,1],30305]
[[-104,118,80,-38,-2,1],30392]
[[96,197,9,-34,-1,1],30421]
[[-7,20,24,-15,-2,1],30443]
[[-14,18,14,-13,-1,1],30466]
[[164,-120,-228,-67,-1,1],30490]
[[74,11,-84,-41,0,1],30552]
[[-34,49,11,-17,-2,1],30559]
[[-88,85,46,-31,-1,1],30689]
[[179,198,18,-27,-2,1],30827]
[[-250,265,36,-54,-2,1],30832]
[[-55,113,11,-32,-2,1],30897]
[[171,99,-63,-38,-1,1],30915]
[[31,24,-25,-23,-2,1],30922]
[[-2,-50,-82,-37,-1,1],31014]
[[5,31,-5,-25,0,1],31031]
[[-18,-77,-103,-43,-2,1],31107]
[[47,106,-11,-23,0,1],31190]
[[351,270,-21,-34,0,1],31231]
[[-153,186,-10,-33,0,1],31257]
[[-26,-120,-140,-51,-1,1],31306]
[[-42,60,12,-29,-1,1],31374]
[[-216,212,34,-34,-2,1],31390]
[[-13,-65,-91,-38,-1,1],31473]
[[-5,-58,-121,-49,-2,1],31554]
[[-26,50,22,-20,-1,1],31608]
[[9,117,45,-41,-2,1],31617]
[[-296,28,136,-40,-2,1],31736]
[[8,18,-7,-21,-2,1],31767]
[[12,52,32,-33,-1,1],31794]
[[-139,166,19,-31,-2,1],31842]
[[-180,156,24,-32,-1,1],31848]
[[-9,59,17,-15,-2,1],31851]
[[41,35,-45,-35,0,1],31875]
[[13,16,-15,-20,-2,1],31927]
[[-16,49,-18,-27,-2,1],32056]
[[-51,68,34,-23,-2,1],32113]
[[-272,156,85,-49,-1,1],32185]
[[88,124,-58,-43,0,1],32270]
[[-103,409,23,-41,-1,1],32283]
[[-27,216,-6,-37,0,1],32303]
[[-387,43,215,-58,-2,1],32379]
[[31,82,27,-27,-1,1],32383]
[[113,167,-15,-31,-1,1],32488]
[[147,28,-105,-49,-2,1],32606]
[[125,171,7,-32,-1,1],32611]
[[-245,161,36,-28,-1,1],32680]
[[-6,-50,-98,-55,-1,1],32698]
[[82,58,-36,-29,-1,1],32702]
[[-54,177,-2,-33,-1,1],32729]
[[-227,241,27,-32,-1,1],32797]
[[-4,26,-27,-28,-2,1],32849]
[[28,133,-12,-26,0,1],32872]
[[103,-240,171,-37,-2,1],32882]
[[6,55,-15,-43,-2,1],32921]
[[-441,112,131,-43,-2,1],32934]
[[-151,130,27,-27,-1,1],32945]
[[-108,153,42,-27,-2,1],32952]
[[-200,109,58,-26,-2,1],33012]
[[106,418,-60,-53,0,1],33034]
[[-107,283,33,-35,-2,1],33085]
[[28,69,-52,-38,0,1],33352]
[[-244,63,110,-40,-2,1],33385]
[[-155,334,55,-38,-2,1],33417]
[[214,83,-94,-44,0,1],33421]
[[10,10,-30,-27,0,1],33430]
[[-60,60,30,-26,-1,1],33480]
[[-847,385,91,-43,-2,1],33705]
[[-227,184,53,-34,-2,1],33711]
[[24,252,44,-34,-2,1],33720]
[[31,193,80,-52,-1,1],33768]
[[-86,97,28,-20,-2,1],33840]
[[58,137,16,-38,-2,1],33976]
[[-135,240,35,-41,-2,1],34030]
[[24,-3,-73,-39,0,1],34155]
[[24,135,50,-31,-2,1],34248]
[[-1881,666,135,-54,-2,1],34311]
[[14,-95,168,-44,-2,1],34352]
[[-101,245,-29,-44,-1,1],34443]
[[79,532,85,-53,-2,1],34470]
[[-24,46,0,-22,-2,1],34568]
[[76,56,-30,-25,-1,1],34574]
[[-429,272,59,-33,-2,1],34578]
[[-64,62,19,-21,-2,1],34651]
[[-29,440,45,-42,-2,1],34693]
[[67,124,-9,-29,0,1],34874]
[[-236,350,1,-47,-1,1],35010]
[[1455,840,-27,-64,-2,1],35145]
[[-15,26,13,-12,-2,1],35155]
[[-1,4,46,-19,-2,1],35163]
[[1617,938,-9,-62,-2,1],35197]
[[-256,-154,241,-57,-2,1],35213]
[[-28,-146,-163,-51,-1,1],35278]
[[-25,125,-5,-28,0,1],35335]
[[-548,269,71,-37,-2,1],35415]
[[51,102,-17,-24,0,1],35445]
[[-456,204,84,-38,-2,1],35496]
[[-13,36,57,-45,-2,1],35510]
[[-438,291,54,-43,-1,1],35523]
[[5,50,-3,-23,0,1],35610]
[[1446,816,-26,-55,-1,1],35670]
[[80,139,14,-23,-2,1],35720]
[[7,23,7,-15,-2,1],35767]
[[-1,128,18,-37,-2,1],35813]
[[-22,131,15,-24,-1,1],35905]
[[23,-311,269,-62,-1,1],36039]
[[-192,144,60,-44,-2,1],36090]
[[-32,0,88,-40,-1,1],36112]
[[-36,-164,206,-55,-1,1],36142]
[[32,-40,-110,-40,0,1],36250]
[[797,586,6,-47,-2,1],36349]
[[108,166,-5,-28,0,1],36361]
[[-229,39,119,-40,-2,1],36491]
[[-14,34,6,-24,-1,1],36520]
[[1,-64,-119,-48,-2,1],36551]
[[12,34,5,-16,-2,1],36579]
[[-285,65,110,-39,-1,1],36755]
[[7,19,-13,-15,0,1],36803]
[[299,373,-43,-56,-2,1],36923]
[[-284,136,60,-27,-2,1],36938]
[[36,-113,108,-33,-1,1],36953]
[[1,8,1,-23,-2,1],36982]
[[96,424,-22,-64,-2,1],37038]
[[-1,16,-26,-25,-2,1],37053]
[[-464,360,48,-39,-1,1],37130]
[[32,58,3,-26,-1,1],37147]
[[-488,540,74,-49,-2,1],37162]
[[711,501,-23,-46,-1,1],37301]
[[-160,200,-2,-38,0,1],37370]
[[24,89,58,-33,-1,1],37413]
[[3,15,-27,-31,-2,1],37521]
[[729,675,16,-67,-1,1],37545]
[[-238,553,56,-50,-2,1],37576]
[[319,346,18,-35,-2,1],37637]
[[88,148,30,-29,-2,1],37642]
[[-69,-11,77,-28,-1,1],37715]
[[1,12,-47,-43,-2,1],37726]
[[-13,-16,45,-16,-2,1],37777]
[[-351,429,39,-42,-1,1],37791]
[[-33,42,15,-17,-1,1],37845]
[[336,424,32,-52,-2,1],37912]
[[-49,63,15,-27,-2,1],37987]
[[1180,672,-37,-53,0,1],37987]
[[32,16,-176,-61,0,1],38006]
[[27,108,0,-41,-2,1],38007]
[[229,608,-9,-53,0,1],38022]
[[576,390,-23,-42,-1,1],38251]
[[18,9,-114,-57,-1,1],38319]
[[-9,5,38,-19,-1,1],38345]
[[106,227,-22,-34,0,1],38360]
[[-262,233,79,-46,-1,1],38403]
[[135,118,-23,-25,0,1],38414]
[[72,72,-94,-48,0,1],38466]
[[95,-18,-111,-45,-1,1],38489]
[[108,76,-59,-37,-1,1],38499]
[[-384,64,240,-63,-2,1],38554]
[[-2120,772,148,-59,-2,1],38601]
[[-908,442,93,-44,-2,1],38611]
[[-85,17,51,-19,-2,1],38641]
[[72,416,46,-52,-2,1],38734]
[[183,116,-44,-31,0,1],38789]
[[-96,112,12,-31,-1,1],38818]
[[392,241,-32,-35,-1,1],39007]
[[-308,286,11,-43,-1,1],39094]
[[3,-149,-187,-60,0,1],39229]
[[216,171,-52,-36,0,1],39240]
[[207,243,-6,-33,-1,1],39369]
[[378,252,-26,-33,0,1],39438]
[[247,246,17,-30,-2,1],39535]
[[2,19,-22,-23,-1,1],39537]
[[498,704,-12,-61,-1,1],39578]
[[57,-212,165,-37,-2,1],39782]
[[-68,41,27,-15,-2,1],39845]
[[64,105,-5,-25,0,1],39875]
[[320,304,-36,-48,0,1],39878]
[[-6,-35,96,-30,-2,1],39976]
[[-69,185,70,-42,-1,1],40158]
[[184,203,12,-27,-2,1],40237]
[[-376,332,40,-48,-2,1],40280]
[[330,231,-22,-30,0,1],40392]
[[464,350,-49,-50,-1,1],40403]
[[-1,25,-7,-35,-2,1],40441]
[[687,473,-22,-50,-1,1],40456]
[[162,486,-54,-60,-1,1],40472]
[[20,76,39,-69,-2,1],40481]
[[11,-140,197,-53,-2,1],40486]
[[120,164,-10,-31,-1,1],40498]
[[-2752,880,213,-77,-1,1],40514]
[[268,306,-5,-40,0,1],40603]
[[-21,80,-29,-45,-2,1],40687]
[[11,-78,-145,-61,-2,1],40742]
[[-8,58,-5,-23,-2,1],40887]
[[63,60,-21,-27,-2,1],40914]
[[-234,225,180,-58,-2,1],40923]
[[14,37,12,-15,-2,1],40924]
[[138,178,0,-27,-1,1],40934]
[[75,205,22,-43,-1,1],40935]
[[7,33,8,-16,-1,1],41008]
[[-485,355,45,-38,-1,1],41035]
[[16,-23,-104,-47,-1,1],41071]
[[-174,-152,238,-55,-2,1],41162]
[[1103,912,-101,-73,0,1],41166]
[[-80,110,30,-21,-2,1],41180]
[[-36,21,37,-17,-2,1],41231]
[[-16,128,28,-36,-2,1],41282]
[[-65,48,27,-18,-2,1],41287]
[[809,466,-45,-47,0,1],41302]
[[7,-263,258,-66,-1,1],41360]
[[-281,-75,196,-52,-1,1],41480]
[[-67,47,31,-22,-1,1],41481]
[[-796,545,93,-49,-2,1],41509]
[[660,454,-96,-58,0,1],41576]
[[-980,476,72,-45,-1,1],41654]
[[-1237,26,315,-69,-2,1],41722]
[[1240,724,-26,-53,-1,1],41746]
[[-11,-24,122,-37,-2,1],41771]
[[-427,405,54,-51,-1,1],41819]
[[-25,60,-2,-25,-1,1],41833]
[[261,182,-76,-43,0,1],41845]
[[33,53,-1,-16,-1,1],41947]
[[3,13,-15,-18,-1,1],41959]
[[175,197,-44,-41,-1,1],41997]
[[72,108,-48,-42,0,1],42012]
[[-144,360,-4,-57,-1,1],42074]
[[404,867,38,-60,-2,1],42145]
[[-4,27,-27,-27,-2,1],42157]
[[-17,206,-67,-49,0,1],42214]
[[-15,-95,105,-27,-2,1],42265]
[[-49,385,-42,-54,-1,1],42280]
[[16,383,46,-42,-2,1],42296]
[[-196,580,52,-52,-1,1],42360]
[[-329,493,95,-61,-2,1],42369]
[[-64,208,4,-37,-1,1],42414]
[[96,313,-54,-47,0,1],42468]
[[-7,-21,49,-20,-1,1],42469]
[[-5,101,43,-29,-1,1],42552]
[[-1022,212,216,-63,-1,1],42586]
[[104,120,-170,-70,0,1],42750]
[[320,309,-19,-43,0,1],42773]
[[-185,433,-110,-74,-1,1],42808]
[[79,43,-37,-23,0,1],42979]
[[997,699,-31,-55,0,1],43023]
[[-8,-257,226,-50,-2,1],43128]
[[200,385,-14,-57,-2,1],43165]
[[36,-59,-108,-38,0,1],43224]
[[-416,104,130,-42,-2,1],43342]
[[-35,340,35,-37,-2,1],43510]
[[-4,80,-16,-27,-1,1],43534]
[[-3249,1155,159,-72,-1,1],43623]
[[202,94,-102,-48,-1,1],43672]
[[-122,145,15,-35,-2,1],43697]
[[25,70,13,-43,-2,1],43703]
[[46,105,20,-22,-2,1],43816]
[[22,513,95,-61,-2,1],43829]
[[-30,141,24,-26,-2,1],43848]
[[-23,50,15,-15,-2,1],43942]
[[239,322,-11,-37,0,1],44014]
[[-69,91,11,-31,-2,1],44031]
[[19,38,-19,-19,0,1],44042]
[[64,39,-38,-25,0,1],44099]
[[2112,1164,3,-65,-2,1],44181]
[[-139,244,33,-35,-2,1],44186]
[[-150,-350,-252,-63,-1,1],44222]
[[28,165,109,-57,-2,1],44291]
[[361,523,-3,-50,0,1],44311]
[[-291,175,45,-31,-1,1],44321]
[[16,-70,92,-34,-2,1],44424]
[[148,164,-36,-57,0,1],44474]
[[12,-84,120,-44,-1,1],44496]
[[-41,232,17,-31,-1,1],44559]
[[-250,152,34,-25,-1,1],44586]
[[59,116,23,-35,-2,1],44694]
[[-1,20,-11,-16,0,1],44713]
[[-34,36,14,-15,-1,1],44770]
[[4,30,37,-27,-1,1],44790]
[[232,185,-24,-30,0,1],44824]
[[11,-59,73,-25,-2,1],44829]
[[-104,196,18,-33,-2,1],44846]
[[77,90,-5,-20,0,1],44875]
[[576,360,-120,-60,0,1],45000]
[[612,476,0,-44,-1,1],45016]
[[307,410,-11,-50,0,1],45023]
[[132,512,50,-57,-1,1],45110]
[[688,496,-100,-60,0,1],45118]
[[5,161,0,-30,-1,1],45154]
[[-810,756,0,-77,-2,1],45162]
[[-30,864,-10,-69,0,1],45210]
[[1580,925,-60,-62,0,1],45215]
[[53,56,-11,-17,0,1],45382]
[[-32,6,87,-34,-1,1],45463]
[[21,-106,143,-55,-1,1],45463]
[[-129,291,24,-35,-1,1],45495]
[[261,276,10,-41,-2,1],45515]
[[-100,-32,102,-33,-1,1],45542]
[[-164,131,58,-30,-2,1],45544]
[[29,-161,160,-44,-1,1],45592]
[[-52,111,60,-55,-1,1],45643]
[[492,340,-26,-39,0,1],45686]
[[-1159,890,33,-69,-1,1],45745]
[[202,133,-100,-51,-1,1],45761]
[[-256,168,47,-30,-1,1],45793]
[[864,600,-28,-52,-1,1],45835]
[[-121,220,-27,-46,0,1],46037]
[[480,336,-50,-51,0,1],46044]
[[-371,324,38,-55,-1,1],46091]
[[27,-113,108,-31,-1,1],46105]
[[-533,449,32,-48,-1,1],46184]
[[-128,-104,184,-46,-2,1],46196]
[[5,31,39,-29,-2,1],46217]
[[201,364,-21,-41,0,1],46334]
[[619,392,-95,-59,-1,1],46359]
[[189,177,-55,-51,0,1],46377]
[[216,611,90,-58,-2,1],46408]
[[689,521,-33,-47,0,1],46545]
[[108,405,-68,-54,0,1],46584]
[[77,384,51,-42,-2,1],46655]
[[15,44,7,-38,-2,1],46679]
[[2,-1,-37,-53,0,1],46705]
[[31,11,-69,-43,-2,1],46967]
[[-89,96,37,-31,-1,1],47021]
[[-8,63,34,-37,-1,1],47027]
[[2,-38,98,-41,-2,1],47062]
[[-1445,408,192,-63,-1,1],47083]
[[10,-78,102,-37,-1,1],47186]
[[100,120,-70,-76,-1,1],47380]
[[-17,62,-18,-27,0,1],47387]
[[186,130,-42,-34,-1,1],47440]
[[-1344,528,135,-58,-1,1],47511]
[[-98,314,64,-53,-1,1],47526]
[[6,46,-54,-48,-1,1],47672]
[[196,514,-4,-62,0,1],47720]
[[24,204,24,-32,-2,1],47736]
[[2572,1085,-85,-65,0,1],47875]
[[291,340,-21,-44,0,1],47941]
[[-1,22,-107,-55,-2,1],47970]
[[-26,81,12,-22,-2,1],48056]
[[-9,44,-37,-41,0,1],48254]
[[41,104,17,-27,-1,1],48347]
[[10,25,0,-23,-1,1],48455]
[[256,243,4,-33,-1,1],48471]
[[-233,502,-139,-75,0,1],48482]
[[211,337,27,-44,-1,1],48569]
[[-2116,710,177,-67,-1,1],48590]
[[6,184,-54,-45,-1,1],48622]
[[-252,189,42,-29,-2,1],48636]
[[-370,179,55,-27,-2,1],48667]
[[345,512,-6,-59,-2,1],48683]
[[23,107,-3,-23,0,1],48687]
[[-519,264,151,-61,-1,1],48765]
[[263,313,-10,-38,-1,1],48888]
[[-473,98,151,-47,-2,1],48958]
[[-559,243,108,-48,-1,1],49048]
[[-10,11,21,-13,-2,1],49073]
[[37,-63,-103,-35,0,1],49109]
[[-23,42,3,-19,-2,1],49138]
[[-1,5,23,-20,-1,1],49141]
[[576,594,60,-53,-2,1],49176]
[[291,251,1,-33,-2,1],49189]
[[-25,90,47,-37,-2,1],49198]
[[-873,472,54,-45,-1,1],49243]
[[49,152,93,-40,-2,1],49255]
[[-336,278,47,-46,-1,1],49261]
[[784,654,-5,-56,-1,1],49315]
[[-186,133,37,-28,-1,1],49353]
[[-3,-138,-157,-48,0,1],49383]
[[792,504,-54,-57,-2,1],49395]
[[-120,76,74,-34,-2,1],49406]
[[33,57,6,-17,-1,1],49437]
[[128,-56,-204,-72,-1,1],49463]
[[-528,636,-64,-72,0,1],49608]
[[-5,22,-5,-23,-2,1],49626]
[[1191,666,-47,-51,0,1],49635]
[[176,311,38,-38,-2,1],49752]
[[-8,84,-2,-51,-1,1],49782]
[[-1,103,-7,-51,-1,1],49828]
[[43,9,-93,-48,-1,1],49901]
[[109,183,-35,-40,-1,1],49913]
[[-3,121,-31,-31,0,1],49933]
[[-881,158,187,-51,-2,1],49942]
[[1043,274,-218,-73,0,1],49945]
[[-164,312,48,-43,-1,1],49982]
[[266,202,-10,-28,-1,1],50072]
[[-831,287,155,-51,-2,1],50211]
[[-10,15,35,-27,-2,1],50215]
[[-33,113,-28,-40,-1,1],50248]
[[243,275,-11,-54,-1,1],50283]
[[651,316,-67,-42,0,1],50315]
[[-153,177,50,-42,-1,1],50360]
[[-574,239,164,-53,-2,1],50373]
[[-32,40,78,-30,-2,1],50434]
[[-167,210,-16,-37,0,1],50439]
[[189,276,3,-33,-1,1],50445]
[[-297,49,116,-39,-1,1],50499]
[[209,114,-95,-55,0,1],50502]
[[-2338,854,140,-59,-2,1],50526]
[[-1352,416,226,-68,-2,1],50570]
[[-9,-66,-128,-51,-2,1],50573]
[[204,182,-44,-50,0,1],50584]
[[208,180,-77,-68,0,1],50589]
[[22,127,6,-27,-1,1],50605]
[[329,754,13,-55,-1,1],50693]
[[-638,293,104,-46,-2,1],50697]
[[268,194,-54,-47,0,1],50712]
[[53,84,5,-24,-2,1],50745]
[[-1,-29,62,-29,-1,1],50769]
[[-152,305,-40,-50,0,1],50875]
[[-247,198,53,-45,-2,1],50910]
[[169,204,-16,-47,0,1],50945]
[[1086,566,-50,-51,-1,1],50958]
[[1031,984,15,-63,-2,1],50962]
[[3,34,35,-19,-2,1],50970]
[[-1142,897,-5,-74,-1,1],50981]
[[8,-116,-182,-61,-1,1],50982]
[[-467,1260,81,-73,-2,1],50990]
[[-7,-48,-97,-49,-1,1],51037]
[[-73,-38,151,-55,-1,1],51045]
[[26,54,6,-16,-1,1],51080]
[[-199,523,29,-47,-1,1],51084]
[[720,420,-136,-72,0,1],51120]
[[47,723,22,-56,-1,1],51146]
[[1756,1298,24,-70,-2,1],51152]
[[132,256,54,-37,-2,1],51302]
[[409,451,-1,-55,-2,1],51333]
[[-23,27,23,-16,-1,1],51385]
[[11,40,5,-31,-1,1],51413]
[[-769,500,119,-65,-2,1],51426]
[[-2794,1086,186,-78,-1,1],51472]
[[-168,268,42,-33,-2,1],51478]
[[187,568,27,-53,-2,1],51482]
[[-931,169,279,-78,-1,1],51509]
[[-7,-87,-133,-48,-1,1],51571]
[[-6,42,-6,-20,-1,1],51624]
[[254,316,22,-49,-1,1],51702]
[[-548,463,52,-47,-2,1],51723]
[[149,203,31,-30,-2,1],52001]
[[258,224,-66,-47,-1,1],52006]
[[-61,34,65,-41,-1,1],52065]
[[12,120,30,-29,-1,1],52146]
[[-316,172,170,-59,-1,1],52182]
[[-25,-155,-241,-67,0,1],52267]
[[-369,513,78,-62,-1,1],52452]
[[47,42,-30,-27,-2,1],52523]
[[-96,287,43,-35,-2,1],52535]
[[-401,309,74,-46,-1,1],52582]
[[-14,-36,82,-33,-1,1],52590]
[[58,59,-34,-27,0,1],52643]
[[-1,14,-3,-18,0,1],52661]
[[-324,297,54,-38,-2,1],52668]
[[-770,289,88,-36,-2,1],52688]
[[-133,-61,161,-47,-2,1],52815]
[[48,178,56,-34,-2,1],52824]
[[-261,-198,249,-54,-2,1],52845]
[[-15,42,-9,-23,-2,1],52902]
[[1156,850,31,-60,-2,1],52919]
[[13,-68,76,-23,-2,1],52947]
[[-513,270,99,-41,-2,1],53010]
[[6,-22,-90,-56,-1,1],53128]
[[-72,-60,138,-38,-2,1],53130]
[[-162,486,-18,-63,0,1],53154]
[[-17,57,1,-32,-1,1],53177]
[[-32,221,50,-49,-2,1],53189]
[[177,150,-205,-75,0,1],53190]
[[-333,414,-44,-57,0,1],53199]
[[735,662,-9,-56,-2,1],53209]
[[-1166,470,98,-48,-1,1],53272]
[[-1125,-88,397,-87,-1,1],53307]
[[85,464,-38,-71,0,1],53537]
[[25,0,-65,-36,-2,1],53585]
[[-15,30,30,-17,-2,1],53595]
[[-736,262,159,-59,-2,1],53723]
[[99,4,-123,-48,0,1],53917]
[[67,16,-83,-37,0,1],53962]
[[3,18,-5,-25,-1,1],53985]
[[303,880,61,-60,-2,1],54117]
[[906,797,-32,-70,-2,1],54143]
[[-77,233,-120,-88,-1,1],54184]
[[-16,-92,125,-37,-1,1],54218]
[[-49,119,67,-58,-1,1],54315]
[[-1208,604,88,-56,-2,1],54360]
[[40,294,-31,-43,0,1],54411]
[[-30,-62,108,-37,-1,1],54542]
[[1888,1296,-44,-79,-1,1],54562]
[[456,190,-95,-45,0,1],54625]
[[284,166,-45,-35,-1,1],54686]
[[-352,320,38,-50,-2,1],54738]
[[81,90,-45,-45,0,1],54750]
[[-57,11,55,-24,-2,1],54761]
[[478,409,4,-42,-2,1],54776]
[[-217,57,115,-37,-2,1],54853]
[[40,-116,-198,-62,0,1],54902]
[[-1359,526,105,-46,-2,1],54905]
[[833,339,-140,-64,-1,1],55012]
[[-59,176,49,-35,-1,1],55035]
[[-193,179,59,-35,-2,1],55071]
[[65,30,-55,-36,-2,1],55095]
[[424,298,-13,-37,-2,1],55209]
[[-249,169,32,-28,-1,1],55240]
[[431,729,14,-54,-1,1],55240]
[[-131,46,73,-27,-2,1],55322]
[[91,90,-47,-31,0,1],55354]
[[24,271,34,-40,-2,1],55439]
[[-31,-52,120,-37,-2,1],55559]
[[-16,29,143,-47,-2,1],55587]
[[-1792,1163,134,-71,-2,1],55656]
[[331,376,19,-37,-2,1],55709]
[[-96,182,120,-58,-2,1],55720]
[[-4827,1751,152,-84,-1,1],55784]
[[32,160,-44,-38,0,1],55796]
[[920,716,-134,-79,-1,1],55926]
[[-65,134,26,-25,-2,1],55935]
[[-688,624,76,-52,-2,1],55990]
[[-1378,774,82,-62,-1,1],56048]
[[-224,199,38,-46,-2,1],56136]
[[3,-28,71,-33,-1,1],56173]
[[122,48,-74,-37,0,1],56202]
[[-151,135,25,-31,-1,1],56236]
[[28,44,-6,-19,-1,1],56302]
[[-361,-13,165,-43,-2,1],56345]
[[308,244,-11,-32,-1,1],56359]
[[834,285,-178,-66,0,1],56484]
[[-154,265,60,-42,-2,1],56488]
[[-1147,751,71,-74,-1,1],56511]
[[4,80,-62,-59,-1,1],56526]
[[-372,103,218,-79,-2,1],56536]
[[150,475,-13,-45,0,1],56567]
[[1980,862,-121,-75,-1,1],56574]
[[-37,-93,158,-52,-1,1],56594]
[[-415,287,41,-36,-1,1],56687]
[[-36,-216,-228,-69,0,1],56754]
[[-89,188,-61,-44,0,1],56839]
[[-21,-128,-141,-49,-2,1],56870]
[[-57,-194,211,-51,-2,1],56886]
[[-347,575,42,-49,-1,1],56959]
[[320,368,-116,-64,0,1],56966]
[[-832,728,52,-58,-1,1],56979]
[[228,210,-20,-30,0,1],57000]
[[-194,339,46,-49,-1,1],57055]
[[-100,36,58,-26,-1,1],57112]
[[-961,651,189,-75,-1,1],57188]
[[33,17,-59,-33,-1,1],57204]
[[-389,409,91,-56,-1,1],57259]
[[881,631,-46,-59,-1,1],57303]
[[949,243,-219,-75,-1,1],57305]
[[-1207,540,93,-48,-2,1],57365]
[[39,105,-35,-30,0,1],57375]
[[-178,-327,388,-82,-2,1],57520]
[[31,-48,-135,-54,-2,1],57523]
[[-1322,429,169,-60,-1,1],57687]
[[657,432,-93,-78,-2,1],57723]
[[1201,730,-52,-55,0,1],57767]
[[-31,266,-5,-35,0,1],57874]
[[-459,216,75,-34,-2,1],57913]
[[-8,-32,130,-44,-2,1],57942]
[[-637,259,81,-35,-2,1],57971]
[[513,390,-71,-72,0,1],57987]
[[-52,56,36,-39,-1,1],58058]
[[36,-162,171,-47,-1,1],58086]
[[-98,227,16,-36,-2,1],58088]
[[32,188,-2,-31,-1,1],58113]
[[752,524,-24,-48,0,1],58168]
[[14,-143,218,-53,-2,1],58180]
[[181,196,9,-27,-2,1],58298]
[[-1037,499,71,-46,-1,1],58351]
[[792,552,-20,-48,-1,1],58352]
[[16,708,-32,-70,0,1],58376]
[[64,145,-64,-47,0,1],58459]
[[-968,616,60,-51,-1,1],58469]
[[-57,-28,227,-60,-2,1],58473]
[[-4,468,-4,-52,-1,1],58576]
[[-122,40,58,-23,-2,1],58590]
[[-10,42,2,-16,-1,1],58616]
[[163,-70,-165,-50,0,1],58625]
[[338,64,-144,-51,0,1],58654]
[[-10,56,71,-53,-1,1],58660]
[[627,477,-15,-47,-1,1],58680]
[[-292,378,35,-39,-1,1],58786]
[[-845,1157,93,-69,-2,1],58921]
[[128,336,134,-58,-2,1],58982]
[[648,540,-48,-54,0,1],59076]
[[-1,9,16,-28,-1,1],59096]
[[-83,-315,-269,-69,-1,1],59145]
[[56,214,-1,-34,-1,1],59149]
[[-478,431,139,-57,-2,1],59173]
[[-621,265,102,-45,-1,1],59267]
[[-13,229,62,-41,-1,1],59337]
[[-104,-65,208,-59,-1,1],59345]
[[26,-119,124,-35,-1,1],59365]
[[89,55,-33,-23,0,1],59449]
[[460,388,-22,-43,-1,1],59462]
[[-144,504,-24,-68,-2,1],59472]
[[-108,-18,216,-66,-2,1],59472]
[[-14,57,30,-19,-2,1],59491]
[[1013,418,-139,-65,-1,1],59517]
[[164,816,22,-57,-1,1],59530]
[[-100,415,82,-49,-2,1],59544]
[[189,213,-4,-37,-1,1],59549]
[[-36,267,65,-44,-1,1],59717]
[[-2156,1356,70,-79,-1,1],59734]
[[-359,316,69,-45,-2,1],59734]
[[-7,-79,-114,-45,-1,1],59773]
[[-1296,440,144,-52,-2,1],59960]
[[-4,41,24,-25,-1,1],60055]
[[-713,485,64,-56,-1,1],60072]
[[-1,25,-28,-32,-1,1],60120]
[[142,-44,-180,-65,-2,1],60134]
[[-80,390,145,-66,-1,1],60155]
[[-1030,317,179,-59,-2,1],60159]
[[200,-405,250,-49,-2,1],60280]
[[188,435,3,-49,-2,1],60299]
[[1009,583,-46,-55,-1,1],60309]
[[445,592,-28,-51,0,1],60343]
[[-64,159,-36,-45,-1,1],60391]
[[-5,22,-11,-28,-2,1],60427]
[[86,-233,192,-51,-1,1],60551]
[[64,0,-86,-37,0,1],60568]
[[137,72,-63,-37,-1,1],60569]
[[229,358,73,-47,-2,1],60606]
[[-685,449,95,-74,-2,1],60651]
[[572,564,12,-52,-1,1],60664]
[[-25,225,-20,-40,-1,1],60680]
[[58,75,-22,-23,0,1],60757]
[[2269,1224,-7,-67,-2,1],60758]
[[-124,648,-4,-53,0,1],60786]
[[-531,409,59,-52,-2,1],60789]
[[-34,-8,60,-21,-2,1],60818]
[[-6,48,24,-29,-2,1],60822]
[[-1368,852,114,-63,-2,1],60876]
[[-583,287,95,-41,-2,1],60903]
[[-3,-34,86,-27,-2,1],60921]
[[1884,852,-68,-57,0,1],60966]
[[2639,1169,-74,-70,-1,1],60984]
[[230,-86,-221,-67,-1,1],61032]
[[100,127,-8,-28,0,1],61048]
[[5,-3,-37,-24,-1,1],61067]
[[272,130,-125,-61,-2,1],61137]
[[-81,252,-7,-40,0,1],61177]
[[-60,172,-16,-60,-1,1],61272]
[[-382,271,65,-41,-2,1],61303]
[[-2523,1479,153,-79,-2,1],61335]
[[131,385,-4,-44,-1,1],61368]
[[468,325,-27,-43,-2,1],61373]
[[-600,285,96,-47,-2,1],61380]
[[-153,248,35,-33,-2,1],61461]
[[-60,-116,184,-52,-1,1],61512]
[[1,-19,-81,-70,-1,1],61555]
[[-247,139,167,-88,-1,1],61573]
[[-39,134,45,-31,-1,1],61699]
[[30,1,-116,-54,-2,1],61704]
[[-16,144,-60,-46,-1,1],61705]
[[34,109,-8,-38,-2,1],61929]
[[141,251,49,-60,-1,1],62145]
[[-56,46,28,-22,-2,1],62168]
[[271,189,-21,-30,-1,1],62221]
[[327,298,-51,-52,-2,1],62341]
[[13,22,-25,-32,0,1],62419]
[[27,217,8,-31,-1,1],62515]
[[-958,398,98,-47,-1,1],62630]
[[-25,-118,-119,-37,0,1],62638]
[[72,65,-16,-20,0,1],62768]
[[704,576,-28,-52,0,1],62770]
[[-173,365,-115,-65,0,1],62795]
[[-488,840,34,-66,-2,1],62830]
[[318,863,61,-69,-2,1],62839]
[[447,316,-33,-45,-2,1],62890]
[[2718,1125,-120,-75,0,1],63000]
[[-331,271,29,-35,-1,1],63036]
[[752,776,52,-60,-2,1],63130]
[[-18,-119,-218,-75,-2,1],63135]
[[8,50,56,-50,-2,1],63144]
[[-623,538,93,-63,-2,1],63154]
[[153,-6,-128,-45,0,1],63297]
[[2984,1284,-118,-76,0,1],63466]
[[-103,247,25,-32,-1,1],63535]
[[183,132,-54,-43,-2,1],63621]
[[55,705,2,-58,-1,1],63640]
[[-567,324,234,-71,-2,1],63657]
[[71,80,-14,-21,0,1],63659]
[[461,289,-33,-38,-1,1],63665]
[[459,624,82,-61,-2,1],63677]
[[-1272,700,86,-58,-2,1],63690]
[[427,84,-189,-73,-2,1],63742]
[[-72,216,0,-51,-2,1],63789]
[[-243,582,-1,-51,0,1],63810]
[[-2016,1044,129,-65,-2,1],63873]
[[121,66,-85,-40,0,1],63927]
[[2646,1323,-81,-73,0,1],63927]
[[27,-45,-139,-69,0,1],63951]
[[-657,753,30,-62,-1,1],63996]
[[-600,690,63,-55,-2,1],64053]
[[291,301,-20,-40,-1,1],64056]
[[-125,300,-25,-44,0,1],64139]
[[-37,73,73,-31,-2,1],64161]
[[140,2,-101,-38,0,1],64163]
[[675,324,-99,-51,0,1],64206]
[[55,237,27,-30,-2,1],64291]
[[456,548,-38,-58,0,1],64438]
[[-27,329,24,-38,-1,1],64454]
[[729,729,-4,-55,-1,1],64553]
[[76,367,84,-69,-1,1],64571]
[[224,254,-11,-37,0,1],64595]
[[249,339,-35,-46,-1,1],64635]
[[289,255,-5,-36,-1,1],64653]
[[-32,52,91,-62,-1,1],64687]
[[76,46,-96,-62,-2,1],64784]
[[149,142,-43,-41,-2,1],64814]
[[585,425,5,-39,-2,1],64845]
[[-433,383,55,-46,-1,1],64917]
[[-255,362,-41,-59,-2,1],64918]
[[64,289,-9,-44,-1,1],64919]
[[144,316,-27,-73,-1,1],64990]
[[-656,172,136,-43,-2,1],65048]
[[-171,900,47,-65,-1,1],65099]
[[76,144,-14,-39,-1,1],65130]
[[-619,658,105,-57,-2,1],65134]
[[-240,388,-65,-66,-2,1],65163]
[[221,301,24,-39,-1,1],65179]
[[-158,386,162,-66,-1,1],65264]
[[1,-16,47,-28,-2,1],65277]
[[-91,-48,121,-37,-2,1],65309]
[[955,658,14,-49,-2,1],65337]
[[-249,143,94,-45,-1,1],65349]
[[-1391,963,107,-62,-2,1],65377]
[[1264,592,-140,-76,-2,1],65458]
[[-172,178,41,-31,-1,1],65518]
[[-136,206,104,-65,-2,1],65592]
[[280,260,10,-32,-2,1],65690]
[[1913,1138,-49,-71,-1,1],65727]
[[-45,-300,-265,-65,0,1],65750]
[[336,328,-12,-40,0,1],65778]
[[1864,1088,-46,-73,-2,1],65871]
[[-11,66,-44,-41,0,1],65879]
[[-117,333,-180,-80,-1,1],65880]
[[-529,508,-3,-53,0,1],66118]
[[672,400,-86,-54,0,1],66118]
[[-507,364,57,-42,-2,1],66131]
[[-1675,1093,178,-83,-1,1],66151]
[[406,501,34,-67,-2,1],66197]
[[992,648,-58,-62,0,1],66222]
[[-710,365,60,-39,-1,1],66235]
[[9,22,-27,-61,-2,1],66254]
[[123,205,0,-48,-1,1],66256]
[[-384,368,50,-41,-1,1],66323]
[[258,765,-60,-65,0,1],66375]
[[-616,247,130,-48,-2,1],66565]
[[1557,785,-91,-68,-1,1],66637]
[[-8,100,-90,-53,-2,1],66646]
[[675,485,-32,-48,-1,1],66672]
[[-259,226,38,-33,-1,1],66751]
[[75,580,-43,-63,-1,1],66765]
[[97,97,-9,-24,-1,1],66833]
[[-363,282,36,-35,-1,1],66915]
[[60,264,228,-77,-1,1],66942]
[[386,-653,363,-68,-1,1],66971]
[[2616,1364,-14,-73,-2,1],67018]
[[-858,274,174,-61,-1,1],67022]
[[-3,-31,-79,-60,-1,1],67037]
[[-268,466,17,-53,-1,1],67102]
[[-87,75,120,-47,-1,1],67113]
[[-114,-304,-250,-65,-1,1],67222]
[[-143,149,13,-29,-1,1],67428]
[[-976,648,140,-64,-2,1],67478]
[[2,-72,126,-39,-2,1],67598]
[[112,440,52,-44,-2,1],67678]
[[1931,1000,-125,-85,0,1],67750]
[[-2,28,-74,-59,-2,1],67806]
[[-5,20,-3,-33,0,1],67870]
[[-1943,679,163,-62,-2,1],67887]
[[5,47,55,-33,-2,1],67889]
[[8,43,3,-50,-1,1],67891]
[[-2592,1012,136,-67,-1,1],67893]
[[207,477,21,-45,-1,1],67980]
[[-197,493,60,-60,-1,1],68080]
[[150,125,-72,-43,-1,1],68231]
[[17,82,59,-47,-2,1],68326]
[[-939,818,67,-62,-2,1],68341]
[[-673,968,56,-63,-1,1],68347]
[[241,447,13,-44,-1,1],68357]
[[11,496,-9,-56,-2,1],68387]
[[2,-51,251,-67,-2,1],68435]
[[-5,21,64,-37,-1,1],68519]
[[-1521,855,62,-68,-1,1],68558]
[[-2579,1324,145,-73,-2,1],68602]
[[61,-272,295,-77,-2,1],68634]
[[3,16,-15,-21,-2,1],68638]
[[519,741,40,-64,-1,1],68808]
[[2567,1010,-131,-71,0,1],68843]
[[-639,132,229,-73,-2,1],68854]
[[-612,918,17,-67,-1,1],68867]
[[-49,91,-7,-35,-2,1],68873]
[[-1435,568,145,-61,-2,1],69138]
[[9,-20,-55,-25,0,1],69250]
[[-1,28,-97,-62,-2,1],69251]
[[-651,925,87,-72,-1,1],69367]
[[67,-122,-223,-67,0,1],69398]
[[-9,25,-1,-19,0,1],69457]
[[1636,1875,42,-94,-2,1],69496]
[[40,84,10,-33,-2,1],69502]
[[1748,1009,-68,-78,0,1],69560]
[[279,144,-72,-45,-2,1],69567]
[[1189,1128,-5,-67,-1,1],69587]
[[-1268,583,118,-58,-2,1],69688]
[[63,120,-65,-45,0,1],69750]
[[-823,643,17,-59,-1,1],69804]
[[-392,308,102,-45,-2,1],69862]
[[13,10,-25,-20,0,1],69875]
[[100,235,32,-43,-1,1],69905]
[[115,205,10,-29,-1,1],69935]
[[-403,317,38,-41,-1,1],69955]
[[-828,649,137,-61,-2,1],70005]
[[163,318,23,-35,-2,1],70030]
[[-3,10,14,-19,-2,1],70071]
[[349,-662,396,-75,-1,1],70235]
[[-216,204,84,-38,-2,1],70296]
[[224,212,-52,-50,-2,1],70380]
[[-386,425,39,-42,-1,1],70411]
[[596,172,-249,-77,0,1],70529]
[[679,350,-63,-44,0,1],70539]
[[-361,75,203,-64,-1,1],70547]
[[1448,764,-46,-57,-1,1],70558]
[[210,189,-21,-29,0,1],70623]
[[75,-125,-275,-75,0,1],70625]
[[-439,1659,-11,-85,0,1],70763]
[[1000,780,8,-56,-2,1],70808]
[[114,317,40,-38,-2,1],70855]
[[-3,-48,-127,-57,0,1],70902]
[[325,535,13,-55,-2,1],71041]
[[-22,295,36,-48,-2,1],71080]
[[-1321,966,-11,-71,0,1],71134]
[[217,213,-10,-31,-1,1],71161]
[[-23,-92,-110,-43,-2,1],71231]
[[-56,47,78,-30,-2,1],71240]
[[-862,569,143,-65,-2,1],71259]
[[-236,378,-80,-58,0,1],71416]
[[469,293,-45,-38,0,1],71499]
[[562,45,-220,-65,0,1],71500]
[[417,194,-101,-51,-1,1],71559]
[[-1578,1372,74,-75,-1,1],71562]
[[-142,169,24,-38,-2,1],71632]
[[-127,-419,-331,-83,-2,1],71663]
[[621,634,58,-57,-2,1],71691]
[[-1284,274,257,-70,-2,1],71697]
[[91,400,-15,-45,0,1],71750]
[[-5,-53,-79,-33,0,1],71851]
[[-92,168,4,-31,-1,1],71918]
[[-2136,954,132,-62,-2,1],72072]
[[-171,189,108,-54,-1,1],72078]
[[-3,47,186,-59,-1,1],72121]
[[-249,192,51,-29,-2,1],72126]
[[519,58,-206,-63,0,1],72221]
[[111,142,-3,-27,0,1],72239]
[[-224,112,84,-38,-2,1],72296]
[[1602,891,-186,-84,0,1],72315]
[[261,174,-29,-29,0,1],72326]
[[392,522,20,-46,-2,1],72344]
[[-697,483,150,-64,-1,1],72406]
[[-18,78,-14,-28,-1,1],72408]
[[1768,821,-79,-59,0,1],72509]
[[209,332,5,-41,-2,1],72531]
[[337,312,13,-33,-2,1],72542]
[[35,340,-175,-73,0,1],72590]
[[-93,62,31,-19,-2,1],72602]
[[-333,196,45,-30,-2,1],72707]
[[-794,722,36,-61,-1,1],72758]
[[-91,143,143,-54,-1,1],72761]
[[1078,385,-165,-65,0,1],72875]
[[1751,1220,-3,-77,0,1],72894]
[[-12,255,-90,-62,-2,1],72936]
[[1000,336,-170,-72,-2,1],73022]
[[-453,269,109,-52,-2,1],73067]
[[486,458,-14,-48,-1,1],73080]
[[273,4,-195,-69,-2,1],73090]
[[343,119,-241,-85,-2,1],73121]
[[2004,1227,6,-68,-2,1],73161]
[[-648,500,34,-54,-2,1],73294]
[[-1296,468,162,-63,-1,1],73323]
[[96,244,28,-34,-2,1],73324]
[[-81,183,26,-40,-1,1],73330]
[[-80,280,40,-36,-2,1],73360]
[[189,639,39,-62,-1,1],73577]
[[-179,118,44,-25,-2,1],73587]
[[133,316,-25,-43,0,1],73622]
[[-73,59,21,-18,-1,1],73657]
[[-1741,1281,142,-82,-1,1],73670]
[[-82,234,-46,-48,-1,1],73688]
[[-976,238,203,-64,-1,1],73697]
[[-311,72,101,-33,-2,1],73702]
[[-619,463,41,-47,-1,1],73704]
[[-1365,1169,0,-83,-1,1],73801]
[[-1191,510,209,-67,-2,1],73830]
[[449,460,32,-53,-1,1],73989]
[[-393,354,23,-49,-2,1],74010]
[[-30,100,100,-69,-2,1],74070]
[[-27,243,-108,-77,-1,1],74103]
[[-13,92,-15,-37,-1,1],74105]
[[166,235,-17,-44,-1,1],74155]
[[1799,716,-141,-68,0,1],74193]
[[1378,825,-22,-61,-2,1],74236]
[[50,82,-10,-42,-1,1],74288]
[[2,-55,124,-36,-2,1],74320]
[[81,288,-105,-70,-2,1],74335]
[[-338,794,18,-61,-1,1],74354]
[[441,378,-75,-60,-2,1],74415]
[[-208,192,28,-41,-1,1],74590]
[[-29,-103,-109,-37,0,1],74623]
[[-166,113,128,-47,-2,1],74628]
[[33,361,-52,-54,-1,1],74754]
[[384,327,14,-34,-2,1],74760]
[[233,420,29,-44,-2,1],74767]
[[933,492,-97,-57,0,1],74790]
[[-873,549,132,-92,-1,1],74808]
[[-303,226,117,-45,-2,1],74830]
[[593,1412,8,-77,-1,1],74933]
[[11,-78,119,-33,-2,1],74946]
[[178,169,-28,-44,-2,1],75088]
[[508,580,-36,-73,0,1],75194]
[[2,0,-36,-57,-2,1],75214]
[[207,345,62,-70,-1,1],75256]
[[-96,264,-24,-50,-2,1],75276]
[[-21,43,27,-66,-1,1],75439]
[[-43,144,86,-37,-2,1],75685]
[[-22,13,48,-26,-2,1],75752]
[[1368,570,-133,-63,0,1],75753]
[[-143,108,49,-39,-1,1],75777]
[[16,252,16,-39,-1,1],75891]
[[-186,177,60,-38,-2,1],75960]
[[-429,574,-79,-72,0,1],75965]
[[-837,261,153,-49,-2,1],76031]
[[85,304,-15,-41,0,1],76090]
[[-3243,1148,175,-73,-2,1],76262]
[[-926,490,71,-51,-1,1],76264]
[[413,1236,30,-79,-1,1],76265]
[[154,353,43,-50,-1,1],76329]
[[-425,340,61,-37,-2,1],76330]
[[513,1269,45,-85,-2,1],76401]
[[245,931,91,-70,-2,1],76419]
[[-261,99,81,-33,-2,1],76431]
[[4362,2007,-146,-96,0,1],76455]
[[-144,306,-15,-59,-2,1],76473]
[[279,195,-109,-51,0,1],76581]
[[-1593,620,143,-63,-1,1],76621]
[[-52,4,109,-49,-1,1],76742]
[[194,298,38,-44,-1,1],76824]
[[21,-97,123,-38,-1,1],76841]
[[-3131,1244,294,-93,-2,1],76843]
[[-17,-111,-164,-60,-1,1],76848]
[[-4,4,253,-67,-2,1],76941]
[[-1100,550,165,-86,-2,1],76945]
[[-348,609,63,-49,-2,1],76995]
[[-826,321,108,-42,-2,1],77008]
[[914,516,-82,-63,-1,1],77030]
[[-2,24,-10,-19,-1,1],77098]
[[160,202,13,-32,-1,1],77107]
[[-11,0,33,-16,-2,1],77165]
[[-244,163,38,-29,-1,1],77229]
[[-600,380,76,-42,-2,1],77240]
[[276,157,-52,-34,0,1],77240]
[[17,51,5,-16,-1,1],77333]
[[410,281,-35,-37,0,1],77365]
[[68,10,-111,-47,-1,1],77386]
[[22,30,-14,-19,-1,1],77390]
[[-1155,583,77,-52,-1,1],77429]
[[125,66,-120,-75,-2,1],77437]
[[-35,5,85,-38,-1,1],77535]
[[-72,90,36,-26,-2,1],77544]
[[-1,-27,96,-40,-1,1],77560]
[[1034,985,97,-73,-2,1],77563]
[[-100,30,137,-63,-1,1],77570]
[[1100,820,8,-69,-1,1],77578]
[[6,9,-34,-27,0,1],77580]
[[-96,472,-122,-90,-2,1],77610]
[[-365,208,71,-37,-2,1],77622]
[[-97,212,62,-41,-1,1],77623]
[[144,540,27,-49,-1,1],77634]
[[-31,-142,-179,-54,0,1],77731]
[[-43,36,31,-16,-2,1],77749]
[[584,320,-62,-46,-1,1],77832]
[[8,-180,-226,-69,-2,1],77874]
[[-7,-296,-281,-69,0,1],77954]
[[-240,264,48,-44,-2,1],77976]
[[-9,131,-11,-45,-1,1],77985]
[[1121,1030,-30,-65,0,1],78005]
[[200,532,24,-48,-2,1],78128]
[[-449,-180,302,-65,-2,1],78133]
[[-700,1550,120,-82,-2,1],78160]
[[-45,-156,-170,-57,0,1],78183]
[[-898,412,68,-41,-1,1],78270]
[[399,845,101,-75,-2,1],78307]
[[-116,76,52,-27,-2,1],78382]
[[421,624,-89,-67,0,1],78430]
[[-89,97,31,-25,-2,1],78451]
[[-841,769,50,-74,-1,1],78552]
[[175,-362,231,-47,-2,1],78722]
[[200,-492,308,-58,-2,1],78728]
[[-1152,512,106,-48,-2,1],78802]
[[222,272,-44,-45,-1,1],78930]
[[3974,1849,-83,-93,0,1],78931]
[[-140,195,10,-39,-1,1],79005]
[[49,112,28,-35,-2,1],79065]
[[-804,256,254,-75,-1,1],79170]
[[-728,344,270,-78,-2,1],79202]
[[47,84,-25,-33,-2,1],79206]
[[1056,663,-54,-64,-2,1],79263]
[[-408,284,46,-37,-2,1],79270]
[[1256,471,-157,-67,0,1],79285]
[[66,-242,210,-52,-1,1],79288]
[[188,189,-6,-37,-2,1],79388]
[[523,426,-41,-68,0,1],79389]
[[273,246,0,-31,-1,1],79443]
[[69,-8,-127,-61,-2,1],79518]
[[1295,936,31,-61,-2,1],79529]
[[-157,130,36,-23,-2,1],79555]
[[122,156,-58,-65,0,1],79578]
[[3229,1344,-109,-77,0,1],79586]
[[56,144,-34,-34,0,1],79646]
[[45,117,4,-30,-1,1],79706]
[[-128,473,0,-54,0,1],79724]
[[1500,900,-60,-65,0,1],79830]
[[26,16,-122,-53,-1,1],79966]
[[-796,644,0,-64,-1,1],80008]
[[44,200,89,-62,-2,1],80055]
[[219,154,-69,-45,-1,1],80077]
[[147,226,-52,-49,0,1],80137]
[[82,111,-16,-43,0,1],80280]
[[-209,-192,276,-67,-1,1],80407]
[[240,546,-39,-83,-1,1],80415]
[[-618,-61,280,-64,-2,1],80456]
[[3,38,31,-19,-2,1],80534]
[[233,-126,-308,-83,0,1],80615]
[[75,-100,-225,-82,-2,1],80635]
[[24,-84,-178,-66,0,1],80730]
[[-36,-41,94,-30,-2,1],80808]
[[-1040,406,136,-50,-2,1],80856]
[[-77,164,114,-49,-1,1],80857]
[[102,112,-4,-25,-1,1],80870]
[[-192,400,-84,-60,0,1],80914]
[[-1,45,3,-16,-1,1],80939]
[[272,680,-68,-73,0,1],80954]
[[72,100,-154,-60,0,1],80966]
[[44,-45,-112,-40,0,1],80968]
[[891,918,-7,-75,0,1],81007]
[[214,270,-22,-35,0,1],81098]
[[5333,1778,-206,-95,0,1],81109]
[[-1683,1321,269,-97,-2,1],81137]
[[1,7,-23,-26,-1,1],81199]
[[-252,-82,201,-55,-1,1],81266]
[[-5,-51,-137,-96,-1,1],81309]
[[-1085,495,125,-59,-2,1],81355]
[[-216,321,-8,-42,0,1],81360]
[[375,-621,333,-59,-2,1],81369]
[[241,500,77,-61,-2,1],81406]
[[672,540,-43,-51,0,1],81441]
[[-89,443,14,-45,-1,1],81449]
[[1319,1054,29,-71,-1,1],81513]
[[-4,-67,154,-67,-1,1],81531]
[[-1201,644,164,-71,-1,1],81583]
[[-323,-46,226,-57,-2,1],81595]
[[2052,1051,-221,-93,0,1],81605]
[[68,154,11,-27,-1,1],81622]
[[-2808,990,189,-71,-2,1],81635]
[[-196,179,42,-45,-1,1],81673]
[[2073,702,-174,-71,0,1],81711]
[[79,269,-80,-56,-1,1],81720]
[[-385,432,-21,-63,-2,1],81722]
[[538,538,18,-50,-1,1],81776]
[[-114,295,35,-37,-2,1],81831]
[[637,483,-7,-49,-2,1],81851]
[[-821,818,35,-79,-2,1],81882]
[[-42,22,96,-63,-2,1],82042]
[[408,386,-87,-59,-1,1],82051]
[[1036,738,-57,-67,-1,1],82078]
[[83,43,-100,-53,-1,1],82099]
[[-221,265,116,-52,-1,1],82120]
[[-272,1433,14,-81,-1,1],82147]
[[87,181,7,-28,-1,1],82147]
[[39,196,47,-37,-2,1],82158]
[[2,15,-1,-21,-2,1],82185]
[[1669,805,-68,-62,-1,1],82190]
[[-57,174,132,-53,-1,1],82269]
[[68,166,-45,-38,0,1],82277]
[[-13,-216,-217,-61,-1,1],82331]
[[16,-124,154,-41,-2,1],82339]
[[-1,-15,52,-32,-1,1],82360]
[[106,175,-1,-28,-1,1],82413]
[[1889,1059,-50,-71,-1,1],82415]
[[-1369,568,91,-49,-1,1],82551]
[[-18,22,18,-21,-1,1],82610]
[[76,126,9,-25,-1,1],82610]
[[-1423,653,86,-53,-1,1],82769]
[[131,277,43,-53,-1,1],82792]
[[-213,-193,305,-72,-1,1],82795]
[[-169,229,84,-44,-1,1],82840]
[[123,135,-3,-29,-1,1],82881]
[[-330,44,220,-63,-1,1],82962]
[[220,145,-50,-41,-2,1],82980]
[[648,564,-88,-88,-2,1],83056]
[[-380,24,166,-45,-2,1],83090]
[[-195,398,69,-46,-2,1],83101]
[[-2100,621,273,-77,-2,1],83115]
[[242,638,-2,-55,-1,1],83142]
[[64,98,-31,-43,0,1],83171]
[[-3,-120,-145,-45,0,1],83250]
[[-328,771,-34,-87,-2,1],83256]
[[-781,-1234,-603,-102,0,1],83305]
[[-597,593,85,-55,-2,1],83347]
[[-16,16,92,-59,-1,1],83394]
[[13,-18,-67,-35,-2,1],83438]
[[-1,0,63,-24,-2,1],83443]
[[-1,-21,158,-87,-1,1],83461]
[[1100,693,0,-51,-2,1],83468]
[[-73,148,43,-31,-1,1],83481]
[[-63,39,42,-27,-1,1],83493]
[[832,975,-11,-72,-1,1],83499]
[[725,-1035,496,-83,-1,1],83507]
[[-272,336,60,-46,-1,1],83537]
[[-27,189,-99,-65,-1,1],83628]
[[843,624,12,-47,-2,1],83763]
[[-63,130,-21,-31,0,1],83874]
[[-1834,1126,74,-80,-1,1],83880]
[[16,155,-70,-52,-2,1],84033]
[[386,831,-41,-71,0,1],84037]
[[256,336,19,-36,-2,1],84049]
[[-324,564,52,-53,-1,1],84070]
[[1031,841,-28,-61,-1,1],84079]
[[-197,912,-53,-73,0,1],84082]
[[-206,118,44,-23,-2,1],84110]
[[4016,1660,-74,-79,-1,1],84129]
[[576,695,37,-57,-2,1],84163]
[[-1999,731,148,-64,-1,1],84168]
[[1007,669,-22,-54,-1,1],84226]
[[-507,318,114,-71,-2,1],84249]
[[-132,132,120,-56,-1,1],84348]
[[-4481,1842,191,-87,-2,1],84391]
[[-288,240,140,-58,-2,1],84424]
[[-39,186,0,-35,-1,1],84447]
[[-576,936,84,-72,-1,1],84471]
[[-538,225,108,-46,-2,1],84472]
[[932,409,-159,-77,-2,1],84485]
[[-335,325,61,-77,-2,1],84555]
[[1649,1182,-27,-75,-2,1],84595]
[[-1267,1941,75,-93,-1,1],84617]
[[-135,-378,-339,-98,0,1],84617]
[[294,154,-118,-60,-1,1],84648]
[[824,384,-148,-65,0,1],84717]
[[-237,89,134,-50,-1,1],84722]
[[-23,-123,-130,-43,-1,1],84751]
[[1819,1421,-44,-80,-1,1],84792]
[[792,545,-16,-50,0,1],84824]
[[108,-468,423,-87,-1,1],84852]
[[911,589,-28,-53,-1,1],84915]
[[-105,-24,96,-29,-2,1],84933]
[[-3,-36,-112,-49,-2,1],85035]
[[-58,431,-71,-61,0,1],85123]
[[-49,49,377,-113,-1,1],85140]
[[1,18,37,-49,-2,1],85246]
[[-252,186,73,-43,-1,1],85286]
[[193,391,1,-47,-2,1],85581]
[[-43,38,21,-16,-2,1],85627]
[[321,148,-95,-51,-2,1],85638]
[[526,370,-10,-37,-1,1],85734]
[[480,384,-24,-44,-1,1],85752]
[[631,194,-211,-71,0,1],85753]
[[-53,414,-99,-72,-2,1],85865]
[[43,136,19,-23,-2,1],85866]
[[-1404,102,367,-87,-1,1],85918]
[[207,186,-3,-30,-2,1],86085]
[[58,142,50,-41,-2,1],86086]
[[-738,402,66,-44,-1,1],86088]
[[91,148,16,-29,-2,1],86121]
[[9,39,-16,-23,-1,1],86123]
[[-416,592,124,-59,-2,1],86130]
[[-980,476,80,-48,-1,1],86152]
[[667,798,67,-87,-2,1],86318]
[[-160,-4,134,-45,-1,1],86443]
[[-305,271,26,-43,-1,1],86445]
[[-1651,969,100,-66,-1,1],86470]
[[-157,89,39,-24,-1,1],86471]
[[-32,-65,94,-26,-2,1],86472]
[[-5,16,13,-17,-2,1],86490]
[[-1143,1350,45,-89,-2,1],86526]
[[645,1248,39,-77,-2,1],86526]
[[-57,-264,-227,-57,0,1],86574]
[[32,-232,248,-62,-1,1],86615]
[[3377,1650,-110,-85,0,1],86625]
[[221,-445,281,-59,-1,1],86648]
[[-15,258,-37,-45,0,1],86706]
[[-760,1196,86,-71,-2,1],86724]
[[219,247,-15,-61,-2,1],86749]
[[1273,832,-13,-63,0,1],86782]
[[535,1350,195,-99,-1,1],86855]
[[-130,-407,-326,-79,0,1],86932]
[[-431,167,85,-33,-2,1],86945]
[[366,425,-7,-49,0,1],87137]
[[940,662,-23,-53,-1,1],87174]
[[375,129,-120,-53,-1,1],87291]
[[-75,56,53,-39,-1,1],87331]
[[72,92,-118,-55,-1,1],87382]
[[75,-44,-204,-73,-2,1],87539]
[[16,25,-112,-54,0,1],87632]
[[208,712,136,-68,-2,1],87696]
[[-8,199,-20,-40,0,1],87736]
[[42,51,-10,-18,0,1],87768]
[[335,728,57,-58,-2,1],87779]
[[-112,184,68,-40,-1,1],87791]
[[861,861,0,-58,-1,1],87822]
[[317,-659,380,-71,-1,1],87921]
[[16,195,10,-43,-2,1],87944]
[[-1304,1140,110,-73,-2,1],88033]
[[58,535,31,-55,-2,1],88043]
[[14,-24,-78,-37,-1,1],88090]
[[42,72,-16,-51,0,1],88110]
[[126,153,13,-25,-2,1],88163]
[[-63,224,28,-31,-2,1],88165]
[[232,300,40,-40,-2,1],88184]
[[-45,365,42,-43,-1,1],88205]
[[131,16,-103,-43,0,1],88246]
[[-13,190,-17,-43,-2,1],88362]
[[-17,-165,165,-42,-1,1],88409]
[[221,-309,-355,-82,0,1],88411]
[[-648,285,98,-41,-2,1],88519]
[[2,-53,-106,-46,0,1],88520]
[[243,165,-115,-55,0,1],88625]
[[-509,328,65,-40,-2,1],88665]
[[-394,445,-18,-50,0,1],88676]
[[768,1040,-55,-83,-1,1],88702]
[[24,225,0,-35,-1,1],88893]
[[-4420,1288,281,-92,-1,1],88903]
[[-432,224,100,-44,-2,1],88910]
[[20,220,50,-38,-1,1],88920]
[[33,-89,-123,-39,0,1],88927]
[[-119,26,190,-65,-1,1],88947]
[[-20,63,-7,-25,-2,1],89017]
[[-800,1028,-161,-107,-2,1],89023]
[[124,1183,38,-82,-2,1],89112]
[[-63,145,-25,-75,0,1],89125]
[[2017,1642,-148,-97,0,1],89195]
[[-784,345,87,-39,-2,1],89249]
[[464,356,-26,-45,-2,1],89347]
[[850,931,-138,-92,0,1],89363]
[[125,186,-13,-36,-2,1],89385]
[[-656,248,124,-48,-2,1],89470]
[[-3272,998,225,-79,-1,1],89491]
[[21,169,24,-30,-1,1],89494]
[[-237,-1,129,-40,-1,1],89551]
[[2125,1017,-47,-62,-1,1],89659]
[[613,509,5,-46,-2,1],89793]
[[-1125,325,240,-79,-1,1],89965]
[[-1304,548,258,-78,-2,1],89998]
[[277,358,44,-41,-2,1],90041]
[[-1248,1344,36,-85,-1,1],90054]
[[175,313,-2,-38,-1,1],90104]
[[-41,75,-8,-27,-1,1],90195]
[[262,-10,-242,-80,-1,1],90216]
[[4427,2280,-95,-95,0,1],90250]
[[947,579,-197,-88,-1,1],90263]
[[122,126,-82,-43,0,1],90302]
[[-9,485,83,-59,-1,1],90331]
[[4,-118,-196,-58,0,1],90344]
[[-4017,1561,138,-82,-1,1],90392]
[[35,-155,150,-41,-1,1],90395]
[[724,-1225,622,-98,-2,1],90424]
[[2367,1310,4,-71,-2,1],90455]
[[-100,246,1,-39,-1,1],90578]
[[-312,493,-96,-70,0,1],90636]
[[201,143,-29,-33,-2,1],90667]
[[886,1187,85,-81,-2,1],90773]
[[525,407,-76,-56,-1,1],90776]
[[252,-481,308,-67,-1,1],90827]
[[-153,167,93,-59,-2,1],90847]
[[19,480,67,-93,-2,1],90886]
[[-518,101,173,-49,-2,1],91107]
[[240,49,-144,-54,0,1],91144]
[[603,468,0,-45,-2,1],91149]
[[3328,2080,-91,-94,0,1],91169]
[[-116,156,46,-57,-2,1],91222]
[[144,414,156,-62,-2,1],91224]
[[176,560,-20,-60,0,1],91250]
[[-704,384,160,-64,-1,1],91304]
[[-448,867,135,-69,-2,1],91327]
[[2371,1194,-103,-83,0,1],91358]
[[-227,-470,-320,-73,0,1],91393]
[[-164,207,196,-67,-1,1],91457]
[[39,105,-2,-46,-1,1],91464]
[[4480,1880,-120,-102,-2,1],91540]
[[-2441,630,247,-75,-1,1],91543]
[[92,172,16,-40,-1,1],91560]
[[192,226,-12,-38,0,1],91568]
[[2861,1417,-95,-88,0,1],91589]
[[126,2,-100,-41,-1,1],91642]
[[289,289,-30,-41,-1,1],91645]
[[-23,-116,125,-31,-2,1],91758]
[[763,510,-12,-45,-1,1],91787]
[[-2873,1114,163,-76,-2,1],91805]
[[1232,544,-112,-63,-1,1],91846]
[[-478,579,76,-52,-2,1],91880]
[[-441,756,-75,-78,0,1],91881]
[[-319,-78,202,-49,-2,1],91931]
[[-44,286,-132,-66,0,1],91960]
[[-196,676,17,-57,-1,1],91970]
[[656,336,-100,-57,-1,1],91982]
[[-702,1369,98,-81,-1,1],91983]
[[44,320,36,-69,-1,1],92074]
[[298,237,-19,-31,0,1],92115]
[[-9,25,78,-46,-1,1],92168]
[[9,18,-204,-71,-1,1],92187]
[[-92,25,61,-23,-2,1],92205]
[[451,320,-19,-37,0,1],92294]
[[16,168,-76,-60,-2,1],92326]
[[11,-38,-75,-33,-1,1],92327]
[[242,605,143,-71,-2,1],92367]
[[44,316,88,-52,-1,1],92432]
[[-1,408,-11,-43,0,1],92466]
[[-2339,450,324,-79,-2,1],92477]
[[-323,678,-34,-79,0,1],92551]
[[54,135,36,-37,-1,1],92565]
[[25,-224,292,-65,-2,1],92709]
[[234,738,-54,-71,-1,1],92718]
[[-212,316,40,-44,-1,1],92720]
[[145,621,147,-81,-1,1],92801]
[[-4,32,47,-39,-1,1],92888]
[[56,681,-30,-81,-2,1],92920]
[[1245,984,-15,-77,-2,1],92961]
[[-622,-106,294,-69,-1,1],93046]
[[-115,241,-3,-45,0,1],93077]
[[-16,-344,-318,-77,0,1],93080]
[[-816,322,139,-49,-2,1],93085]
[[-463,547,9,-60,-1,1],93163]
[[152,36,-122,-47,0,1],93176]
[[-1367,528,331,-95,-1,1],93209]
[[125,-15,-113,-41,0,1],93259]
[[-118,-130,266,-80,-1,1],93304]
[[-13,-45,107,-49,-2,1],93331]
[[-453,312,87,-41,-2,1],93447]
[[-1211,590,123,-54,-2,1],93617]
[[1584,915,-23,-63,-2,1],93623]
[[203,310,-15,-40,0,1],93625]
[[680,582,15,-52,-1,1],93647]
[[428,-118,-371,-103,-1,1],93654]
[[296,354,32,-54,-2,1],93720]
[[-181,139,31,-26,-1,1],93751]
[[3,-44,125,-46,-2,1],93783]
[[-811,27,279,-69,-2,1],93815]
[[-288,368,70,-42,-2,1],93854]
[[-626,438,36,-45,-1,1],93890]
[[79,-255,245,-61,-1,1],93908]
[[776,1190,-20,-70,0,1],94000]
[[-524,867,80,-59,-2,1],94061]
[[1456,1924,52,-86,-2,1],94068]
[[-1408,347,345,-99,-2,1],94093]
[[3969,1470,-133,-79,0,1],94094]
[[68,143,14,-26,-2,1],94104]
[[88,-248,216,-57,-1,1],94121]
[[1657,641,-151,-68,0,1],94135]
[[306,390,-14,-64,-1,1],94152]
[[-64,73,82,-54,-2,1],94204]
[[-11,44,-12,-71,0,1],94237]
[[1220,801,-20,-62,0,1],94280]
[[-65,30,68,-39,-2,1],94285]
[[-311,428,-47,-66,-2,1],94303]
[[997,380,-193,-73,0,1],94306]
[[56,-26,-109,-46,-1,1],94465]
[[263,170,-49,-41,-2,1],94482]
[[-7,-317,305,-68,-1,1],94491]
[[423,309,-12,-36,-1,1],94536]
[[447,519,-7,-48,0,1],94635]
[[-747,304,109,-45,-2,1],94674]
[[880,694,16,-50,-2,1],94680]
[[2146,1251,-58,-92,0,1],94703]
[[29,91,-35,-33,0,1],94763]
[[-23,55,59,-26,-2,1],94835]
[[-45,585,83,-59,-2,1],94885]
[[512,267,-82,-54,-2,1],94952]
[[-40,180,10,-29,-1,1],94970]
[[1296,1161,72,-81,-1,1],95053]
[[-1660,848,147,-64,-2,1],95113]
[[350,-796,496,-93,-2,1],95134]
[[-289,16,123,-35,-2,1],95194]
[[-43,150,-95,-55,0,1],95250]
[[-503,634,100,-63,-2,1],95347]
[[-479,1110,-160,-95,0,1],95375]
[[-1688,628,166,-61,-2,1],95378]
[[-319,560,-6,-69,0,1],95407]
[[2592,1089,-136,-80,0,1],95408]
[[8,160,-62,-58,0,1],95458]
[[455,697,62,-62,-1,1],95496]
[[371,390,-15,-52,-2,1],95503]
[[-3213,2257,158,-111,-1,1],95505]
[[30,297,36,-38,-2,1],95544]
[[230,190,-10,-28,-1,1],95560]
[[260,96,-148,-63,-2,1],95646]
[[-815,501,44,-49,-1,1],95665]
[[-1113,1396,-51,-89,0,1],95790]
[[-112,144,52,-38,-1,1],95791]
[[98,-217,-306,-90,0,1],95816]
[[-563,459,71,-58,-2,1],95837]
[[88,236,-6,-38,0,1],95882]
[[-26,107,27,-45,-2,1],95933]
[[-3666,1554,138,-80,-1,1],95976]
[[853,177,-209,-70,-1,1],96031]
[[93,961,0,-70,-1,1],96038]
[[-418,77,154,-49,-1,1],96129]
[[454,716,8,-63,-1,1],96170]
[[1532,719,-62,-53,0,1],96205]
[[-69,112,75,-79,-1,1],96239]
[[-356,307,126,-53,-2,1],96248]
[[4203,1905,-103,-99,-1,1],96248]
[[-121,77,64,-40,-1,1],96264]
[[-251,-181,261,-63,-1,1],96269]
[[567,306,-150,-63,0,1],96273]
[[-1231,249,257,-69,-2,1],96297]
[[-1,21,-67,-37,-1,1],96308]
[[1278,824,8,-57,-2,1],96322]
[[-364,584,17,-53,-1,1],96370]
[[-8,64,-2,-26,-1,1],96376]
[[109,-4,-93,-36,0,1],96395]
[[-86,-230,296,-75,-1,1],96454]
[[-369,78,307,-109,-2,1],96458]
[[544,544,8,-52,-1,1],96696]
[[84,184,-17,-58,0,1],96737]
[[1639,989,-80,-80,-1,1],96744]
[[275,550,-15,-48,0,1],96745]
[[127,41,-124,-60,-1,1],96784]
[[2303,1456,3,-93,-1,1],96811]
[[-571,-551,559,-106,-1,1],96819]
[[-28,125,-20,-58,0,1],96968]
[[270,162,-126,-80,-1,1],96984]
[[-28,98,77,-38,-2,1],97083]
[[1492,1477,25,-77,-2,1],97101]
[[-649,505,14,-53,-1,1],97137]
[[5068,2159,-99,-95,0,1],97197]
[[-729,927,107,-69,-2,1],97255]
[[735,322,-131,-63,0,1],97331]
[[16,-12,-99,-57,-1,1],97394]
[[21,229,47,-40,-2,1],97449]
[[-93,367,-4,-45,-1,1],97455]
[[-781,617,299,-89,-2,1],97515]
[[-1535,657,115,-60,-1,1],97521]
[[8,367,-136,-81,-1,1],97535]
[[78,135,-290,-90,0,1],97560]
[[-100,130,81,-42,-2,1],97595]
[[148,144,-4,-25,-1,1],97598]
[[-2287,728,194,-65,-2,1],97641]
[[-27,39,43,-31,-2,1],97649]
[[-1312,633,74,-51,-1,1],97681]
[[-196,-441,-301,-67,0,1],97685]
[[301,340,5,-62,-2,1],97703]
[[-4456,1508,236,-86,-2,1],97704]
[[-1104,1144,-108,-103,-2,1],97762]
[[7,86,-154,-75,-1,1],97873]
[[457,610,115,-68,-2,1],97911]
[[-400,504,40,-53,-1,1],97942]
[[561,257,-137,-69,-1,1],97947]
[[243,549,-27,-63,0,1],97989]
[[156,282,-4,-42,0,1],97992]
[[28,166,145,-59,-1,1],98035]
[[-3331,882,315,-88,-2,1],98065]
[[1176,556,-114,-62,0,1],98078]
[[-14,1238,22,-80,-1,1],98136]
[[-486,648,90,-59,-2,1],98154]
[[-50,-191,220,-51,-2,1],98164]
[[-9,-73,-160,-63,-1,1],98171]
[[-229,1550,-65,-95,0,1],98210]
[[435,635,35,-81,-2,1],98235]
[[-98,30,82,-40,-1,1],98248]
[[985,675,-35,-58,0,1],98335]
[[1780,958,-39,-63,-1,1],98366]
[[65,157,58,-37,-1,1],98373]
[[1672,1276,-66,-83,0,1],98395]
[[-95,-433,370,-77,-1,1],98517]
[[-7688,2566,292,-110,-2,1],98520]
[[1901,1173,-36,-70,-1,1],98542]
[[-387,444,273,-96,-2,1],98559]
[[-75,119,37,-72,-1,1],98649]
[[-195,910,65,-67,-2,1],98670]
[[1317,1047,0,-68,-1,1],98676]
[[280,100,-220,-82,-2,1],98760]
[[-525,825,171,-79,-1,1],98811]
[[-251,294,48,-37,-2,1],98831]
[[-122,21,94,-33,-2,1],98852]
[[4136,1972,-42,-93,-2,1],98957]
[[112,520,-10,-53,0,1],98968]
[[-277,523,46,-92,-1,1],99074]
[[223,214,-1,-35,-2,1],99158]
[[178,226,28,-35,-2,1],99198]
[[-371,-88,205,-48,-2,1],99245]
[[-43,60,35,-21,-2,1],99282]
[[-2313,2133,108,-97,-1,1],99315]
[[291,-117,-273,-80,-1,1],99351]
[[-8,76,-82,-42,0,1],99374]
[[-3163,1399,122,-75,-1,1],99407]
[[2039,1082,-109,-95,-2,1],99426]
[[976,1048,16,-68,-2,1],99528]
[[2515,1338,-66,-87,-2,1],99557]
[[-10,26,2,-21,-1,1],99586]
[[-155,388,-145,-85,-2,1],99654]
[[772,-340,-450,-95,0,1],99750]
[[-4,-41,-72,-35,-1,1],99769]
[[-365,-744,-475,-100,0,1],99807]
[[-452,640,98,-65,-2,1],99814]
[[-6544,1912,264,-92,-2,1],99952]
[[-14,1,35,-19,-2,1],99969]
[[-356,-165,263,-59,-2,1],99973]
[[153,390,-99,-71,-2,1],99978]
[[-283,121,63,-30,-1,1],99997]
