[[-2744,1498,256,-98,-2,1],100008]
[[1014,741,12,-59,-1,1],100017]
[[-168,244,-26,-40,0,1],100078]
[[288,180,-165,-75,0,1],100125]
[[1174,525,-175,-85,0,1],100125]
[[-804,-276,429,-89,-1,1],100170]
[[2764,1241,-148,-82,0,1],100280]
[[188,261,-20,-38,0,1],100312]
[[3662,1752,-52,-81,-1,1],100430]
[[-3184,1016,284,-95,-2,1],100458]
[[19,64,35,-25,-1,1],100503]
[[-792,682,88,-75,-2,1],100584]
[[3213,1413,-108,-87,-1,1],100719]
[[1056,512,-94,-61,-1,1],100777]
[[424,592,-162,-80,0,1],100846]
[[200,245,-11,-65,0,1],100877]
[[857,502,-67,-61,-1,1],100895]
[[53,30,-79,-43,-2,1],100910]
[[-369,-111,277,-68,-1,1],100915]
[[166,360,118,-59,-1,1],100930]
[[-216,337,-40,-66,0,1],101032]
[[6,93,-36,-55,-2,1],101052]
[[196,-392,-400,-93,-1,1],101054]
[[-2595,1242,157,-79,-1,1],101121]
[[188,165,-19,-33,-2,1],101145]
[[-36,189,163,-60,-1,1],101147]
[[53,62,-29,-38,0,1],101353]
[[441,315,-43,-53,-2,1],101369]
[[-56,73,46,-29,-2,1],101448]
[[-674,510,68,-49,-1,1],101630]
[[164,54,-117,-60,-2,1],101827]
[[-252,252,0,-37,0,1],101934]
[[-124,318,-28,-86,0,1],101992]
[[304,508,50,-49,-2,1],102027]
[[224,744,-92,-88,-1,1],102139]
[[-184,98,176,-98,-2,1],102168]
[[26,10,-42,-26,-1,1],102224]
[[7,-66,91,-27,-2,1],102230]
[[48,-238,280,-62,-2,1],102248]
[[221,338,-7,-65,-2,1],102258]
[[152,476,122,-74,-2,1],102294]
[[-1136,640,146,-66,-1,1],102296]
[[-616,408,226,-70,-2,1],102398]
[[-288,216,186,-69,-2,1],102417]
[[2216,1284,-52,-73,0,1],102559]
[[529,368,-26,-45,-2,1],102587]
[[47,219,-1,-34,-1,1],102613]
[[48,81,-16,-42,0,1],102672]
[[-1,-29,-143,-77,-1,1],102685]
[[425,430,-42,-77,-1,1],102737]
[[-434,494,-26,-65,-1,1],102858]
[[400,400,-25,-50,0,1],102875]
[[-87,-49,103,-29,-2,1],102907]
[[-300,-160,272,-65,-1,1],102910]
[[-46,-383,360,-78,-2,1],102920]
[[76,-231,196,-49,-1,1],102955]
[[-10,25,28,-34,-2,1],102960]
[[-57,-236,299,-70,-2,1],102999]
[[4,1585,-180,-110,0,1],103000]
[[3,29,-17,-21,-1,1],103176]
[[-31,179,-39,-62,0,1],103287]
[[-463,391,32,-43,-1,1],103343]
[[231,29,-310,-94,-1,1],103358]
[[304,788,148,-86,-2,1],103412]
[[-3,58,-33,-55,-1,1],103507]
[[-381,592,-27,-100,-2,1],103565]
[[-14,661,337,-97,-2,1],103631]
[[106,4,-146,-63,-2,1],103702]
[[-107,83,63,-45,-2,1],103705]
[[294,358,8,-49,-1,1],103726]
[[3534,1581,-124,-93,0,1],103788]
[[3671,2106,-167,-107,0,1],103795]
[[117,81,-57,-33,0,1],103833]
[[-875,460,157,-65,-2,1],103878]
[[468,124,-192,-75,-1,1],103942]
[[1249,2204,69,-93,-2,1],103946]
[[-107,-373,-322,-87,-1,1],103973]
[[-697,1034,-3,-71,0,1],103974]
[[1593,1324,-26,-79,-1,1],104007]
[[-394,551,-56,-61,0,1],104072]
[[-55,-21,263,-76,-1,1],104089]
[[-763,678,38,-83,-2,1],104131]
[[265,125,-90,-49,-1,1],104135]
[[-425,244,55,-33,-2,1],104141]
[[7,-12,-86,-37,0,1],104179]
[[2080,1592,22,-80,-2,1],104198]
[[-2204,585,302,-86,-2,1],104204]
[[-886,369,86,-39,-2,1],104313]
[[33,64,-21,-22,0,1],104397]
[[736,376,-78,-53,-1,1],104431]
[[1568,1064,-66,-68,0,1],104466]
[[-36,-162,-192,-66,0,1],104616]
[[72,492,24,-48,-2,1],104616]
[[1996,1359,-46,-94,-2,1],104632]
[[839,492,-89,-67,-2,1],104654]
[[517,666,121,-66,-2,1],104899]
[[1256,1032,-7,-73,-1,1],104936]
[[-112,-546,-441,-100,-1,1],104951]
[[-169,-506,-417,-90,0,1],104969]
[[95,201,32,-87,-1,1],105049]
[[-99,-475,-360,-82,-1,1],105146]
[[128,44,-151,-77,-1,1],105227]
[[-1476,297,390,-93,-2,1],105240]
[[-22,61,0,-30,-2,1],105256]
[[276,312,2,-49,-2,1],105270]
[[15,146,42,-31,-2,1],105355]
[[-2539,879,226,-83,-1,1],105383]
[[484,356,-27,-38,0,1],105429]
[[2439,1233,-49,-70,-1,1],105455]
[[97,39,-121,-73,-1,1],105464]
[[416,480,-32,-59,-1,1],105490]
[[154,253,-88,-55,0,1],105512]
[[-653,598,-8,-65,-1,1],105539]
[[-11629,3230,327,-115,-2,1],105574]
[[-2164,490,365,-95,-1,1],105586]
[[53,65,-6,-21,-1,1],105703]
[[712,-180,-410,-95,0,1],105750]
[[-177,196,85,-79,-1,1],105765]
[[72,189,87,-41,-2,1],105795]
[[1108,-1585,714,-106,-2,1],105944]
[[263,-744,441,-76,-2,1],105953]
[[-128,208,178,-68,-2,1],105966]
[[1847,508,-233,-77,0,1],105974]
[[-3017,1692,173,-85,-2,1],106018]
[[1781,1224,32,-71,-2,1],106039]
[[1195,999,26,-76,-1,1],106118]
[[-41,-51,94,-31,-1,1],106153]
[[1124,907,-101,-73,0,1],106207]
[[68,154,45,-47,-1,1],106234]
[[-503,109,205,-63,-2,1],106267]
[[764,429,-76,-50,0,1],106344]
[[2114,2015,-11,-101,0,1],106361]
[[924,690,-27,-55,-1,1],106398]
[[378,270,-36,-41,-1,1],106506]
[[-29,-197,247,-68,-1,1],106643]
[[88,205,-16,-38,0,1],106696]
[[327,446,15,-43,-2,1],106699]
[[369,205,-117,-55,0,1],106723]
[[78,369,202,-97,-1,1],106743]
[[-251,-566,-397,-87,0,1],106826]
[[2154,1277,-7,-75,-2,1],107005]
[[139,19,-99,-45,-2,1],107047]
[[-123,60,93,-53,-1,1],107055]
[[-3,-122,-259,-93,-1,1],107067]
[[-63,55,63,-30,-1,1],107159]
[[-73,289,129,-57,-1,1],107164]
[[-35,-134,185,-55,-2,1],107166]
[[63,234,-21,-63,-2,1],107166]
[[-66,41,35,-21,-2,1],107199]
[[-8,121,-48,-74,0,1],107224]
[[-153,-105,222,-60,-1,1],107262]
[[814,929,52,-62,-2,1],107272]
[[144,306,-180,-86,-2,1],107352]
[[228,198,-135,-95,-1,1],107370]
[[1,-20,59,-25,-2,1],107382]
[[784,1372,50,-73,-2,1],107445]
[[131,50,-227,-79,0,1],107474]
[[-125,224,-4,-37,0,1],107531]
[[-639,794,104,-69,-2,1],107561]
[[19,-8,-55,-26,0,1],107623]
[[1320,960,-60,-104,-1,1],107640]
[[-343,87,169,-61,-2,1],107657]
[[-2019,1840,-15,-125,0,1],107670]
[[182,682,-50,-67,-1,1],107670]
[[40,86,-85,-43,0,1],107705]
[[125,714,185,-87,-2,1],107763]
[[456,385,-35,-45,0,1],107875]
[[27,35,-15,-25,-2,1],107983]
[[896,632,15,-49,-2,1],108017]
[[28,156,166,-75,-1,1],108042]
[[1685,760,-120,-77,-2,1],108055]
[[-559,343,47,-38,-1,1],108117]
[[42,-487,432,-82,-2,1],108304]
[[-144,-591,-424,-87,0,1],108315]
[[10,101,155,-55,-2,1],108387]
[[-55,307,-97,-62,-1,1],108423]
[[17,296,39,-36,-2,1],108493]
[[-2777,811,211,-68,-2,1],108585]
[[19,-90,95,-26,-2,1],108601]
[[-968,580,168,-68,-2,1],108616]
[[-735,437,48,-46,-1,1],108634]
[[443,-34,-271,-83,-2,1],108642]
[[1972,1264,-12,-77,-1,1],108814]
[[-353,224,73,-47,-1,1],108837]
[[-585,300,255,-72,-2,1],108855]
[[-3049,1813,68,-92,-1,1],108936]
[[147,394,91,-82,-2,1],108955]
[[209,141,-73,-52,-2,1],108971]
[[15,124,27,-28,-2,1],109027]
[[-5,30,-7,-23,0,1],109030]
[[746,-1272,681,-111,-1,1],109076]
[[1193,615,-65,-55,0,1],109125]
[[-1152,-144,486,-98,-2,1],109170]
[[-3292,1572,176,-97,-1,1],109222]
[[1356,1500,72,-88,-1,1],109224]
[[-232,458,-5,-49,0,1],109289]
[[11,-19,-61,-30,-1,1],109315]
[[-2116,748,188,-71,-2,1],109406]
[[210,605,40,-54,-2,1],109445]
[[126,129,-22,-30,0,1],109548]
[[1232,1511,-3,-87,0,1],109603]
[[-120,140,40,-32,-2,1],109640]
[[220,414,-19,-62,0,1],109643]
[[1027,419,-107,-53,0,1],109645]
[[104,150,-16,-42,-2,1],109848]
[[824,688,20,-56,-1,1],109848]
[[1049,659,-10,-51,-1,1],109865]
[[38,209,188,-110,-2,1],109896]
[[51,358,-39,-47,0,1],109938]
[[484,374,-41,-50,-2,1],109939]
[[-987,731,60,-91,-1,1],109979]
[[-320,264,52,-40,-1,1],110035]
[[180,218,17,-37,-1,1],110038]
[[-135,145,195,-64,-1,1],110095]
[[-564,-1106,-584,-102,0,1],110120]
[[-216,756,-30,-67,0,1],110132]
[[5,51,61,-31,-2,1],110173]
[[-665,498,98,-73,-2,1],110263]
[[42,-180,210,-59,-1,1],110286]
[[202,299,-10,-35,0,1],110303]
[[-98,105,64,-36,-2,1],110320]
[[-109,203,82,-43,-1,1],110351]
[[72,306,132,-95,-2,1],110520]
[[-288,432,48,-71,-1,1],110610]
[[-1187,138,286,-69,-2,1],110617]
[[1863,1735,-57,-86,0,1],110721]
[[-220,626,-261,-108,0,1],110731]
[[48,280,-20,-40,0,1],110750]
[[-589,301,218,-74,-1,1],110832]
[[138,87,-46,-30,0,1],110952]
[[-2087,790,131,-58,-2,1],110955]
[[-2,65,128,-43,-2,1],111060]
[[583,390,-35,-40,0,1],111125]
[[-3224,1644,136,-88,-2,1],111176]
[[-1,10,-5,-35,0,1],111250]
[[82,413,-3,-41,0,1],111273]
[[1407,1250,19,-71,-2,1],111290]
[[-436,400,147,-57,-2,1],111299]
[[-245,248,30,-49,-1,1],111391]
[[-19,204,-319,-122,0,1],111465]
[[28,-4,-104,-63,-2,1],111470]
[[2372,1305,-76,-92,0,1],111472]
[[-614,660,-10,-73,0,1],111546]
[[710,-1061,515,-83,-2,1],111551]
[[-200,-626,493,-92,-1,1],111571]
[[128,108,-40,-34,0,1],111592]
[[-33,104,-9,-32,-2,1],111605]
[[-1148,540,84,-51,-1,1],111626]
[[96,-336,312,-83,-1,1],111690]
[[518,1700,-36,-103,-1,1],111694]
[[17,477,26,-55,-1,1],111755]
[[1891,1211,-61,-70,0,1],111757]
[[-48,131,-26,-53,0,1],111815]
[[192,-89,-228,-72,0,1],111832]
[[-149,-64,300,-81,-2,1],111845]
[[-175,380,-101,-70,0,1],111857]
[[17,-56,-224,-97,-2,1],112005]
[[95,351,26,-48,-1,1],112106]
[[-288,376,-50,-54,0,1],112174]
[[1088,689,-48,-53,0,1],112340]
[[1008,540,-104,-66,0,1],112392]
[[147,7,-126,-49,-1,1],112399]
[[-1456,526,188,-62,-2,1],112424]
[[-16,-86,-108,-38,0,1],112432]
[[272,872,104,-68,-2,1],112464]
[[-154,382,38,-48,-1,1],112568]
[[290,250,-64,-71,-1,1],112610]
[[1512,756,-126,-78,0,1],112770]
[[858,385,-116,-64,-2,1],112816]
[[993,1170,173,-103,-2,1],112830]
[[-929,618,115,-55,-2,1],113006]
[[-95,292,-178,-75,0,1],113023]
[[-19,49,-11,-21,0,1],113023]
[[247,517,-87,-71,-2,1],113041]
[[27,-54,-186,-59,0,1],113045]
[[-656,1680,31,-87,-1,1],113060]
[[209,249,-59,-68,-1,1],113119]
[[-40,-212,-238,-67,-1,1],113342]
[[-180,-45,171,-45,-2,1],113385]
[[12,20,-144,-61,-1,1],113458]
[[67,-217,-319,-100,0,1],113491]
[[80,-102,-287,-83,-1,1],113491]
[[757,506,-106,-63,0,1],113515]
[[-522,-186,456,-99,-1,1],113526]
[[1204,1014,-85,-91,-1,1],113530]
[[-177,277,0,-49,-1,1],113587]
[[3375,2200,-115,-105,0,1],113590]
[[-25,-335,287,-63,-1,1],113645]
[[574,401,-64,-61,0,1],113771]
[[-1782,677,136,-58,-2,1],113804]
[[-1695,1280,55,-89,-2,1],113810]
[[-306,1071,0,-104,-2,1],113832]
[[-231,493,86,-105,-1,1],113855]
[[64,-720,477,-87,-1,1],113870]
[[31,29,-45,-35,0,1],113993]
[[-4,34,-15,-26,-2,1],114029]
[[1132,1302,145,-99,-1,1],114094]
[[405,127,-260,-112,-1,1],114104]
[[1276,986,-87,-102,0,1],114115]
[[23,-279,323,-69,-2,1],114117]
[[216,1240,-80,-85,0,1],114125]
[[-371,309,114,-91,-1,1],114139]
[[2695,1771,-11,-89,-2,1],114147]
[[894,692,-86,-79,-2,1],114190]
[[80,-115,-300,-87,0,1],114215]
[[-5751,1923,208,-92,-1,1],114232]
[[1105,856,-59,-73,-2,1],114286]
[[-568,408,62,-42,-2,1],114294]
[[164,226,-23,-37,-1,1],114330]
[[12,110,-35,-39,-1,1],114363]
[[18,396,98,-59,-1,1],114382]
[[1352,1924,-2,-93,0,1],114520]
[[1559,825,-154,-102,-1,1],114568]
[[150,149,-41,-47,0,1],114701]
[[-977,268,208,-65,-2,1],114705]
[[4,116,102,-69,-1,1],114718]
[[-246,184,30,-31,-1,1],114730]
[[2303,1249,-26,-70,-1,1],114744]
[[12,108,0,-68,-1,1],114768]
[[-468,-162,425,-101,-1,1],114794]
[[-1888,928,132,-63,-2,1],114806]
[[363,297,-57,-65,0,1],114813]
[[-776,680,52,-63,-2,1],114839]
[[39,52,-40,-43,-2,1],114855]
[[-185,244,31,-35,-2,1],114930]
[[234,227,-28,-41,-1,1],114947]
[[315,204,-53,-42,0,1],115083]
[[-738,567,36,-57,-1,1],115095]
[[191,277,3,-35,-1,1],115103]
[[-1791,1709,-17,-115,-2,1],115181]
[[-1303,1174,133,-79,-1,1],115221]
[[25,-160,271,-68,-2,1],115261]
[[879,690,-12,-59,-2,1],115317]
[[-783,1107,45,-92,-1,1],115335]
[[-142,835,220,-84,-2,1],115336]
[[-900,317,194,-69,-2,1],115381]
[[-702,99,216,-61,-1,1],115381]
[[26,30,-20,-25,-1,1],115438]
[[3055,1396,-59,-78,-2,1],115517]
[[17,60,29,-30,-2,1],115527]
[[-2877,1165,143,-73,-2,1],115543]
[[62,127,20,-29,-1,1],115623]
[[140,6,-165,-70,-2,1],115637]
[[-1,41,63,-27,-2,1],115733]
[[-1232,416,218,-78,-1,1],115736]
[[-11,39,8,-52,-1,1],115768]
[[-84,262,39,-39,-1,1],115814]
[[255,460,-12,-43,0,1],115815]
[[-716,-104,358,-77,-2,1],115818]
[[4281,1920,-31,-85,-2,1],115842]
[[-4802,2065,316,-110,-2,1],116028]
[[-64,-192,445,-103,-1,1],116062]
[[-467,541,-30,-69,-1,1],116105]
[[502,681,124,-66,-2,1],116144]
[[2112,1262,-89,-90,-1,1],116145]
[[355,406,17,-55,-1,1],116163]
[[469,538,41,-79,-2,1],116166]
[[13,119,-191,-74,-1,1],116181]
[[207,101,-71,-38,0,1],116195]
[[986,836,-168,-83,0,1],116202]
[[169,364,91,-65,-2,1],116298]
[[-32,200,38,-70,-2,1],116318]
[[175,-416,271,-53,-2,1],116334]
[[-348,181,80,-39,-1,1],116367]
[[-591,928,79,-93,-2,1],116430]
[[432,379,1,-40,-1,1],116449]
[[1288,963,-26,-70,-2,1],116456]
[[-2341,1178,151,-90,-2,1],116653]
[[196,231,-2,-37,0,1],116665]
[[-338,324,16,-45,-1,1],116682]
[[-632,-20,294,-74,-2,1],116698]
[[2405,1034,-103,-77,-2,1],116766]
[[5728,2432,-118,-98,0,1],116806]
[[-21,-182,-264,-73,0,1],116809]
[[-992,1292,53,-78,-1,1],116951]
[[-999,550,73,-49,-1,1],116995]
[[954,1335,-110,-90,0,1],117000]
[[368,592,-72,-72,-1,1],117016]
[[-258,74,104,-41,-1,1],117046]
[[510,560,-202,-99,-2,1],117090]
[[2188,1501,-83,-101,-2,1],117189]
[[421,1369,8,-78,-1,1],117218]
[[-1181,454,151,-60,-2,1],117223]
[[-144,468,6,-77,-2,1],117243]
[[88,246,73,-79,-1,1],117307]
[[131,162,9,-27,-2,1],117326]
[[28,-118,-159,-54,-2,1],117359]
[[-80,-256,248,-57,-1,1],117410]
[[173,1919,-12,-96,-1,1],117416]
[[-523,513,-17,-53,0,1],117449]
[[62,-128,-188,-59,-1,1],117458]
[[4460,1848,-314,-125,-1,1],117478]
[[-243,38,201,-55,-2,1],117526]
[[-731,-1109,-547,-95,0,1],117539]
[[-185,164,31,-33,-2,1],117542]
[[-1513,709,119,-63,-1,1],117557]
[[-934,648,270,-91,-1,1],117574]
[[550,-959,508,-86,-2,1],117576]
[[-18,38,8,-17,-1,1],117610]
[[1252,2296,73,-95,-2,1],117639]
[[73,69,-23,-27,-2,1],117661]
[[-146,144,19,-33,-1,1],117708]
[[-2426,1730,142,-92,-1,1],117720]
[[593,255,-139,-61,0,1],117767]
[[-132,272,-42,-49,-1,1],117802]
[[1031,640,-60,-55,0,1],117875]
[[374,526,50,-86,-1,1],118032]
[[-208,-152,323,-77,-1,1],118170]
[[-80,10,221,-65,-2,1],118295]
[[-126,204,-16,-47,0,1],118310]
[[-21,318,47,-37,-2,1],118326]
[[1460,818,-96,-82,-2,1],118352]
[[1,12,-1,-28,-2,1],118439]
[[252,9,-162,-61,-2,1],118440]
[[-36,513,-412,-120,0,1],118448]
[[-1085,502,93,-51,-1,1],118493]
[[203,754,55,-55,-2,1],118494]
[[19,233,48,-91,-1,1],118541]
[[-707,739,-25,-79,-2,1],118545]
[[-266,54,160,-51,-1,1],118590]
[[1312,769,-184,-82,0,1],118616]
[[2751,1253,-52,-68,-1,1],118664]
[[-156,-164,235,-61,-1,1],118722]
[[-3778,1601,212,-86,-2,1],118728]
[[1155,709,-60,-67,-1,1],118783]
[[-15,140,-115,-53,0,1],118790]
[[-3503,2520,159,-102,-2,1],118813]
[[121,85,-127,-61,-1,1],118836]
[[112,624,-36,-63,-1,1],118898]
[[63,-234,252,-61,-2,1],118917]
[[-600,976,382,-108,-2,1],118938]
[[-2322,1023,131,-65,-2,1],118963]
[[-285,64,95,-31,-2,1],118974]
[[1566,1449,-177,-99,0,1],119079]
[[14,29,-11,-21,-2,1],119117]
[[808,916,22,-61,-2,1],119117]
[[239,273,-22,-42,-1,1],119152]
[[-3,12,15,-47,-1,1],119205]
[[-1810,1903,140,-89,-2,1],119261]
[[327,478,-100,-73,-2,1],119301]
[[-164,204,64,-40,-1,1],119336]
[[463,639,-41,-60,-1,1],119343]
[[-28,171,-115,-103,0,1],119467]
[[-109,-339,-321,-85,-1,1],119480]
[[-287,-666,-431,-91,-1,1],119515]
[[95,10,-95,-43,-1,1],119515]
[[-2055,2005,120,-94,-1,1],119590]
[[-230,421,128,-82,-2,1],119624]
[[3444,1961,40,-91,-2,1],119636]
[[159,332,-17,-81,-2,1],119638]
[[-1404,774,225,-91,-1,1],119654]
[[-161,215,181,-116,-1,1],119661]
[[-1568,490,224,-70,-2,1],119784]
[[972,342,-239,-85,-1,1],119810]
[[117,-305,-304,-75,-1,1],119889]
[[-2661,818,277,-82,-2,1],119911]
[[1902,1513,-46,-93,-1,1],119991]
[[1,84,12,-31,-2,1],120013]
[[901,1043,163,-89,-1,1],120024]
[[8,-20,-102,-45,-1,1],120026]
[[-298,142,100,-43,-2,1],120078]
[[-683,396,73,-45,-1,1],120093]
[[42,-181,183,-47,-2,1],120143]
[[-64,288,220,-100,-2,1],120190]
[[-43,202,-141,-71,-2,1],120274]
[[1986,1392,-90,-89,-1,1],120294]
[[-1131,2111,72,-97,-1,1],120445]
[[563,314,-39,-36,0,1],120461]
[[-201,297,57,-41,-1,1],120492]
[[-1698,1298,84,-73,-1,1],120506]
[[1,11,9,-34,-1,1],120523]
[[360,-674,397,-76,-1,1],120547]
[[264,208,-88,-51,-1,1],120627]
[[1597,998,0,-61,-2,1],120719]
[[4651,2322,3,-100,-2,1],120737]
[[-29,-187,192,-48,-1,1],120752]
[[790,654,-130,-95,0,1],120814]
[[-1203,988,-23,-85,-2,1],120898]
[[-847,391,168,-65,-1,1],120913]
[[560,1312,53,-77,-1,1],120978]
[[5310,2394,-102,-117,-1,1],120990]
[[1,-10,-45,-33,0,1],121034]
[[121,534,-8,-63,-1,1],121035]
[[1,-47,-85,-41,-2,1],121057]
[[-81,63,297,-107,-2,1],121063]
[[156,52,-195,-69,-1,1],121069]
[[-360,324,120,-68,-2,1],121104]
[[23,225,342,-94,-1,1],121148]
[[80,387,152,-73,-1,1],121151]
[[24,-226,264,-82,-2,1],121208]
[[-63,-370,309,-61,-2,1],121210]
[[40,0,-170,-69,-2,1],121265]
[[3,-12,-119,-45,0,1],121266]
[[1757,1006,-96,-83,0,1],121285]
[[1083,-1596,747,-113,-2,1],121302]
[[2261,786,-203,-79,0,1],121302]
[[-30,175,-10,-40,0,1],121375]
[[221,208,-65,-43,0,1],121394]
[[1248,330,-280,-94,-2,1],121416]
[[404,670,161,-87,-1,1],121510]
[[1494,1266,-118,-87,0,1],121590]
[[-771,289,181,-63,-2,1],121599]
[[2728,985,-160,-75,0,1],121625]
[[-2499,754,313,-99,-2,1],121626]
[[342,194,-48,-37,-1,1],121714]
[[59,-55,-137,-49,-1,1],121752]
[[1854,1359,-40,-75,0,1],121752]
[[892,706,7,-60,-2,1],121811]
[[640,784,-16,-58,0,1],121816]
[[3227,2223,-7,-102,-1,1],121883]
[[-80,304,-52,-71,-2,1],121894]
[[287,662,-29,-55,0,1],121898]
[[3,27,-15,-19,0,1],121923]
[[-274,1577,-64,-104,-2,1],121968]
[[-30,52,24,-19,-1,1],122002]
[[-3068,1344,138,-84,-1,1],122012]
[[207,-451,308,-65,-1,1],122021]
[[-483,495,-15,-55,0,1],122085]
[[2646,1476,-36,-75,-1,1],122130]
[[-367,486,223,-79,-2,1],122162]
[[-2982,2131,221,-103,-2,1],122235]
[[833,350,-125,-58,0,1],122239]
[[-108,306,-8,-42,0,1],122328]
[[-452,569,-14,-65,-2,1],122344]
[[520,-280,-422,-104,-2,1],122530]
[[7,-94,-181,-83,0,1],122570]
[[1190,820,-10,-69,-1,1],122590]
[[88,466,-15,-51,-1,1],122623]
[[-233,451,185,-67,-2,1],122631]
[[185,31,-155,-66,0,1],122659]
[[1224,754,-43,-55,0,1],122669]
[[20,520,35,-59,-1,1],122760]
[[-572,-256,400,-89,-1,1],122778]
[[-25,0,59,-30,-2,1],122781]
[[351,221,-65,-45,-1,1],122824]
[[5,-117,205,-91,-1,1],122972]
[[1080,684,-162,-82,0,1],123046]
[[76,454,99,-60,-2,1],123107]
[[1091,811,19,-55,-2,1],123111]
[[937,660,-85,-65,0,1],123125]
[[-717,-410,516,-103,-2,1],123205]
[[451,149,-273,-118,-1,1],123215]
[[139,-136,-294,-93,-2,1],123437]
[[-2584,652,358,-100,-2,1],123442]
[[1993,985,-67,-73,-2,1],123477]
[[-486,2871,-18,-112,0,1],123485]
[[648,424,-46,-52,-2,1],123558]
[[-8,-116,258,-126,-2,1],123602]
[[2,12,-10,-27,-1,1],123610]
[[299,462,-14,-43,0,1],123615]
[[-1807,397,416,-102,-1,1],123622]
[[257,242,-31,-44,-2,1],123633]
[[76,1268,-19,-81,-1,1],123662]
[[307,248,-5,-33,-2,1],123722]
[[-3537,1761,143,-88,-1,1],123787]
[[-328,24,146,-42,-2,1],123810]
[[864,534,-24,-50,-2,1],123816]
[[461,913,-100,-98,-1,1],123822]
[[341,209,-163,-93,-1,1],123860]
[[-548,229,118,-50,-2,1],123948]
[[28,17,-148,-58,0,1],123952]
[[-516,276,72,-44,-1,1],124056]
[[4721,2733,-45,-109,-1,1],124129]
[[317,-196,-363,-100,-2,1],124187]
[[1317,580,-167,-81,-2,1],124218]
[[2059,2357,109,-110,-1,1],124221]
[[447,339,-13,-39,0,1],124227]
[[-18,103,32,-28,-2,1],124248]
[[39,-807,526,-94,-1,1],124248]
[[1218,396,-164,-63,0,1],124290]
[[-37,-71,164,-68,-1,1],124344]
[[-1912,1064,156,-81,-1,1],124349]
[[-376,507,-62,-73,-2,1],124360]
[[59,-649,-511,-107,-1,1],124372]
[[504,-1014,624,-110,-2,1],124392]
[[-972,45,318,-74,-2,1],124412]
[[4,-26,-109,-91,-1,1],124506]
[[296,341,32,-47,-2,1],124524]
[[-1400,636,130,-60,-2,1],124538]
[[259,-485,-483,-107,-1,1],124540]
[[717,630,-33,-53,0,1],124542]
[[2051,1189,-28,-68,-1,1],124560]
[[-3076,2878,144,-110,-2,1],124592]
[[398,341,-114,-59,0,1],124620]
[[194,259,-122,-58,0,1],124696]
[[152,220,-110,-73,-2,1],124718]
[[2767,1480,-115,-85,0,1],124750]
[[202,142,-50,-41,-2,1],124866]
[[-12,36,60,-35,-2,1],124938]
[[556,156,-194,-71,0,1],124974]
[[444,674,105,-71,-1,1],124990]
[[262,182,-132,-61,-1,1],125110]
[[-189,375,-71,-83,-1,1],125204]
[[-78,207,-2,-42,0,1],125208]
[[867,1156,-17,-73,0,1],125222]
[[2117,1360,41,-77,-2,1],125254]
[[-14,946,-88,-77,0,1],125318]
[[-333,646,-44,-97,-2,1],125321]
[[-1945,978,135,-79,-1,1],125347]
[[-169,65,81,-31,-2,1],125347]
[[-403,-1010,-656,-119,0,1],125423]
[[595,1127,42,-76,-1,1],125482]
[[2304,1224,-261,-115,-2,1],125487]
[[-328,337,65,-62,-1,1],125505]
[[-1708,1145,129,-79,-2,1],125573]
[[-1100,500,210,-85,-1,1],125590]
[[-34,81,68,-30,-2,1],125592]
[[-684,468,45,-53,-1,1],125604]
[[-6435,1878,241,-87,-2,1],125626]
[[3128,886,-313,-104,-1,1],125649]
[[636,532,8,-52,-1,1],125672]
[[-1,16,-3,-57,0,1],125690]
[[-394,138,120,-43,-2,1],125698]
[[56,-28,-168,-64,-2,1],125720]
[[-159,630,-15,-55,0,1],125730]
[[216,-564,438,-86,-2,1],125742]
[[-434,325,73,-44,-1,1],125755]
[[1663,626,-135,-63,0,1],125762]
[[1826,533,-424,-113,0,1],125836]
[[1256,1251,30,-69,-2,1],125864]
[[7,-63,91,-30,-1,1],125895]
[[1422,-81,-498,-114,0,1],125928]
[[1953,1197,-91,-93,0,1],125937]
[[89,-113,-201,-69,-2,1],125945]
[[-4,102,-20,-46,0,1],126072]
[[-22,-10,84,-51,-1,1],126086]
[[-215,889,85,-68,-1,1],126097]
[[-243,435,-79,-70,-1,1],126157]
[[50,-15,-94,-43,0,1],126164]
[[24,140,160,-56,-2,1],126232]
[[145,-69,-260,-103,-1,1],126259]
[[296,536,28,-64,-1,1],126288]
[[-1827,785,100,-57,-1,1],126337]
[[61,-229,-255,-72,-2,1],126347]
[[-925,580,91,-70,-2,1],126423]
[[-4,-266,-314,-77,0,1],126440]
[[-4,59,-104,-52,0,1],126440]
[[-3402,1512,126,-83,-1,1],126462]
[[940,814,-48,-62,0,1],126488]
[[33,22,-33,-22,0,1],126687]
[[247,1221,26,-70,-1,1],126698]
[[4284,1385,-260,-98,0,1],126712]
[[-2880,1424,116,-81,-1,1],126838]
[[1490,1101,56,-70,-2,1],126943]
[[1125,925,-45,-69,-1,1],126989]
[[-2099,730,137,-55,-2,1],127074]
[[900,582,-163,-96,0,1],127161]
[[-3746,1404,284,-113,-2,1],127166]
[[416,788,20,-62,-2,1],127188]
[[-817,344,215,-65,-2,1],127194]
[[38,-39,-180,-66,-2,1],127216]
[[-9,-111,-300,-104,-1,1],127272]
[[600,176,-246,-82,-1,1],127288]
[[-1550,1106,30,-100,-1,1],127336]
[[146,1229,72,-70,-2,1],127391]
[[-60,262,-23,-40,0,1],127471]
[[-3107,800,319,-89,-2,1],127478]
[[40,196,-48,-48,-2,1],127576]
[[323,261,-153,-109,-1,1],127624]
[[2252,1356,-34,-73,-1,1],127642]
[[-1536,930,87,-62,-1,1],127665]
[[-371,832,100,-63,-2,1],127715]
[[-3613,857,372,-100,-1,1],127768]
[[-276,-592,-418,-101,-1,1],127822]
[[3663,2061,-9,-103,0,1],127935]
[[324,1146,-8,-82,0,1],127960]
[[63,84,-119,-92,0,1],128051]
[[368,1024,124,-116,-1,1],128060]
[[-23,113,13,-26,-1,1],128079]
[[-2799,930,165,-63,-2,1],128106]
[[-3,28,-9,-22,-2,1],128107]
[[-54,-193,-177,-52,-1,1],128207]
[[10,-9,-65,-37,0,1],128215]
[[-2628,1476,105,-81,-1,1],128238]
[[-126,-362,318,-67,-1,1],128254]
[[637,396,-31,-41,0,1],128326]
[[413,591,101,-63,-2,1],128445]
[[-316,253,68,-47,-1,1],128457]
[[3395,1357,-101,-73,0,1],128537]
[[232,532,46,-49,-2,1],128623]
[[-8,-20,136,-72,-2,1],128632]
[[270,327,-19,-37,0,1],128809]
[[-2528,864,176,-67,-2,1],128890]
[[-547,584,-41,-69,0,1],128954]
[[336,988,-22,-73,-1,1],129059]
[[-47,58,55,-53,-1,1],129131]
[[441,201,-79,-41,0,1],129209]
[[6096,1996,-200,-96,0,1],129224]
[[12,-32,-84,-43,-1,1],129254]
[[-882,585,84,-54,-2,1],129336]
[[80,-268,229,-55,-1,1],129402]
[[378,207,-130,-72,0,1],129429]
[[8,87,-7,-55,0,1],129563]
[[-1111,682,165,-111,-2,1],129646]
[[2586,1002,-162,-82,-1,1],129744]
[[1229,994,-51,-67,0,1],129758]
[[974,640,-50,-65,0,1],129790]
[[20,-92,128,-51,-1,1],129818]
[[279,315,23,-46,-1,1],129823]
[[359,554,87,-93,-2,1],129886]
[[-29,-178,-184,-57,-1,1],129889]
[[1819,1000,-11,-62,-2,1],129915]
[[-1749,843,123,-59,-2,1],129951]
[[42,-86,-132,-45,-1,1],130078]
[[99,124,9,-22,-2,1],130099]
[[-2546,1039,136,-68,-2,1],130104]
[[-191,-291,341,-74,-2,1],130141]
[[-4625,1492,277,-94,-2,1],130219]
[[-792,786,-29,-82,-1,1],130229]
[[-1549,442,275,-89,-1,1],130239]
[[1200,740,-17,-57,-1,1],130266]
[[91,-242,-285,-77,-1,1],130277]
[[651,816,-23,-57,0,1],130302]
[[-4221,1092,291,-83,-2,1],130326]
[[506,942,-2,-65,-1,1],130334]
[[-16,65,-8,-20,0,1],130352]
[[466,475,-15,-45,0,1],130375]
[[280,300,-160,-70,0,1],130500]
[[-304,596,89,-56,-2,1],130539]
[[11,123,55,-31,-2,1],130571]
[[209,204,-56,-73,-2,1],130583]
[[-1488,448,212,-70,-1,1],130643]
[[-329,390,-13,-62,0,1],130673]
[[4267,1697,-140,-92,-1,1],130680]
[[783,1413,183,-100,-1,1],130709]
[[-4789,1633,173,-82,-1,1],130747]
[[9,465,268,-94,-1,1],130782]
[[-1728,558,168,-58,-2,1],130808]
[[-1006,535,197,-82,-1,1],130855]
[[56,166,80,-65,-2,1],130856]
[[940,1114,175,-86,-2,1],130887]
[[-80,129,346,-91,-1,1],130931]
[[-488,708,-62,-77,-1,1],130942]
[[-670,-139,344,-74,-2,1],130968]
[[125,114,-13,-27,-2,1],130974]
[[177,190,9,-27,-2,1],130994]
[[146,180,-280,-97,-2,1],131054]
[[-1638,894,114,-68,-1,1],131064]
[[543,681,-42,-62,-1,1],131112]
[[-60,146,19,-39,-1,1],131130]
[[-21,418,-21,-55,-2,1],131134]
[[-224,248,30,-36,-2,1],131182]
[[366,379,-3,-43,-2,1],131203]
[[-1796,859,80,-61,-1,1],131265]
[[-1664,742,144,-62,-2,1],131288]
[[1290,346,-198,-67,0,1],131334]
[[377,42,-203,-67,0,1],131370]
[[83,-221,179,-44,-1,1],131409]
[[-4136,2908,208,-112,-2,1],131512]
[[-2348,1480,19,-96,-2,1],131545]
[[2439,585,-291,-87,0,1],131553]
[[-5608,2019,281,-103,-2,1],131573]
[[-194,1327,-6,-120,0,1],131597]
[[-964,950,209,-131,-1,1],131662]
[[1680,610,-155,-67,0,1],131665]
[[-6,-170,-318,-93,-2,1],131786]
[[-544,196,100,-37,-2,1],131832]
[[486,612,28,-53,-1,1],131842]
[[461,142,-161,-60,0,1],131869]
[[81,266,89,-51,-2,1],131913]
[[-212,182,43,-47,-1,1],131922]
[[3488,1224,-242,-94,0,1],131934]
[[11,-67,96,-36,-1,1],132008]
[[-12,47,26,-25,-1,1],132059]
[[1891,691,-166,-75,-1,1],132155]
[[49,378,301,-105,-1,1],132195]
[[3578,1395,-142,-82,0,1],132248]
[[-312,594,12,-62,-2,1],132264]
[[884,1262,-123,-100,-2,1],132271]
[[-3008,1814,48,-114,-2,1],132280]
[[93,24,-207,-97,-2,1],132282]
[[-1439,984,111,-69,-1,1],132355]
[[275,226,-34,-41,-2,1],132377]
[[-287,-524,-325,-73,-1,1],132399]
[[173,-167,-269,-79,-2,1],132417]
[[-3872,1210,341,-97,-2,1],132429]
[[-6229,2545,198,-114,-1,1],132430]
[[-2248,976,126,-69,-2,1],132523]
[[-12,-165,318,-77,-1,1],132561]
[[-2027,1474,197,-89,-2,1],132782]
[[-3312,1400,124,-81,-1,1],132858]
[[203,116,-99,-48,0,1],132965]
[[-1435,758,177,-103,-2,1],133094]
[[1352,1028,-26,-67,0,1],133094]
[[3610,2601,48,-102,-2,1],133160]
[[-1678,794,78,-58,-1,1],133168]
[[-336,796,62,-63,-1,1],133227]
[[4,-56,-96,-41,-1,1],133246]
[[-175,92,123,-49,-2,1],133342]
[[2328,1528,-66,-79,0,1],133413]
[[55,555,10,-53,-1,1],133535]
[[19,36,-5,-25,-1,1],133553]
[[-12153,3097,398,-126,-1,1],133560]
[[-1584,704,132,-67,-2,1],133606]
[[458,666,-310,-114,-1,1],133712]
[[-15,-115,-160,-54,-1,1],133730]
[[72,84,-78,-51,-2,1],133740]
[[2,26,30,-66,-1,1],133744]
[[-863,424,76,-43,-2,1],133829]
[[19,164,279,-93,-1,1],133847]
[[-355,343,31,-52,-1,1],134011]
[[-146,457,124,-59,-2,1],134028]
[[-51,-274,-323,-82,0,1],134045]
[[-31,-117,-131,-49,-2,1],134089]
[[164,-20,-176,-68,-1,1],134152]
[[-196,302,51,-36,-2,1],134183]
[[-108,-438,-401,-95,-1,1],134222]
[[-2,56,110,-75,-1,1],134234]
[[8,-111,190,-55,-2,1],134264]
[[-256,200,72,-42,-1,1],134305]
[[1014,1266,-160,-93,0,1],134406]
[[-871,794,-1,-83,-2,1],134478]
[[1035,530,-55,-47,0,1],134510]
[[-196,-56,248,-83,-1,1],134514]
[[968,350,-328,-107,-2,1],134568]
[[-733,451,102,-68,-1,1],134606]
[[-911,1086,-29,-83,0,1],134618]
[[-7583,2685,276,-114,-1,1],134630]
[[305,82,-109,-43,0,1],134678]
[[1297,408,-195,-78,-2,1],134683]
[[187,316,17,-40,-2,1],134715]
[[152,78,-84,-46,-2,1],134728]
[[527,-208,-398,-97,-1,1],134783]
[[42,-264,420,-113,-2,1],134838]
[[4840,1705,-160,-87,0,1],134845]
[[374,1001,-88,-77,0,1],134915]
[[-213,802,11,-103,-2,1],134922]
[[-434,738,87,-63,-1,1],134968]
[[115,222,51,-36,-2,1],134969]
[[-800,734,84,-54,-2,1],134984]
[[86,124,14,-25,-1,1],134986]
[[464,544,-212,-130,-1,1],135001]
[[-260,896,130,-83,-1,1],135018]
[[-135,287,-15,-47,-1,1],135032]
[[350,-800,510,-95,-1,1],135070]
[[967,747,23,-59,-2,1],135113]
[[-232,183,238,-70,-2,1],135160]
[[1568,1636,-83,-103,0,1],135199]
[[2380,1208,-16,-67,-2,1],135234]
[[-597,2010,-127,-111,0,1],135342]
[[922,720,-26,-77,-1,1],135382]
[[-231,155,236,-72,-1,1],135460]
[[-122,385,88,-80,-2,1],135504]
[[662,379,-64,-53,-2,1],135557]
[[-2211,1263,72,-76,-1,1],135612]
[[-821,862,-54,-73,0,1],135655]
[[64,111,22,-22,-2,1],135688]
[[64,-211,200,-51,-1,1],135715]
[[-1273,697,86,-55,-1,1],135745]
[[-405,342,36,-43,-2,1],135751]
[[776,716,-72,-62,0,1],135780]
[[1840,1304,8,-76,-2,1],135792]
[[2463,-2611,943,-119,-2,1],135893]
[[199,28,-130,-49,0,1],135931]
[[6,31,-51,-34,-1,1],135937]
[[711,366,-135,-65,-1,1],135969]
[[1552,441,-239,-87,-2,1],136037]
[[-484,627,-18,-69,-2,1],136072]
[[59,-278,215,-49,-1,1],136097]
[[1398,594,-126,-68,-1,1],136152]
[[645,460,-30,-43,0,1],136155]
[[-632,498,153,-75,-1,1],136157]
[[-4300,1070,424,-114,-2,1],136208]
[[2196,1881,117,-107,-2,1],136287]
[[1235,480,-170,-73,0,1],136305]
[[23,134,91,-45,-2,1],136306]
[[-2423,1418,133,-77,-2,1],136310]
[[525,430,7,-43,-1,1],136335]
[[144,148,-137,-61,-1,1],136338]
[[-2987,2792,133,-113,-1,1],136359]
[[6684,2263,-155,-93,0,1],136393]
[[1036,814,-102,-75,0,1],136456]
[[169,230,-9,-32,0,1],136483]
[[324,324,-22,-45,-2,1],136498]
[[-2147,778,153,-60,-2,1],136555]
[[1103,760,-32,-69,0,1],136603]
[[472,350,-46,-49,0,1],136604]
[[-21,-110,-174,-75,-2,1],136643]
[[-741,1047,222,-101,-1,1],136701]
[[-297,-79,217,-57,-1,1],136708]
[[-1008,300,249,-81,-1,1],136818]
[[-21,-10,157,-87,-2,1],136862]
[[-68,165,-11,-51,-2,1],136895]
[[91,129,-98,-58,-1,1],136910]
[[-972,1053,-90,-87,0,1],136932]
[[400,756,155,-92,-2,1],136963]
[[-55,355,-420,-128,-1,1],137020]
[[1334,1850,12,-87,-1,1],137030]
[[-305,348,-11,-44,0,1],137113]
[[971,-1786,819,-115,-2,1],137186]
[[-192,-39,150,-41,-2,1],137187]
[[297,-702,462,-83,-2,1],137327]
[[-56,220,17,-37,-1,1],137340]
[[-32,824,-76,-108,-1,1],137441]
[[-4577,1081,368,-100,-1,1],137448]
[[-6,-45,-78,-34,0,1],137448]
[[1805,1184,-11,-77,0,1],137474]
[[-96,216,-48,-92,0,1],137520]
[[-131,413,26,-45,-1,1],137545]
[[45,36,-60,-51,0,1],137547]
[[104,239,18,-40,-2,1],137593]
[[-1947,570,423,-103,-2,1],137610]
[[144,480,-8,-52,-1,1],137640]
[[331,136,-165,-60,0,1],137651]
[[-35,100,17,-25,-1,1],137655]
[[4519,1636,-133,-81,0,1],137710]
[[451,209,-88,-48,-1,1],137720]
[[3990,1557,-142,-87,0,1],137724]
[[-112,108,57,-57,-1,1],137738]
[[4116,1687,-72,-79,-1,1],137743]
[[396,416,-71,-60,-1,1],137745]
[[469,436,-83,-82,0,1],137795]
[[1752,1689,-136,-102,0,1],137808]
[[-665,644,-7,-57,0,1],137858]
[[-108,123,78,-42,-2,1],137880]
[[-33,-63,198,-86,-1,1],137880]
[[-552,-220,376,-80,-2,1],137896]
[[1188,792,-33,-71,-1,1],137896]
[[4020,1929,-21,-89,-2,1],137907]
[[-54,-10,82,-33,-2,1],138046]
[[-1779,1200,120,-77,-2,1],138051]
[[-155,84,43,-21,-2,1],138058]
[[-1206,1579,159,-91,-2,1],138133]
[[-1380,683,246,-82,-2,1],138136]
[[-196,54,125,-51,-1,1],138190]
[[317,712,289,-93,-2,1],138203]
[[-148,52,128,-56,-1,1],138420]
[[5046,2270,-102,-104,-1,1],138440]
[[592,341,-52,-45,-1,1],138467]
[[-3834,1521,240,-96,-2,1],138480]
[[-544,256,80,-41,-1,1],138582]
[[387,336,-11,-39,0,1],138690]
[[-122,290,74,-49,-2,1],138762]
[[-7806,2609,238,-107,-2,1],138791]
[[-2718,1299,240,-113,-2,1],138867]
[[-128,968,292,-104,-1,1],138879]
[[47,-140,127,-34,-2,1],138897]
[[-671,914,36,-69,-2,1],138899]
[[3707,2765,33,-133,-1,1],138940]
[[496,792,-68,-72,-1,1],138957]
[[2016,792,-192,-84,0,1],138960]
[[-392,259,162,-92,-2,1],138971]
[[1095,916,-49,-109,-2,1],139018]
[[1895,892,-59,-61,-1,1],139083]
[[-273,1555,87,-112,-2,1],139121]
[[-187,89,54,-27,-1,1],139123]
[[850,565,-80,-74,-2,1],139140]
[[-9,54,-13,-63,-1,1],139145]
[[175,250,-25,-47,0,1],139210]
[[72,81,-54,-62,-2,1],139284]
[[23,161,18,-42,-1,1],139288]
[[-527,146,133,-47,-1,1],139293]
[[5,54,13,-19,-2,1],139354]
[[-3949,1858,131,-109,-1,1],139379]
[[-813,365,161,-57,-2,1],139383]
[[-306,369,108,-62,-2,1],139428]
[[-176,1148,-88,-88,0,1],139528]
[[462,351,-48,-59,0,1],139608]
[[17,102,-37,-51,-1,1],139655]
[[5915,2314,-167,-111,0,1],139657]
[[63,-333,383,-80,-2,1],139813]
[[433,698,104,-73,-2,1],139849]
[[-212,-112,203,-49,-2,1],139851]
[[-1371,536,111,-49,-2,1],139858]
[[588,182,-168,-70,-2,1],139888]
[[3531,1036,-249,-88,0,1],139917]
[[-2353,1112,150,-69,-2,1],139933]
[[13,97,3,-32,-1,1],139943]
[[260,376,41,-53,-1,1],139995]
[[14,-165,-307,-91,-2,1],140015]
[[1391,1065,-22,-66,-1,1],140024]
[[-256,1408,101,-85,-1,1],140045]
[[-723,394,97,-51,-2,1],140202]
[[213,-914,553,-97,-1,1],140217]
[[125,255,47,-46,-1,1],140219]
[[-3187,1194,173,-71,-2,1],140318]
[[1782,1647,-18,-90,0,1],140328]
[[-390,536,130,-67,-2,1],140398]
[[-6737,2161,361,-113,-2,1],140445]
[[1864,1220,24,-72,-2,1],140620]
[[146,178,-56,-43,-1,1],140646]
[[2543,1208,-191,-95,0,1],140666]
[[151,753,-85,-73,0,1],140709]
[[361,-19,-253,-82,0,1],140713]
[[21,72,-51,-58,0,1],140715]
[[-1089,300,175,-53,-2,1],140734]
[[-628,292,265,-79,-1,1],140754]
[[-4549,1342,235,-79,-2,1],140814]
[[192,-576,473,-112,-2,1],140901]
[[-6575,2365,259,-101,-2,1],140931]
[[184,292,-8,-60,-2,1],140944]
[[264,394,28,-42,-2,1],140952]
[[12,42,0,-22,-2,1],140976]
[[80,1336,108,-104,-1,1],140981]
[[-164,162,73,-39,-1,1],140982]
[[298,-559,345,-69,-2,1],140987]
[[1545,754,-67,-64,-2,1],141023]
[[-2420,1033,139,-67,-2,1],141061]
[[-2768,1784,84,-88,-1,1],141079]
[[-3719,1021,324,-95,-1,1],141095]
[[-1853,721,231,-74,-2,1],141097]
[[-4,-106,-152,-54,-2,1],141136]
[[118,309,-56,-49,0,1],141139]
[[567,126,-201,-68,0,1],141155]
[[1954,909,-68,-59,0,1],141192]
[[-657,779,74,-60,-1,1],141202]
[[16,12,-208,-80,0,1],141256]
[[845,616,-41,-53,0,1],141322]
[[723,839,-26,-120,-1,1],141354]
[[355,1431,265,-115,-1,1],141404]
[[392,155,-104,-49,-1,1],141435]
[[-1160,676,172,-86,-2,1],141480]
[[-244,-80,199,-53,-1,1],141506]
[[-1192,976,98,-68,-1,1],141516]
[[238,240,-32,-47,0,1],141606]
[[-3358,595,457,-110,-1,1],141677]
[[1085,978,-22,-73,-2,1],141857]
[[40,-212,242,-61,-1,1],141894]
[[800,1110,249,-103,-1,1],141913]
[[-6440,3070,275,-121,-2,1],141945]
[[-998,241,224,-62,-2,1],141976]
[[-2401,882,155,-63,-2,1],141990]
[[-164,305,-60,-60,0,1],142000]
[[-408,529,178,-87,-2,1],142056]
[[2043,1371,-229,-114,0,1],142065]
[[2049,1332,33,-80,-2,1],142065]
[[491,-34,-280,-81,-1,1],142127]
[[-2376,1116,270,-105,-1,1],142146]
[[-10584,3156,374,-128,-2,1],142162]
[[-3,-220,-335,-93,-2,1],142282]
[[-2853,969,174,-71,-1,1],142311]
[[4935,2841,-74,-118,-1,1],142320]
[[9607,3259,-283,-136,-1,1],142399]
[[86,-222,176,-43,-2,1],142414]
[[334,1376,140,-99,-1,1],142426]
[[-178,188,60,-49,-2,1],142438]
[[-1144,1061,50,-74,-2,1],142452]
[[816,1849,58,-87,-2,1],142472]
[[5388,2680,1,-102,-2,1],142611]
[[1853,666,-181,-82,-2,1],142615]
[[288,232,-118,-76,-2,1],142626]
[[-26,-108,388,-105,-2,1],142630]
[[679,605,16,-56,-1,1],142632]
[[-231,227,23,-45,-2,1],142645]
[[4773,2687,25,-114,-1,1],142659]
[[-1647,-20,541,-108,-2,1],142665]
[[842,571,-10,-49,-1,1],142673]
[[229,133,-69,-41,-1,1],142699]
[[975,485,-203,-108,-1,1],142785]
[[-950,840,40,-69,-2,1],142790]
[[-430,230,50,-33,-1,1],142790]
[[1046,1439,62,-83,-1,1],142799]
[[-58,-283,-261,-73,-2,1],142823]
[[1144,2108,206,-117,-1,1],142858]
[[1167,-1623,726,-110,-1,1],142920]
[[-2000,820,364,-110,-2,1],142964]
[[-84,778,71,-63,-1,1],143010]
[[-945,276,159,-51,-2,1],143118]
[[-526,949,-26,-82,0,1],143140]
[[954,381,-178,-71,0,1],143140]
[[307,207,-31,-37,-2,1],143167]
[[927,1413,-73,-107,-2,1],143231]
[[-245,172,49,-29,-2,1],143298]
[[-1562,664,110,-55,-2,1],143302]
[[32,696,-56,-68,0,1],143320]
[[932,120,-327,-93,-1,1],143320]
[[4508,2548,38,-110,-1,1],143352]
[[-1120,696,86,-63,-1,1],143353]
[[3727,1745,-72,-88,-1,1],143440]
[[-901,442,85,-49,-1,1],143463]
[[2075,1170,-127,-103,0,1],143470]
[[484,164,-146,-62,-1,1],143496]
[[-441,651,42,-63,-1,1],143577]
[[-500,560,-46,-63,0,1],143602]
[[3200,1312,-118,-81,-1,1],143627]
[[2152,676,-234,-82,0,1],143686]
[[-1760,176,462,-105,-2,1],143693]
[[148,1213,-34,-85,-1,1],143711]
[[62,17,-108,-58,-2,1],143792]
[[-1704,548,240,-80,-2,1],143860]
[[281,327,41,-40,-2,1],143911]
[[488,940,46,-61,-2,1],143946]
[[-20,-2,56,-22,-2,1],143952]
[[-52,-756,529,-97,-1,1],144014]
[[625,550,-25,-56,-2,1],144029]
[[-728,849,-104,-82,0,1],144053]
[[-3310,743,308,-80,-2,1],144072]
[[-188,212,22,-38,-1,1],144072]
[[1696,1280,-56,-92,-1,1],144072]
[[13,-8,-80,-41,-2,1],144081]
[[425,489,21,-45,-2,1],144095]
[[614,907,208,-85,-2,1],144135]
[[248,345,-56,-55,0,1],144177]
[[-73,289,22,-35,-1,1],144227]
[[-3624,732,354,-86,-2,1],144234]
[[-308,220,264,-75,-2,1],144298]
[[-5792,1020,559,-126,-1,1],144399]
[[-10233,2442,399,-111,-2,1],144414]
[[-578,697,64,-56,-2,1],144432]
[[445,406,-315,-113,-1,1],144467]
[[-1345,1384,77,-75,-1,1],144485]
[[1816,1084,-68,-73,0,1],144569]
[[5360,2318,-57,-97,-2,1],144623]
[[3476,1522,-172,-113,-2,1],144628]
[[1440,949,-108,-73,0,1],144708]
[[-908,1039,46,-77,-2,1],144792]
[[40,112,-19,-61,-1,1],144792]
[[-111,223,212,-81,-1,1],144837]
[[-2229,849,270,-106,-1,1],144846]
[[4443,1948,-166,-109,-2,1],144867]
[[1323,581,-97,-60,-1,1],144869]
[[-3267,1460,249,-91,-2,1],144902]
[[-5103,550,609,-123,-1,1],144917]
[[-641,977,22,-86,-1,1],144936]
[[180,162,-228,-78,0,1],144936]
[[-192,-656,-604,-120,0,1],145022]
[[-675,184,185,-61,-2,1],145038]
[[104,404,210,-81,-1,1],145090]
[[3908,446,-615,-139,-1,1],145130]
[[1477,-430,-595,-115,0,1],145250]
[[-4225,1705,172,-88,-1,1],145320]
[[-9,45,-27,-54,-1,1],145335]
[[-1437,2077,104,-96,-1,1],145360]
[[618,234,-186,-77,-2,1],145386]
[[-34,124,-74,-59,-1,1],145442]
[[-69,-325,295,-63,-2,1],145483]
[[-1897,1107,265,-97,-2,1],145493]
[[-113,729,-86,-82,-1,1],145544]
[[-15,-103,-196,-65,-1,1],145639]
[[414,621,69,-105,-2,1],145659]
[[-887,469,161,-64,-1,1],145701]
[[2744,400,-450,-110,0,1],145750]
[[336,844,354,-129,-2,1],145789]
[[219,81,-75,-35,0,1],145809]
[[3648,2635,26,-100,-2,1],145839]
[[197,103,-127,-62,-1,1],145845]
[[-1026,759,28,-65,-1,1],145961]
[[-297,198,165,-83,-2,1],146014]
[[705,1441,-92,-94,-1,1],146022]
[[64,-160,-408,-127,-1,1],146095]
[[-695,-1010,-497,-88,0,1],146155]
[[-460,261,204,-111,-2,1],146188]
[[760,775,-30,-57,0,1],146195]
[[80,416,-46,-71,-2,1],146196]
[[-2586,354,510,-116,-1,1],146232]
[[-36,346,-118,-79,0,1],146248]
[[578,527,-30,-66,0,1],146264]
[[147,200,9,-37,-1,1],146279]
[[170,138,-16,-27,-1,1],146326]
[[-3945,715,425,-97,-2,1],146395]
[[-585,234,195,-63,-2,1],146406]
[[645,699,-42,-77,-1,1],146439]
[[-53,806,-21,-63,0,1],146470]
[[-1372,1169,50,-89,-2,1],146520]
[[-1680,116,393,-91,-1,1],146602]
[[1076,676,-40,-56,-1,1],146616]
[[-3853,2510,-35,-115,0,1],146630]
[[1174,260,-294,-89,0,1],146634]
[[-918,513,303,-97,-2,1],146635]
[[-6745,2191,221,-98,-1,1],146655]
[[-1098,389,250,-71,-2,1],146671]
[[185,253,-5,-34,-1,1],146719]
[[2352,1448,24,-83,-2,1],146722]
[[1519,1755,47,-112,-1,1],146765]
[[1024,1152,183,-90,-2,1],146785]
[[117,166,-13,-27,0,1],146822]
[[405,397,-50,-55,-1,1],146883]
[[-675,220,266,-79,-2,1],146901]
[[603,396,-69,-63,-2,1],146910]
[[103,-560,511,-113,-2,1],146970]
[[-875,1409,49,-77,-1,1],146988]
[[333,316,-1,-45,0,1],147026]
[[300,-635,409,-81,-2,1],147039]
[[18,-183,190,-51,-2,1],147079]
[[875,1165,-36,-92,-1,1],147088]
[[466,2773,-5,-125,-2,1],147105]
[[-234,531,-82,-66,0,1],147240]
[[-54,1203,-217,-105,0,1],147303]
[[533,172,-139,-57,-1,1],147373]
[[244,1870,-7,-123,-1,1],147374]
[[2187,1620,-45,-90,0,1],147375]
[[-569,797,-63,-84,-2,1],147395]
[[-91,86,143,-53,-1,1],147455]
[[1919,992,-33,-61,-1,1],147463]
[[325,-74,-247,-76,-2,1],147477]
[[13,24,-159,-73,-1,1],147521]
[[1824,1806,60,-86,-2,1],147528]
[[1171,877,-6,-74,-1,1],147544]
[[-923,1142,89,-91,-2,1],147578]
[[-1598,1941,152,-94,-2,1],147623]
[[-1003,89,293,-71,-2,1],147645]
[[-735,1988,139,-102,-2,1],147647]
[[2039,931,-130,-80,-1,1],147762]
[[57,880,-121,-87,-1,1],147807]
[[-1176,980,62,-73,-1,1],147838]
[[121,418,-21,-53,0,1],147926]
[[64,-440,319,-62,-2,1],148005]
[[-451,372,111,-55,-1,1],148063]
[[-177,-110,176,-43,-2,1],148065]
[[2304,2493,11,-100,-1,1],148235]
[[1984,2096,111,-121,-1,1],148306]
[[-43,125,-33,-41,0,1],148341]
[[2688,1506,-124,-106,-2,1],148344]
[[-568,291,182,-86,-2,1],148376]
[[-24,98,-13,-28,-1,1],148379]
[[-1369,1221,64,-85,-1,1],148435]
[[688,505,-24,-50,0,1],148457]
[[2496,768,-320,-112,-1,1],148488]
[[-2342,1831,163,-89,-2,1],148491]
[[-3732,1520,301,-98,-2,1],148495]
[[-60,767,142,-70,-2,1],148648]
[[-3860,1267,182,-71,-2,1],148712]
[[1220,614,-110,-69,0,1],148760]
[[5376,2536,-7,-103,-2,1],148771]
[[-2889,1518,215,-95,-2,1],148922]
[[326,256,-42,-41,0,1],148990]
[[2951,2049,-26,-110,-1,1],149096]
[[-2244,1119,126,-88,-2,1],149139]
[[-8,-364,-318,-75,0,1],149222]
[[-170,204,34,-33,-1,1],149226]
[[343,161,-111,-57,-2,1],149345]
[[2488,929,-184,-82,0,1],149404]
[[450,225,-144,-65,0,1],149481]
[[2167,1307,-74,-80,-1,1],149490]
[[-166,7,161,-50,-1,1],149517]
[[-580,806,-88,-110,-2,1],149616]
[[-4,42,73,-75,-1,1],149698]
[[892,1092,16,-75,-1,1],149790]
[[2695,1966,67,-93,-2,1],149806]
[[108,813,-161,-85,0,1],149839]
[[-5281,1656,211,-82,-2,1],149861]
[[168,581,42,-50,-2,1],149884]
[[-2619,3690,147,-128,-2,1],149901]
[[-8134,2590,245,-105,-1,1],149912]
[[-464,-152,292,-64,-2,1],149938]
[[-11,74,-39,-39,-2,1],149969]
[[-6976,3056,180,-135,-1,1],149974]
[[-1789,1681,54,-90,-1,1],150010]
[[-1539,811,84,-60,-1,1],150020]
[[-236,295,0,-51,-2,1],150037]
[[-4515,2890,225,-127,-2,1],150070]
[[-2043,1609,63,-97,-1,1],150113]
[[16,1,-112,-44,0,1],150128]
[[1051,1051,33,-63,-2,1],150293]
[[-1740,2292,40,-112,-1,1],150312]
[[-2128,1164,133,-89,-1,1],150314]
[[2688,2580,24,-107,-2,1],150444]
[[672,252,-250,-87,0,1],150507]
[[-4643,2419,171,-105,-1,1],150632]
[[-892,915,106,-70,-2,1],150664]
[[4184,1165,-320,-102,0,1],150668]
[[1376,1216,32,-89,-1,1],150678]
[[-6262,2129,240,-94,-2,1],150680]
[[977,980,14,-71,-2,1],150705]
[[1858,953,-77,-75,-2,1],150715]
[[-968,583,82,-50,-2,1],150744]
[[2656,1632,-8,-84,-1,1],150792]
[[-4654,2155,103,-104,-1,1],150811]
[[-5,16,9,-41,-2,1],150838]
[[4506,1898,-111,-97,-1,1],150904]
[[-737,340,86,-43,-2,1],150915]
[[150,300,-30,-65,-1,1],150930]
[[-3582,1590,130,-88,-1,1],150936]
[[-45,-480,-413,-95,-1,1],150995]
[[-2469,2548,-42,-113,0,1],150999]
[[-3626,890,302,-87,-1,1],151010]
[[257,-471,283,-58,-1,1],151069]
[[371,448,-161,-85,-2,1],151074]
[[-3787,1521,241,-109,-1,1],151228]
[[52,144,-17,-28,0,1],151295]
[[653,462,5,-41,-2,1],151334]
[[-256,544,-12,-56,0,1],151402]
[[760,124,-274,-87,0,1],151454]
[[-78,151,36,-37,-2,1],151481]
[[75,-328,267,-61,-2,1],151619]
[[82,562,238,-101,-2,1],151626]
[[259,934,17,-67,-2,1],151626]
[[-79,62,36,-19,-2,1],151831]
[[553,78,-235,-79,-2,1],151838]
[[-2472,2580,216,-115,-2,1],151893]
[[3419,1405,-148,-92,-1,1],151920]
[[45,639,-8,-60,-1,1],151940]
[[-4,9,22,-47,-1,1],151973]
[[63,53,-28,-27,-1,1],152017]
[[13,-362,289,-59,-2,1],152022]
[[6019,2852,15,-106,-2,1],152153]
[[-850,935,102,-69,-1,1],152167]
[[279,258,-107,-60,0,1],152217]
[[-38,74,38,-66,-1,1],152272]
[[-8,88,-22,-38,-2,1],152278]
[[10400,4856,-138,-140,0,1],152286]
[[361,324,-33,-57,-2,1],152366]
[[2032,1326,-92,-82,0,1],152368]
[[27,-168,275,-69,-2,1],152387]
[[-304,200,60,-37,-1,1],152426]
[[4598,1906,-70,-84,-1,1],152440]
[[-2738,978,154,-68,-1,1],152456]
[[212,256,5,-39,-1,1],152482]
[[15,49,-15,-22,-1,1],152563]
[[8,-120,-334,-108,-2,1],152570]
[[77,451,-55,-55,0,1],152581]
[[-2084,938,97,-65,-1,1],152622]
[[-7301,3185,217,-119,-1,1],152712]
[[230,-20,-370,-101,-1,1],152730]
[[677,501,-54,-55,-1,1],152779]
[[833,366,-85,-47,0,1],152838]
[[-60,-55,238,-69,-2,1],152840]
[[-2056,2019,48,-103,-1,1],152857]
[[-47,-25,103,-41,-2,1],152867]
[[-2424,1841,52,-93,-1,1],152883]
[[882,-45,-333,-83,0,1],152937]
[[3670,1966,-60,-95,-1,1],153046]
[[868,288,-215,-85,-1,1],153080]
[[75,66,-49,-30,0,1],153081]
[[-1166,-163,530,-103,-2,1],153135]
[[1540,725,-130,-82,-2,1],153180]
[[-333,369,-16,-56,-1,1],153224]
[[-4872,1724,210,-89,-2,1],153230]
[[192,172,-39,-45,-1,1],153265]
[[-89,157,10,-29,-1,1],153341]
[[-70,393,93,-57,-2,1],153349]
[[-84,52,86,-49,-2,1],153354]
[[3,63,-31,-27,0,1],153357]
[[176,11,-130,-51,-1,1],153373]
[[-6,-3,93,-35,-2,1],153405]
[[40,-416,312,-65,-1,1],153415]
[[-30,157,-176,-75,0,1],153416]
[[-2287,917,135,-64,-2,1],153491]
[[-51,120,-27,-41,-1,1],153513]
[[-402,609,162,-77,-1,1],153531]
[[-1243,1115,97,-72,-2,1],153653]
[[-359,273,159,-55,-2,1],153689]
[[-14,64,42,-87,-1,1],153706]
[[-79,289,-53,-86,0,1],153763]
[[-15200,4690,287,-138,-1,1],153835]
[[-4041,897,534,-131,-1,1],153843]
[[453,526,-29,-51,0,1],153874]
[[380,614,-120,-74,0,1],153880]
[[-2079,772,133,-57,-2,1],153882]
[[-1143,636,69,-57,-2,1],153882]
[[427,718,43,-53,-2,1],153882]
[[57,167,93,-46,-1,1],153895]
[[-328,652,-62,-76,-2,1],153918]
[[475,270,-149,-62,0,1],153945]
[[3,-56,87,-34,-2,1],153973]
[[-428,-88,328,-83,-2,1],153974]
[[-65,162,-25,-68,-2,1],153979]
[[-4529,2237,203,-97,-2,1],153983]
[[248,329,-24,-50,0,1],154032]
[[-57,-8,101,-45,-1,1],154053]
[[934,840,-174,-91,-1,1],154078]
[[38,57,-152,-125,0,1],154109]
[[-216,100,82,-37,-1,1],154110]
[[-112,748,34,-55,-1,1],154191]
[[-864,1152,288,-105,-1,1],154206]
[[-835,1204,442,-127,-1,1],154209]
[[173,196,-8,-29,0,1],154243]
[[196,237,11,-31,-2,1],154291]
[[-7774,2457,360,-114,-2,1],154352]
[[-37,979,-65,-90,0,1],154471]
[[25,-30,-147,-94,-2,1],154489]
[[1428,694,-115,-70,0,1],154499]
[[-432,756,288,-95,-2,1],154524]
[[-236,343,43,-51,-2,1],154567]
[[245,-119,-245,-70,-1,1],154581]
[[23,4,-89,-45,-2,1],154598]
[[1771,3847,5,-139,-2,1],154599]
[[-2955,1208,270,-89,-2,1],154627]
[[-684,123,358,-84,-2,1],154691]
[[97,1386,167,-99,-2,1],154694]
[[-867,425,73,-45,-1,1],154836]
[[-9,54,-39,-42,0,1],154845]
[[767,-1294,656,-101,-2,1],154869]
[[-2247,851,281,-107,-1,1],154936]
[[2553,2460,45,-97,-2,1],154962]
[[-94,-247,-198,-51,0,1],155108]
[[701,-497,-584,-124,-1,1],155244]
[[5,-55,80,-29,-1,1],155245]
[[1664,1120,8,-79,-1,1],155282]
[[-28,99,-49,-43,0,1],155339]
[[-4563,1447,215,-79,-2,1],155353]
[[5,40,35,-29,-1,1],155385]
[[-1292,1916,118,-95,-1,1],155394]
[[-511,232,125,-59,-1,1],155403]
[[-4283,2289,302,-121,-1,1],155441]
[[-512,400,136,-86,-2,1],155484]
[[-99,-21,120,-39,-1,1],155529]
[[-49,0,119,-63,-1,1],155533]
[[1320,400,-204,-76,-1,1],155560]
[[144,24,-136,-63,-1,1],155566]
[[1500,780,-52,-57,0,1],155574]
[[-19,874,-209,-95,0,1],155591]
[[-2591,1751,265,-119,-1,1],155628]
[[4526,2129,-124,-122,-2,1],155664]
[[75,-181,-257,-72,-1,1],155745]
[[1652,950,-96,-69,0,1],155788]
[[389,-660,367,-69,-1,1],155821]
[[-353,665,-211,-102,-1,1],155837]
[[-48,384,-76,-57,0,1],155898]
[[343,222,-90,-51,-1,1],155927]
[[-3304,1143,189,-75,-2,1],155953]
[[-403,417,32,-45,-1,1],156047]
[[-432,816,112,-72,-1,1],156152]
[[-22,141,-59,-43,0,1],156165]
[[-6076,2198,224,-98,-2,1],156240]
[[8,196,-2,-30,0,1],156262]
[[1504,2752,128,-115,-2,1],156270]
[[-148,-65,184,-51,-2,1],156305]
[[-86,54,70,-36,-1,1],156360]
[[-176,-32,420,-99,-2,1],156362]
[[14,50,28,-31,-1,1],156366]
[[450,320,-18,-37,-1,1],156502]
[[-3355,1467,108,-81,-1,1],156541]
[[-2664,804,532,-123,-2,1],156563]
[[-69,127,9,-61,-2,1],156571]
[[1926,936,-42,-59,-1,1],156582]
[[44,24,-74,-43,-1,1],156598]
[[4160,1936,-124,-113,-1,1],156690]
[[-20,121,-141,-125,0,1],156701]
[[38,-288,318,-79,-1,1],156766]
[[122,91,-52,-35,-1,1],156789]
[[55,44,-75,-36,0,1],156805]
[[4,128,-42,-40,-1,1],156836]
[[-33,97,-2,-46,-1,1],156840]
[[-100,850,-179,-97,-1,1],156846]
[[4540,2326,-79,-99,-1,1],156866]
[[3388,1331,-198,-105,-2,1],156904]
[[-130,-690,-520,-109,-1,1],156910]
[[776,793,8,-69,-1,1],156953]
[[3839,1632,-71,-79,-1,1],156983]
[[104,281,-18,-47,0,1],157020]
[[1863,1119,-44,-69,-1,1],157033]
[[-552,130,168,-54,-2,1],157064]
[[-1488,1432,-45,-123,-1,1],157108]
[[-81,459,78,-72,-1,1],157182]
[[1269,690,-65,-55,0,1],157250]
[[-73,100,334,-85,-2,1],157257]
[[24,45,-20,-27,0,1],157347]
[[6,-11,-50,-31,-1,1],157389]
[[2088,1080,-36,-64,-1,1],157392]
[[1650,1356,96,-89,-1,1],157446]
[[-819,752,23,-63,-1,1],157493]
[[1457,1425,-101,-86,0,1],157513]
[[81,99,-36,-45,-1,1],157527]
[[-1625,225,355,-89,-1,1],157528]
[[-465,780,45,-61,-2,1],157590]
[[-3321,2025,117,-92,-1,1],157635]
[[-450,314,42,-40,-1,1],157640]
[[592,-1152,668,-112,-1,1],157720]
[[8853,3560,-185,-125,0,1],157750]
[[-4900,2058,245,-105,-1,1],157766]
[[115,326,-74,-119,-2,1],157807]
[[8281,2618,-275,-128,-2,1],157861]
[[-1584,228,580,-118,-2,1],157876]
[[133,-287,193,-41,-2,1],157941]
[[1440,1128,-12,-68,-1,1],157989]
[[3034,1905,4,-87,-2,1],158020]
[[-339,2720,65,-105,-1,1],158119]
[[-1521,1218,23,-91,-2,1],158122]
[[-672,1152,-132,-97,0,1],158130]
[[-49,-266,-317,-78,0,1],158167]
[[-477,209,134,-58,-1,1],158174]
[[-1343,421,187,-60,-2,1],158215]
[[-34,1414,110,-86,-1,1],158256]
[[-5,50,55,-41,-2,1],158290]
[[-26,-78,220,-73,-1,1],158314]
[[249,805,211,-109,-1,1],158361]
[[-237,428,-9,-65,-2,1],158414]
[[478,-791,424,-72,-2,1],158416]
[[62,144,38,-33,-1,1],158422]
[[-882,441,252,-78,-2,1],158424]
[[-132,622,221,-112,-2,1],158457]
[[-288,253,35,-43,-2,1],158469]
[[-968,242,220,-62,-2,1],158488]
[[-36,24,333,-110,-1,1],158559]
[[1072,1576,-176,-116,-2,1],158568]
[[5024,1512,-346,-124,-2,1],158570]
[[5555,2422,-123,-116,0,1],158579]
[[543,810,75,-80,-2,1],158589]
[[-1975,905,120,-66,-1,1],158590]
[[3299,1532,-53,-81,-2,1],158654]
[[-1207,781,80,-59,-1,1],158685]
[[-81,513,-24,-56,-1,1],158736]
[[1,10,-45,-35,0,1],158750]
[[-43,117,-15,-33,-1,1],158764]
[[-128,996,-215,-115,0,1],158803]
[[364,360,-62,-85,-1,1],158842]
[[1620,636,-137,-69,-1,1],158974]
[[220,412,57,-75,-2,1],158981]
[[17,106,61,-39,-2,1],158983]
[[1554,901,-79,-73,0,1],159037]
[[1996,1233,10,-73,-2,1],159112]
[[-8559,3474,201,-123,-1,1],159123]
[[-668,-68,366,-90,-1,1],159160]
[[2677,689,-381,-107,0,1],159339]
[[-351,387,105,-59,-1,1],159368]
[[2659,1328,-111,-83,0,1],159378]
[[513,426,-31,-43,0,1],159386]
[[3982,2524,-8,-101,-2,1],159390]
[[127,208,-40,-37,0,1],159427]
[[6317,2831,-123,-120,-1,1],159443]
[[16,-40,-139,-84,-1,1],159457]
[[-5533,1775,351,-112,-2,1],159463]
[[52,2352,-25,-112,0,1],159471]
[[1692,846,-141,-86,-2,1],159471]
[[2624,1399,-102,-102,-2,1],159496]
[[1701,723,-109,-63,0,1],159561]
[[-3515,1360,190,-83,-1,1],159595]
[[-814,1106,50,-68,-1,1],159656]
[[7091,2684,-174,-107,0,1],159735]
[[-40,-268,386,-104,-2,1],159822]
[[1649,1020,-85,-73,0,1],159851]
[[-2115,594,225,-67,-2,1],159858]
[[523,1124,31,-105,-2,1],159958]
[[-43,444,13,-49,-2,1],159962]
[[-1864,1078,148,-70,-2,1],159976]
[[-3304,1369,182,-83,-1,1],160065]
[[-272,-664,-500,-116,-2,1],160102]
[[680,-15,-272,-73,0,1],160140]
[[-3027,2586,153,-115,-2,1],160146]
[[9,174,-23,-63,0,1],160146]
[[3041,3614,-23,-127,0,1],160166]
[[245,313,-43,-56,-1,1],160179]
[[-160,311,-43,-71,-2,1],160245]
[[-459,135,237,-64,-2,1],160247]
[[-388,465,-22,-73,-2,1],160264]
[[1,-3,-89,-82,-1,1],160307]
[[-1382,565,352,-98,-2,1],160344]
[[129,382,-21,-67,0,1],160347]
[[-29,3545,-8,-128,-1,1],160488]
[[59,-27,-280,-112,-1,1],160496]
[[1147,1184,23,-85,-2,1],160506]
[[427,619,-67,-70,-2,1],160539]
[[76,547,-46,-86,-2,1],160552]
[[9819,3502,-93,-115,-2,1],160559]
[[5,127,-16,-44,-1,1],160596]
[[249,318,39,-38,-2,1],160605]
[[-1377,1062,111,-67,-2,1],160654]
[[7817,3250,-81,-126,-2,1],160655]
[[-1917,1014,139,-67,-2,1],160673]
[[-325,649,-7,-92,-1,1],160677]
[[1359,576,-105,-57,0,1],160722]
[[2493,1344,-43,-81,0,1],160722]
[[2397,1310,-175,-95,0,1],160750]
[[-672,888,108,-71,-2,1],160776]
[[-353,349,18,-62,-1,1],160822]
[[14256,3976,-308,-132,0,1],160834]
[[-1288,116,646,-126,-2,1],160894]
[[-1624,1408,86,-92,-1,1],160956]
[[1076,550,-60,-50,0,1],161000]
[[448,781,-344,-118,0,1],161035]
[[9,-198,-213,-57,0,1],161046]
[[-1257,1194,-95,-93,0,1],161082]
[[1697,1387,16,-85,-1,1],161115]
[[-1229,1308,-162,-109,-1,1],161173]
[[980,669,-164,-106,0,1],161256]
[[4129,1882,-27,-83,-2,1],161270]
[[-37,188,73,-54,-2,1],161291]
[[361,361,-19,-61,-2,1],161291]
[[17,82,-225,-77,0,1],161326]
[[-180,290,-35,-69,-1,1],161370]
[[-5464,1709,221,-83,-2,1],161451]
[[-3498,1029,246,-77,-2,1],161460]
[[-833,213,215,-61,-2,1],161483]
[[-1147,1279,-42,-95,-1,1],161569]
[[-8248,2719,262,-106,-2,1],161640]
[[70,-17,-191,-77,-2,1],161667]
[[209,-394,-415,-101,-2,1],161706]
[[99,459,38,-60,-1,1],161738]
[[4901,2431,-160,-116,-1,1],161784]
[[-520,604,10,-73,-2,1],161802]
[[-128,212,-11,-63,-2,1],161849]
[[273,926,-21,-103,-2,1],161854]
[[-400,712,60,-60,-1,1],161897]
[[715,3309,-23,-119,0,1],161937]
[[-270,-541,-350,-74,0,1],162040]
[[-920,424,124,-59,-2,1],162207]
[[86,154,26,-45,-1,1],162238]
[[72,105,-32,-38,0,1],162248]
[[430,511,-62,-82,0,1],162248]
[[12816,4282,-231,-139,-1,1],162269]
[[-2897,1214,164,-81,-1,1],162305]
[[232,812,38,-61,-2,1],162342]
[[2196,1596,-52,-81,0,1],162342]
[[36,54,-84,-42,0,1],162360]
[[-836,802,80,-61,-2,1],162604]
[[-125,386,-6,-55,-1,1],162613]
[[267,189,-141,-71,0,1],162657]
[[-429,444,3,-71,-2,1],162702]
[[-2296,555,316,-89,-1,1],162709]
[[-113,-230,308,-71,-2,1],162749]
[[2712,1984,-218,-115,0,1],162773]
[[-704,1308,87,-115,-2,1],162797]
[[343,466,76,-63,-2,1],162815]
[[1064,100,-358,-103,-1,1],162842]
[[3198,1804,-82,-85,0,1],162934]
[[-523,-888,709,-125,-1,1],162989]
[[-1360,1408,-124,-100,0,1],163018]
[[56,256,44,-80,-1,1],163080]
[[-739,496,93,-53,-2,1],163094]
[[3040,1404,-152,-88,0,1],163096]
[[288,360,-90,-115,0,1],163125]
[[-17,1,43,-25,-2,1],163237]
[[-81,522,41,-47,-2,1],163246]
[[-1246,949,66,-75,-2,1],163253]
[[679,433,-109,-71,-2,1],163303]
[[-98,336,-12,-45,-1,1],163306]
[[1763,1108,-6,-69,-2,1],163319]
[[143,-205,-266,-73,-1,1],163341]
[[-259,644,-133,-83,-1,1],163345]
[[-3610,1729,260,-98,-2,1],163352]
[[3208,1425,-200,-115,0,1],163375]
[[-111,-371,-349,-97,-2,1],163389]
[[-16,80,88,-61,-1,1],163422]
[[7488,2577,-304,-126,0,1],163440]
[[-234,248,18,-43,-1,1],163486]
[[-1342,1351,41,-101,-2,1],163501]
[[1403,925,-16,-64,-1,1],163664]
[[-845,1092,31,-71,-1,1],163679]
[[1603,2734,35,-110,-2,1],163697]
[[720,1200,-20,-72,0,1],163710]
[[424,789,91,-63,-2,1],163733]
[[2538,732,-278,-95,-1,1],163882]
[[-137,496,-165,-114,0,1],163939]
[[-117,189,124,-96,-1,1],163960]
[[-2957,746,267,-75,-2,1],163994]
[[1330,912,-38,-87,-1,1],164046]
[[3888,1536,-204,-107,-1,1],164046]
[[3448,1441,-136,-82,0,1],164104]
[[147,-275,-305,-75,0,1],164125]
[[935,-1258,571,-91,-1,1],164169]
[[82,38,-64,-39,-1,1],164194]
[[32,-260,401,-90,-1,1],164201]
[[-1276,736,99,-59,-1,1],164216]
[[-2,41,-20,-54,-2,1],164272]
[[747,162,-291,-96,0,1],164295]
[[63,-761,-565,-112,-1,1],164333]
[[-362,3235,-190,-140,0,1],164375]
[[-240,-588,-464,-120,0,1],164376]
[[-248,336,-22,-62,0,1],164426]
[[25,165,-9,-52,-2,1],164455]
[[-1,7,29,-29,-2,1],164495]
[[-693,-1202,-685,-133,-2,1],164514]
[[2774,2211,-148,-107,0,1],164520]
[[1405,1012,-53,-104,-2,1],164529]
[[-344,1348,48,-80,-2,1],164584]
[[736,353,-140,-75,-2,1],164660]
[[-506,-863,-496,-104,-2,1],164720]
[[-2928,1311,474,-122,-2,1],164808]
[[73,883,12,-63,-1,1],164839]
[[6,103,-44,-33,0,1],164968]
[[-2605,1143,119,-72,-2,1],164971]
[[-1152,832,50,-76,-2,1],165058]
[[1871,569,-338,-118,-1,1],165080]
[[548,232,-142,-67,-1,1],165142]
[[-32,96,-37,-55,-1,1],165256]
[[-24,-259,-352,-86,0,1],165320]
[[216,492,-10,-49,-1,1],165398]
[[366,775,-132,-81,0,1],165496]
[[-2826,929,232,-76,-2,1],165584]
[[491,773,66,-66,-1,1],165584]
[[-494,109,136,-42,-2,1],165608]
[[163,550,10,-85,-2,1],165659]
[[-387,891,342,-119,-1,1],165681]
[[6218,2406,-134,-103,0,1],165690]
[[-275,-500,465,-87,-2,1],165710]
[[-8,61,-72,-47,-2,1],165724]
[[1030,580,-240,-93,-1,1],165730]
[[4133,2011,-64,-89,-1,1],166023]
[[-128,400,-18,-48,0,1],166058]
[[-5611,1564,274,-87,-2,1],166067]
[[-150,-38,158,-51,-1,1],166086]
[[900,1014,-92,-78,0,1],166104]
[[-1767,1792,-145,-112,0,1],166193]
[[2426,1160,-170,-85,0,1],166250]
[[76,278,91,-59,-1,1],166254]
[[-457,-47,290,-74,-1,1],166344]
[[2088,960,-98,-68,0,1],166378]
[[-1149,525,81,-47,-1,1],166392]
[[756,1251,-45,-75,0,1],166413]
[[-168,68,132,-58,-2,1],166424]
[[-19886,5324,366,-145,-1,1],166426]
[[4206,1137,-343,-105,0,1],166443]
[[-389,373,165,-66,-1,1],166501]
[[-2578,2454,122,-102,-1,1],166544]
[[-792,174,332,-94,-2,1],166632]
[[147,-35,-272,-85,-1,1],166701]
[[-1064,388,160,-56,-2,1],166716]
[[289,1558,19,-99,-2,1],166718]
[[167,194,-72,-53,0,1],166755]
[[2240,1054,-79,-71,-1,1],166761]
[[-648,972,-96,-96,-2,1],166776]
[[-6,117,-20,-33,0,1],166788]
[[-509,339,35,-40,-1,1],166813]
[[-5974,1490,370,-106,-1,1],166896]
[[-11,72,24,-39,-2,1],166955]
[[247,-151,-434,-110,-1,1],166968]
[[2260,1304,-52,-77,0,1],166982]
[[-256,80,111,-45,-1,1],167134]
[[203,107,-71,-40,0,1],167153]
[[712,940,-34,-67,0,1],167158]
[[4005,3492,-39,-129,-2,1],167178]
[[-133,16,155,-71,-1,1],167229]
[[-1168,-1117,806,-122,-2,1],167256]
[[-1760,1116,22,-79,-1,1],167357]
[[-2045,1428,-7,-101,0,1],167414]
[[245,447,48,-52,-1,1],167416]
[[725,525,-40,-58,-1,1],167470]
[[5168,2820,-56,-112,0,1],167472]
[[1961,926,-111,-71,0,1],167538]
[[-2144,2616,90,-136,-2,1],167570]
[[81,315,-99,-81,-2,1],167571]
[[14,295,112,-59,-1,1],167587]
[[2541,1485,-75,-80,0,1],167625]
[[-102,-387,-340,-81,0,1],167688]
[[3456,2196,-18,-103,0,1],167689]
[[-1409,1345,-36,-117,-1,1],167741]
[[-141,-500,-435,-95,0,1],167750]
[[609,19,-241,-72,-1,1],167787]
[[-1076,1720,67,-83,-1,1],167816]
[[-368,324,20,-46,-2,1],167852]
[[-1306,959,56,-104,-2,1],167976]
[[-768,1542,72,-106,-2,1],167976]
[[-2523,370,369,-84,-2,1],167989]
[[161,-110,-219,-71,-2,1],168047]
[[1835,1635,125,-117,-2,1],168065]
[[-1504,42,525,-114,-1,1],168149]
[[135,216,-9,-48,0,1],168327]
[[30,257,376,-124,-2,1],168368]
[[-436,372,67,-40,-2,1],168439]
[[-20,-56,313,-114,-2,1],168467]
[[4744,2668,40,-104,-2,1],168552]
[[-8668,2602,233,-101,-1,1],168570]
[[4733,1866,-110,-89,-1,1],168595]
[[208,809,56,-63,-1,1],168649]
[[-3780,2151,234,-106,-2,1],168664]
[[-1320,462,264,-86,-2,1],168696]
[[368,272,-164,-68,0,1],168754]
[[5103,3105,-32,-112,-1,1],168816]
[[-74,172,-46,-67,-2,1],168834]
[[-126,-177,228,-56,-2,1],168888]
[[2,52,26,-35,-1,1],168930]
[[620,998,-11,-67,-1,1],168962]
[[279,530,58,-49,-2,1],168979]
[[243,-520,319,-59,-2,1],169054]
[[-580,696,218,-97,-2,1],169070]
[[8427,4589,-72,-136,-1,1],169136]
[[422,-1007,566,-95,-2,1],169157]
[[701,1459,-21,-84,-1,1],169235]
[[-1269,495,243,-84,-1,1],169245]
[[4,84,-10,-25,-1,1],169286]
[[-54,207,-21,-63,0,1],169335]
[[579,514,-120,-65,0,1],169399]
[[20,41,-7,-26,-1,1],169441]
[[12483,3942,-213,-123,0,1],169506]
[[567,492,15,-42,-2,1],169659]
[[-35,530,175,-119,-2,1],169690]
[[-77,441,10,-49,-1,1],169715]
[[1238,370,-180,-65,0,1],169750]
[[-56,145,7,-32,-1,1],169835]
[[-833,4585,134,-142,-1,1],169848]
[[-652,1007,158,-125,-2,1],169848]
[[24,-135,-155,-45,0,1],169875]
[[200,440,-42,-50,0,1],169878]
[[920,258,-224,-82,-2,1],169928]
[[-8,28,76,-42,-2,1],170008]
[[320,770,335,-101,-2,1],170055]
[[4,116,118,-77,-1,1],170106]
[[785,1372,-21,-93,-2,1],170114]
[[366,81,-156,-62,-2,1],170136]
[[-976,-296,468,-92,-2,1],170218]
[[563,392,-35,-49,-1,1],170271]
[[-1465,809,129,-67,-1,1],170296]
[[-211,124,50,-31,-1,1],170305]
[[2800,1532,-88,-80,0,1],170312]
[[-4717,1555,172,-79,-1,1],170319]
[[-353,1056,-131,-89,0,1],170334]
[[-34,-102,340,-83,-1,1],170374]
[[4684,2572,-69,-132,-2,1],170437]
[[810,729,-90,-126,0,1],170460]
[[-317,653,-141,-85,-1,1],170488]
[[-88,-1252,748,-114,-2,1],170488]
[[555,997,-93,-88,0,1],170499]
[[-729,351,225,-78,-1,1],170539]
[[-345,506,69,-59,-1,1],170545]
[[1200,1480,-1,-78,-1,1],170577]
[[219,1008,218,-121,-2,1],170583]
[[1176,1339,42,-82,-2,1],170632]
[[-788,1076,40,-71,-1,1],170658]
[[-9,52,327,-87,-2,1],170674]
[[55,249,-58,-70,-1,1],170680]
[[353,745,21,-78,-2,1],170705]
[[536,1236,-172,-97,0,1],170735]
[[-215,-140,260,-67,-2,1],170745]
[[-574,184,200,-69,-1,1],170758]
[[2900,1528,-43,-77,-1,1],170766]
[[1473,1030,-1,-76,-2,1],170769]
[[127,25,-342,-98,-1,1],170840]
[[423,1089,108,-80,-1,1],170856]
[[-288,630,228,-78,-2,1],170904]
[[13,442,-39,-77,-2,1],171002]
[[-359,12,161,-44,-2,1],171023]
[[-3105,3105,0,-128,-1,1],171120]
[[2367,2078,-25,-99,-2,1],171162]
[[-833,-56,385,-84,-2,1],171199]
[[-200,-489,578,-112,-2,1],171235]
[[-27,162,165,-56,-2,1],171247]
[[-1288,1724,218,-104,-2,1],171270]
[[588,186,-146,-57,0,1],171288]
[[6000,2900,-44,-122,-2,1],171340]
[[-4374,1944,153,-95,-1,1],171348]
[[-396,495,198,-104,-2,1],171369]
[[-1908,2312,128,-99,-2,1],171486]
[[1092,1660,-24,-100,-1,1],171496]
[[389,23,-221,-75,-2,1],171499]
[[79,139,-19,-31,0,1],171581]
[[6156,2862,-90,-111,0,1],171624]
[[49,-49,-129,-48,0,1],171629]
[[-359,528,-15,-57,-1,1],171659]
[[-2285,728,166,-59,-2,1],171707]
[[980,492,-112,-67,-1,1],171722]
[[348,-680,384,-67,-2,1],171734]
[[2188,1054,-71,-71,-1,1],171790]
[[259,413,73,-56,-1,1],171927]
[[85,184,-25,-34,0,1],171985]
[[832,-1848,908,-136,-1,1],171995]
[[-1468,862,81,-59,-1,1],172003]
[[-453,-103,349,-84,-1,1],172013]
[[2421,981,-207,-97,0,1],172035]
[[306,1118,-94,-88,-1,1],172040]
[[2524,1150,-112,-86,-2,1],172048]
[[-72,546,-44,-114,0,1],172080]
[[-13,111,-50,-56,-1,1],172118]
[[-1684,748,188,-77,-1,1],172134]
[[-963,423,153,-71,-1,1],172152]
[[8349,3982,-5,-123,-2,1],172170]
[[1535,1559,161,-95,-2,1],172185]
[[612,549,-9,-48,-1,1],172203]
[[-1836,1029,66,-74,-2,1],172212]
[[-5665,4181,167,-146,-1,1],172277]
[[-9,-108,185,-53,-1,1],172277]
[[351,-1206,-852,-143,0,1],172279]
[[8,-41,-110,-54,-2,1],172280]
[[289,765,133,-69,-2,1],172289]
[[553,-974,542,-91,-2,1],172329]
[[1447,879,-92,-81,-1,1],172329]
[[284,519,142,-64,-2,1],172411]
[[3189,2615,232,-132,-1,1],172440]
[[-8586,2265,503,-135,-2,1],172447]
[[-1,22,-3,-23,-1,1],172459]
[[756,447,-38,-49,-2,1],172520]
[[1812,1284,48,-80,-1,1],172584]
[[1048,16,-482,-134,-1,1],172648]
[[161,200,-95,-65,0,1],172750]
[[2976,1616,-30,-94,-2,1],172762]
[[2507,633,-331,-107,-2,1],172813]
[[1089,594,-111,-78,-2,1],172839]
[[9451,4644,-148,-137,0,1],172877]
[[292,301,-196,-78,0,1],172915]
[[22,-4,-60,-31,-1,1],172918]
[[690,672,-32,-67,-1,1],173094]
[[-765,350,85,-42,-2,1],173155]
[[-614,1538,-134,-128,-1,1],173160]
[[72,192,-12,-36,-1,1],173160]
[[-755,994,77,-65,-2,1],173194]
[[4,36,-40,-111,-2,1],173222]
[[-6643,2320,255,-107,-1,1],173243]
[[133,-420,-385,-85,0,1],173250]
[[5104,2409,-88,-110,0,1],173272]
[[-317,305,127,-65,-1,1],173304]
[[-855,1632,39,-108,-2,1],173349]
[[2958,1359,-81,-80,-1,1],173349]
[[343,292,-334,-101,0,1],173447]
[[10795,4529,-65,-137,-1,1],173448]
[[95,44,-114,-47,0,1],173451]
[[-1646,909,84,-67,-2,1],173468]
[[490,828,231,-93,-1,1],173524]
[[-104,-928,634,-108,-2,1],173582]
[[2144,1213,-19,-70,-1,1],173635]
[[-1161,-504,579,-107,-1,1],173677]
[[-23,15,35,-25,-2,1],173683]
[[-3580,1775,406,-120,-2,1],173695]
[[-86,337,-96,-74,-2,1],173720]
[[4,-93,330,-78,-2,1],173720]
[[-40,218,-127,-77,-2,1],173763]
[[-513,-111,318,-78,-1,1],173808]
[[-280,0,238,-64,-2,1],173810]
[[219,382,-13,-115,-2,1],173811]
[[25,-355,277,-57,-2,1],173819]
[[453,780,63,-61,-2,1],173862]
[[-2460,915,150,-62,-2,1],173880]
[[192,248,-40,-46,-1,1],173977]
[[-564,1611,-90,-122,-2,1],174024]
[[-4066,2361,120,-99,-1,1],174031]
[[547,538,-11,-66,-2,1],174091]
[[-148,326,-105,-70,-2,1],174131]
[[-2457,1321,158,-94,-1,1],174232]
[[-1000,668,64,-72,-2,1],174232]
[[-36,-660,515,-100,-1,1],174337]
[[-557,316,91,-41,-2,1],174339]
[[-3096,2132,160,-112,-2,1],174344]
[[-45,1404,169,-93,-2,1],174370]
[[360,484,54,-48,-2,1],174430]
[[5410,1884,-224,-109,-1,1],174602]
[[1813,1417,-12,-74,-1,1],174614]
[[-213,238,69,-36,-2,1],174709]
[[-28,140,64,-37,-1,1],174762]
[[-45,119,-15,-58,-1,1],174821]
[[-4168,1716,126,-85,-1,1],174898]
[[-482,714,-70,-81,-2,1],174934]
[[-525,976,381,-108,-2,1],174947]
[[668,556,3,-54,-2,1],174967]
[[-2855,1180,165,-77,-2,1],174970]
[[6156,2592,-159,-108,0,1],174987]
[[-100,300,280,-79,-2,1],175010]
[[-1134,702,126,-72,-1,1],175064]
[[-2691,859,265,-91,-1,1],175080]
[[16,-798,552,-94,-2,1],175160]
[[27,-279,297,-76,-2,1],175169]
[[140,-539,-548,-117,0,1],175196]
[[-2034,1489,156,-82,-2,1],175208]
[[-2166,1153,144,-78,-2,1],175240]
[[-151,210,132,-55,-1,1],175339]
[[1551,495,-495,-131,-1,1],175428]
[[576,393,-136,-78,0,1],175464]
[[-160,640,-30,-72,-2,1],175510]
[[-53,72,105,-73,-2,1],175514]
[[2672,990,-188,-82,0,1],175632]
[[-3204,2641,148,-111,-2,1],175644]
[[-40,-324,-400,-110,0,1],175644]
[[11619,3489,-227,-117,0,1],175659]
[[1204,731,0,-51,-2,1],175741]
[[-6208,2356,212,-110,-2,1],175780]
[[2119,2402,-99,-123,0,1],175786]
[[4,42,91,-36,-2,1],175817]
[[-104,715,-52,-68,0,1],175864]
[[-840,830,-39,-76,-1,1],175865]
[[-146,537,-54,-85,-2,1],175972]
[[7387,2943,-334,-148,-1,1],175978]
[[-590,1768,420,-135,-1,1],176054]
[[-197,339,-50,-87,-1,1],176087]
[[29,106,39,-27,-2,1],176114]
[[-11,15,432,-132,-1,1],176120]
[[424,2321,-48,-102,0,1],176120]
[[529,46,-255,-78,0,1],176167]
[[17,-83,-161,-70,-1,1],176169]
[[-3411,1755,112,-87,-1,1],176335]
[[148,156,-8,-27,-1,1],176358]
[[-581,427,42,-48,-1,1],176386]
[[-10101,2686,319,-105,-2,1],176454]
[[-2556,1016,130,-69,-1,1],176462]
[[133,175,-28,-55,-1,1],176463]
[[2430,1647,-42,-90,0,1],176472]
[[-383,273,52,-45,-1,1],176613]
[[-841,481,80,-56,-1,1],176688]
[[-1134,729,196,-79,-1,1],176753]
[[5994,2439,-106,-102,0,1],176760]
[[-9360,4788,288,-143,-2,1],176796]
[[-3748,1132,215,-74,-2,1],176803]
[[-648,1116,-162,-102,0,1],176838]
[[2108,1284,-38,-82,-1,1],176984]
[[2356,2288,69,-105,-1,1],177032]
[[-283,-815,604,-106,-1,1],177042]
[[-207,715,61,-76,-1,1],177051]
[[-473,2020,-19,-135,0,1],177062]
[[2772,1836,18,-85,-2,1],177102]
[[-817,441,70,-46,-1,1],177128]
[[1232,1224,128,-84,-2,1],177240]
[[112,84,-252,-94,-2,1],177268]
[[164,334,83,-95,-1,1],177438]
[[-64,192,-38,-74,-1,1],177448]
[[-1671,3872,55,-129,-1,1],177453]
[[-58,149,-3,-72,-1,1],177473]
[[-779,52,237,-59,-2,1],177538]
[[-249,286,-15,-43,0,1],177546]
[[688,1650,188,-98,-2,1],177560]
[[8,-172,264,-88,-2,1],177616]
[[-513,183,223,-67,-2,1],177635]
[[-151,686,-190,-101,-2,1],177669]
[[272,443,106,-66,-2,1],177704]
[[-785,445,90,-54,-1,1],177770]
[[-45,144,-71,-53,0,1],177787]
[[343,1141,-150,-134,-1,1],177790]
[[-100,988,8,-68,-1,1],177804]
[[-2724,2612,100,-108,-1,1],177808]
[[-32,59,435,-99,-2,1],177815]
[[484,88,-234,-80,-1,1],177820]
[[-162,261,-4,-93,0,1],177885]
[[2832,2972,-35,-123,-1,1],177886]
[[729,648,-93,-75,0,1],178002]
[[-1152,1638,-15,-95,-1,1],178029]
[[1152,2664,36,-110,-1,1],178029]
[[-441,-147,357,-77,-2,1],178059]
[[5331,2451,-61,-105,0,1],178083]
[[-21,185,-148,-67,-1,1],178085]
[[-512,1536,-40,-98,0,1],178088]
[[819,-1347,696,-116,-1,1],178104]
[[-8869,3489,164,-124,-1,1],178120]
[[1886,1055,-54,-72,0,1],178153]
[[3000,2150,-100,-110,0,1],178160]
[[7700,2885,-342,-147,-1,1],178241]
[[64,127,-76,-59,-2,1],178265]
[[4877,2464,-37,-103,-1,1],178319]
[[-3255,1213,176,-78,-1,1],178326]
[[-888,-244,590,-119,-1,1],178342]
[[-630,828,-44,-109,-2,1],178498]
[[476,518,-7,-47,-1,1],178514]
[[262,265,-6,-33,-1,1],178519]
[[2440,1684,-284,-130,-2,1],178520]
[[3964,2749,-148,-118,0,1],178531]
[[3344,2184,-196,-121,-1,1],178562]
[[36,66,-43,-62,0,1],178577]
[[64,265,-72,-50,0,1],178589]
[[-480,268,705,-139,-2,1],178591]
[[21,101,10,-21,-1,1],178623]
[[105,-144,-303,-110,0,1],178641]
[[-340,195,55,-34,-1,1],178705]
[[200,660,-74,-76,0,1],178722]
[[972,762,-53,-60,0,1],178733]
[[-108,432,64,-115,-1,1],178854]
[[1017,481,-71,-48,0,1],178855]
[[-987,1029,63,-86,-1,1],178857]
[[-1509,1067,126,-76,-1,1],178906]
[[-588,666,-6,-59,0,1],178920]
[[3632,2752,26,-110,-1,1],178920]
[[-1679,2260,-45,-110,0,1],179015]
[[554,607,39,-69,-2,1],179015]
[[-1514,913,100,-78,-2,1],179024]
[[-66,-97,156,-41,-2,1],179039]
[[1560,1395,-30,-92,-2,1],179055]
[[-648,1390,24,-126,-2,1],179080]
[[-133,-503,-404,-92,-1,1],179080]
[[-3582,733,347,-85,-2,1],179191]
[[545,1339,114,-87,-1,1],179233]
[[-162,1234,-36,-77,0,1],179238]
[[322,328,-90,-61,0,1],179282]
[[1123,690,3,-49,-2,1],179282]
[[-108,160,81,-45,-1,1],179302]
[[-39,-151,-181,-64,-1,1],179305]
[[-876,1388,-208,-143,-1,1],179326]
[[2773,1546,-102,-89,-1,1],179333]
[[-49,119,-9,-29,0,1],179349]
[[-1592,892,232,-80,-2,1],179352]
[[78,253,113,-55,-2,1],179355]
[[13,130,-50,-59,-2,1],179361]
[[-468,1332,72,-80,-1,1],179388]
[[-4581,1657,157,-82,-1,1],179409]
[[-228,-821,653,-109,-2,1],179455]
[[816,828,21,-113,-1,1],179505]
[[-486,226,72,-37,-1,1],179510]
[[750,-1325,735,-123,-2,1],179527]
[[-45,441,81,-79,-2,1],179559]
[[13,28,-107,-104,-2,1],179559]
[[504,0,-468,-120,-1,1],179592]
[[1764,1427,97,-95,-2,1],179609]
[[402,492,36,-55,-1,1],179694]
[[391,164,-100,-45,0,1],179821]
[[-8289,3456,225,-121,-1,1],179829]
[[-2061,1340,160,-101,-2,1],179921]
[[-459,522,345,-96,-2,1],179949]
[[825,444,-125,-69,0,1],179970]
[[4544,2212,-12,-90,-2,1],179980]
[[59,413,59,-53,-2,1],180009]
[[896,824,-8,-58,-1,1],180045]
[[-288,432,80,-51,-2,1],180046]
[[-5400,2140,162,-103,-1,1],180070]
[[3543,2661,-192,-128,-1,1],180072]
[[-2,-48,86,-37,-1,1],180118]
[[1602,328,-384,-109,-1,1],180182]
[[121,-385,-387,-86,0,1],180183]
[[-2179,1343,49,-82,-1,1],180243]
[[534,389,-184,-101,0,1],180248]
[[41,-190,233,-59,-1,1],180335]
[[12744,5400,-68,-157,-1,1],180465]
[[-41,-184,-213,-72,-2,1],180479]
[[97,-34,-141,-53,0,1],180510]
[[-433,201,63,-30,-2,1],180559]
[[229,1648,125,-109,-2,1],180582]
[[-1648,948,158,-69,-2,1],180591]
[[3,-41,161,-139,-1,1],180604]
[[-1,-26,-145,-59,-1,1],180621]
[[961,713,-217,-93,-1,1],180637]
[[5207,2285,-111,-108,-1,1],180673]
[[229,-61,-199,-63,-1,1],180683]
[[-1168,3051,194,-147,-2,1],180696]
[[917,1626,-167,-103,0,1],180726]
[[-10224,3051,290,-113,-2,1],180776]
[[-1403,1507,-13,-87,0,1],180905]
[[-294,3381,0,-134,-2,1],180936]
[[240,2016,24,-92,-1,1],180972]
[[460,-854,496,-86,-2,1],181008]
[[4696,1377,-272,-97,0,1],181028]
[[197,-539,425,-89,-1,1],181044]
[[-223,-611,-432,-93,-1,1],181049]
[[64,512,0,-64,-1,1],181064]
[[747,1141,-13,-69,0,1],181099]
[[-140,88,97,-53,-1,1],181114]
[[-127,-510,-445,-95,0,1],181125]
[[136,-452,408,-80,-2,1],181192]
[[5350,1950,-290,-120,-1,1],181240]
[[-272,-71,220,-59,-2,1],181260]
[[56,56,-108,-96,-1,1],181328]
[[10360,3972,-72,-124,-2,1],181328]
[[-945,-36,345,-76,-2,1],181339]
[[42,-267,333,-79,-2,1],181341]
[[955,490,-80,-61,-2,1],181405]
[[-5268,1439,286,-88,-2,1],181423]
[[5235,1516,-385,-118,0,1],181445]
[[-1089,55,298,-73,-1,1],181473]
[[-4821,2109,225,-115,-1,1],181512]
[[1243,1289,160,-104,-1,1],181656]
[[-288,623,-42,-94,-2,1],181672]
[[431,-735,403,-74,-1,1],181715]
[[-122,1219,-238,-108,0,1],181795]
[[1323,903,-10,-64,-1,1],181814]
[[-5203,550,659,-131,-1,1],181827]
[[-2862,1958,30,-100,-1,1],181880]
[[265,125,-78,-43,-1,1],181885]
[[-207,398,23,-75,-2,1],181890]
[[4943,3293,-38,-118,-1,1],181942]
[[-5946,2210,192,-97,-1,1],181970]
[[212,-1148,739,-121,-2,1],181989]
[[1169,1103,80,-80,-1,1],182044]
[[-4,56,-48,-33,0,1],182158]
[[-1610,265,340,-86,-2,1],182160]
[[229,136,-75,-46,0,1],182161]
[[-149,-51,167,-51,-2,1],182173]
[[-1529,803,88,-59,-1,1],182259]
[[-326,611,-130,-76,0,1],182321]
[[917,2208,-136,-127,-2,1],182431]
[[671,456,-25,-51,-2,1],182490]
[[-101,95,27,-22,-1,1],182545]
[[100,-241,178,-41,-2,1],182552]
[[1216,-1688,748,-107,-2,1],182556]
[[-64,304,20,-109,-1,1],182558]
[[-3413,1014,472,-121,-1,1],182579]
[[87,25,-184,-81,-1,1],182589]
[[-5328,1407,364,-99,-2,1],182617]
[[-700,484,80,-56,-1,1],182664]
[[1829,790,-89,-59,0,1],182669]
[[812,-68,-343,-89,-1,1],182682]
[[1125,-1701,822,-125,-1,1],182745]
[[24,25,-96,-41,0,1],182748]
[[408,340,-10,-40,0,1],182750]
[[-99,2520,42,-129,-2,1],182787]
[[-22,80,266,-143,-2,1],182790]
[[104,340,-22,-61,-1,1],182806]
[[1332,1191,-32,-72,0,1],182808]
[[-69,-1136,-684,-117,0,1],182885]
[[60,220,20,-31,-2,1],182910]
[[-6448,2872,188,-136,-1,1],182935]
[[-1704,609,222,-71,-2,1],182952]
[[-72,42,89,-36,-1,1],183055]
[[-2,44,-62,-47,-2,1],183074]
[[725,-1575,855,-133,-1,1],183085]
[[9146,3275,-162,-114,0,1],183112]
[[1355,795,-83,-73,0,1],183135]
[[-5149,1805,168,-84,-1,1],183160]
[[-49,-843,551,-96,-1,1],183179]
[[1961,1190,-270,-137,0,1],183183]
[[376,261,-52,-47,0,1],183215]
[[1143,1377,-66,-86,-1,1],183240]
[[178,29,-246,-114,0,1],183284]
[[315,491,-23,-47,0,1],183377]
[[-637,357,63,-42,-1,1],183449]
[[61,68,-13,-23,0,1],183454]
[[104,324,102,-93,-2,1],183458]
[[1064,548,-54,-48,0,1],183494]
[[-1053,1530,99,-91,-2,1],183590]
[[672,412,-53,-52,-1,1],183653]
[[-1458,985,400,-120,-2,1],183696]
[[-1952,599,284,-91,-2,1],183699]
[[261,-945,809,-158,-1,1],183739]
[[1676,1734,-79,-92,0,1],183755]
[[248,304,28,-40,-1,1],183768]
[[2304,1284,-32,-78,0,1],183816]
[[367,124,-106,-45,0,1],183989]
[[1295,931,14,-65,-1,1],184023]
[[2188,586,-459,-125,-1,1],184162]
[[-534,819,-81,-95,-2,1],184203]
[[-336,426,-3,-77,-2,1],184239]
[[-80,200,-60,-60,0,1],184250]
[[1893,466,-409,-123,0,1],184270]
[[-2662,1210,122,-74,-1,1],184272]
[[-13,126,287,-105,-2,1],184278]
[[3096,1209,-232,-94,0,1],184328]
[[44,-121,-176,-52,0,1],184360]
[[-619,562,111,-59,-2,1],184406]
[[6292,3464,81,-133,-1,1],184406]
[[-367,1062,-220,-107,0,1],184473]
[[-65,-311,270,-59,-1,1],184489]
[[380,143,-103,-48,-1,1],184517]
[[356,-28,-306,-97,-2,1],184526]
[[-72,441,-48,-78,0,1],184536]
[[-2905,1176,217,-89,-1,1],184541]
[[1275,-1730,759,-108,-2,1],184561]
[[-176,1088,-34,-83,0,1],184604]
[[64,241,142,-77,-2,1],184644]
[[104,-116,-216,-72,-2,1],184648]
[[902,1546,272,-125,-1,1],184662]
[[-820,1038,-65,-100,-2,1],184679]
[[-1077,249,246,-74,-1,1],184734]
[[-450,-426,440,-89,-1,1],184786]
[[-362,170,260,-79,-2,1],184878]
[[-4536,1064,448,-115,-2,1],184933]
[[-357,376,19,-73,-1,1],184947]
[[-304,208,396,-101,-1,1],184954]
[[-1808,1600,-111,-117,-1,1],185074]
[[-79,206,5,-59,-2,1],185094]
[[-747,164,235,-64,-2,1],185105]
[[-4788,1656,171,-83,-1,1],185112]
[[-421,760,-130,-85,0,1],185125]
[[1445,751,-256,-140,-1,1],185148]
[[-299,136,169,-83,-2,1],185238]
[[-5776,3600,168,-136,-1,1],185251]
[[36,90,-114,-57,0,1],185256]
[[8,-572,430,-85,-1,1],185330]
[[-53,88,53,-28,-2,1],185347]
[[335,205,-130,-83,-1,1],185355]
[[-68,195,14,-44,-2,1],185359]
[[353,763,177,-83,-1,1],185464]
[[-5832,1959,258,-96,-2,1],185481]
[[-76,20,242,-77,-2,1],185526]
[[243,1170,321,-115,-2,1],185614]
[[2492,1722,-56,-106,0,1],185640]
[[154,-120,-296,-87,-1,1],185658]
[[242,58,-112,-47,-1,1],185670]
[[-513,837,-45,-69,0,1],185697]
[[-64,118,41,-92,-1,1],185697]
[[67,444,-9,-82,-2,1],185735]
[[1328,1416,0,-84,-2,1],185752]
[[-5959,1363,401,-107,-1,1],185796]
[[128,334,-116,-73,-2,1],185832]
[[568,1380,-14,-77,0,1],185832]
[[-3192,1732,106,-85,-1,1],185898]
[[567,783,126,-93,-1,1],185947]
[[1111,-662,-775,-151,0,1],186074]
[[-1953,742,182,-73,-2,1],186081]
[[4406,874,-464,-117,0,1],186110]
[[519,651,-3,-53,-1,1],186111]
[[-165,141,96,-68,-1,1],186120]
[[3688,2260,-110,-100,0,1],186130]
[[797,493,-67,-57,-1,1],186220]
[[6987,4699,-6,-141,-1,1],186227]
[[-23,163,28,-32,-1,1],186260]
[[-1826,2942,262,-134,-1,1],186288]
[[1596,2220,-92,-129,0,1],186354]
[[4437,1104,-425,-118,0,1],186367]
[[-242,-589,-408,-93,-2,1],186377]
[[578,-1387,-925,-149,0,1],186503]
[[-2843,2514,300,-123,-2,1],186611]
[[51,160,-43,-73,-1,1],186679]
[[-9,34,-3,-21,0,1],186682]
[[-1872,828,120,-59,-2,1],186696]
[[-2719,966,351,-123,-1,1],186767]
[[-33,369,-258,-110,-1,1],186768]
[[182,-829,-612,-113,0,1],186792]
[[-2204,615,782,-154,-2,1],186808]
[[-403,444,31,-52,-2,1],186815]
[[1342,979,-33,-65,0,1],186857]
[[-1137,399,214,-76,-1,1],186870]
[[625,1250,30,-85,-1,1],186985]
[[568,628,30,-53,-2,1],187042]
[[936,753,-40,-96,0,1],187056]
[[-72,-15,182,-89,-1,1],187067]
[[13,70,-191,-91,-2,1],187078]
[[-2101,2091,-18,-108,-1,1],187118]
[[137,178,3,-38,-2,1],187129]
[[-14561,5100,247,-159,-2,1],187186]
[[783,-1287,625,-100,-1,1],187215]
[[-156,96,117,-49,-1,1],187227]
[[24,-110,-219,-72,-1,1],187255]
[[-1931,1485,148,-94,-1,1],187354]
[[54,135,-16,-27,0,1],187416]
[[646,1010,-306,-133,-1,1],187418]
[[-1208,579,223,-78,-1,1],187431]
[[1796,1361,-12,-122,0,1],187440]
[[693,246,-365,-108,0,1],187481]
[[2787,3458,131,-135,-2,1],187506]
[[719,353,-138,-70,-1,1],187528]
[[-17,24,25,-34,-2,1],187645]
[[-72,164,418,-105,-2,1],187657]
[[-16,-168,236,-60,-2,1],187662]
[[401,723,65,-63,-1,1],187663]
[[1404,2152,7,-141,-2,1],187707]
[[578,1360,-240,-115,0,1],187750]
[[-2696,1816,-18,-116,0,1],187862]
[[182,259,-14,-44,0,1],187873]
[[1228,384,-200,-79,-2,1],187910]
[[-626,377,116,-58,-2,1],187983]
[[924,1005,-28,-66,0,1],187992]
[[-34,463,-42,-57,-1,1],188023]
[[-2569,2170,112,-97,-1,1],188027]
[[945,2034,-117,-108,0,1],188031]
[[184,404,26,-40,-2,1],188046]
[[-169,154,46,-37,-2,1],188053]
[[-912,1184,-220,-114,-1,1],188077]
[[51,-83,-141,-51,-2,1],188077]
[[1301,910,-45,-60,0,1],188125]
[[512,94,-257,-83,0,1],188135]
[[967,2809,132,-132,-1,1],188144]
[[-469,-593,605,-116,-1,1],188181]
[[3759,1654,-147,-103,0,1],188382]
[[14445,5346,-180,-147,0,1],188415]
[[144,224,4,-48,-1,1],188424]
[[-345,316,305,-82,-2,1],188427]
[[12,60,24,-116,-1,1],188496]
[[13,59,-135,-67,-1,1],188527]
[[-4,-236,284,-84,-1,1],188560]
[[-48,352,-84,-70,-1,1],188645]
[[-704,1396,147,-104,-1,1],188657]
[[945,1620,-15,-92,-2,1],188665]
[[-599,1867,222,-111,-1,1],188671]
[[-439,313,46,-37,-1,1],188723]
[[199,228,-67,-100,0,1],188829]
[[108,243,-162,-101,-2,1],188856]
[[31,-235,280,-77,-1,1],188859]
[[-192,-660,-520,-120,0,1],189000]
[[6249,2412,-128,-99,0,1],189015]
[[4976,2004,-184,-104,0,1],189036]
[[-134,145,52,-44,-2,1],189072]
[[-4887,1759,177,-87,-1,1],189133]
[[-2982,1562,142,-120,-1,1],189144]
[[-836,508,161,-67,-1,1],189198]
[[-116,142,13,-30,-2,1],189205]
[[103,425,73,-65,-2,1],189247]
[[196,16,-192,-69,-1,1],189278]
[[-6504,2388,192,-104,-2,1],189324]
[[953,1081,80,-122,-1,1],189342]
[[112,896,-280,-109,0,1],189406]
[[7,352,103,-59,-2,1],189414]
[[-204,55,150,-48,-2,1],189439]
[[-484,660,-52,-84,-1,1],189520]
[[-107,158,12,-31,-1,1],189569]
[[-4972,5274,81,-159,-1,1],189574]
[[-11555,3674,258,-121,-1,1],189577]
[[6656,2560,-258,-130,0,1],189598]
[[-86,-270,-218,-58,-1,1],189616]
[[-828,482,161,-95,-1,1],189685]
[[-1169,1091,79,-72,-2,1],189733]
[[1026,615,-106,-64,0,1],189739]
[[140,293,-124,-119,-2,1],189756]
[[276,376,-165,-100,-2,1],189779]
[[-1640,750,110,-61,-2,1],189820]
[[-361,-969,-605,-115,0,1],189879]
[[-3788,2668,247,-113,-2,1],189927]
[[-9,-172,335,-81,-2,1],189954]
[[4050,1620,-144,-97,-2,1],189990]
[[-3277,749,449,-107,-2,1],190047]
[[26,-138,156,-39,-2,1],190058]
[[648,513,-4,-45,-1,1],190081]
[[5,349,69,-53,-2,1],190115]
[[8275,2970,-111,-105,-1,1],190157]
[[1680,388,-397,-118,-2,1],190191]
[[-964,793,98,-110,-2,1],190196]
[[1073,704,-35,-60,-2,1],190223]
[[249,-219,-305,-75,0,1],190287]
[[-32,166,97,-41,-2,1],190443]
[[-1408,621,237,-75,-2,1],190555]
[[15,172,-7,-37,0,1],190637]
[[-5088,1510,216,-78,-2,1],190712]
[[-56,128,-24,-37,-1,1],190739]
[[-859,676,95,-56,-2,1],190745]
[[-355,361,19,-50,-1,1],190807]
[[81,236,81,-46,-2,1],190867]
[[119,205,-28,-44,-1,1],190872]
[[-93,-32,139,-51,-2,1],191046]
[[136,428,232,-80,-2,1],191048]
[[-128,88,165,-51,-2,1],191053]
[[12,28,-263,-85,-1,1],191166]
[[-97,-366,-305,-79,-2,1],191210]
[[2794,2257,28,-95,-2,1],191220]
[[-594,405,267,-85,-2,1],191231]
[[932,522,-35,-47,-1,1],191290]
[[-1617,-111,639,-127,-2,1],191331]
[[7776,2964,-148,-123,-2,1],191453]
[[1323,1434,-33,-93,-2,1],191502]
[[6086,2631,-110,-112,0,1],191529]
[[-72,-188,318,-99,-1,1],191558]
[[-9,99,-178,-128,-1,1],191630]
[[1664,785,-243,-93,0,1],191651]
[[-1215,306,243,-72,-2,1],191655]
[[38,45,-36,-43,-1,1],191659]
[[1368,684,-76,-57,0,1],191691]
[[55,226,-29,-43,0,1],191702]
[[-1816,399,252,-67,-2,1],191761]
[[601,640,-191,-105,-2,1],191771]
[[2266,1509,10,-81,-1,1],191877]
[[-2870,1394,82,-80,-1,1],191880]
[[1976,1789,-59,-127,0,1],191905]
[[2445,1409,-6,-77,-1,1],191927]
[[4396,2668,78,-122,-1,1],192008]
[[2554,1835,-53,-92,-1,1],192015]
[[1139,851,-15,-71,0,1],192057]
[[-480,1336,84,-84,-1,1],192065]
[[679,596,-145,-73,0,1],192166]
[[2212,340,-435,-114,-1,1],192167]
[[90,171,-6,-30,0,1],192168]
[[-129,301,-86,-70,-1,1],192210]
[[-185,65,160,-56,-1,1],192240]
[[932,632,-14,-49,-1,1],192258]
[[12448,4576,-80,-131,-2,1],192258]
[[-1755,945,72,-65,-1,1],192285]
[[4336,2104,-152,-124,-2,1],192304]
[[-15622,3985,519,-158,-1,1],192313]
[[-344,-428,486,-101,-2,1],192323]
[[1023,1705,110,-102,-1,1],192324]
[[-357,1250,-359,-146,-2,1],192349]
[[49,42,-231,-84,-2,1],192395]
[[1539,1386,110,-109,-2,1],192403]
[[1106,1093,-1,-73,0,1],192409]
[[198,1455,-16,-83,0,1],192424]
[[208,30,-144,-58,-2,1],192440]
[[-1495,605,112,-55,-1,1],192465]
[[2401,-2813,1115,-154,-1,1],192573]
[[-1548,1044,72,-72,-1,1],192696]
[[1,16,-85,-53,0,1],192722]
[[-686,691,-35,-79,-2,1],192739]
[[-63,264,-209,-117,-2,1],192790]
[[2987,3457,-274,-170,-1,1],192798]
[[620,836,84,-109,-1,1],192830]
[[-574,523,31,-56,-1,1],192869]
[[-20,66,8,-22,-2,1],192880]
[[6223,2476,-86,-103,-2,1],192919]
[[-72,57,38,-29,-1,1],192971]
[[2464,1905,-40,-110,0,1],193000]
[[-204,303,-48,-53,-1,1],193041]
[[-44,75,10,-22,-2,1],193048]
[[-6250,1900,256,-97,-1,1],193078]
[[7360,2629,-151,-101,0,1],193127]
[[441,756,35,-56,-2,1],193165]
[[294,-730,546,-109,-1,1],193198]
[[-3,-3,108,-46,-1,1],193230]
[[-674,429,112,-63,-2,1],193244]
[[145,486,5,-52,-2,1],193361]
[[522,380,-148,-93,-2,1],193446]
[[-1608,228,432,-95,-2,1],193491]
[[-2576,2438,181,-110,-1,1],193545]
[[253,113,-129,-61,-1,1],193553]
[[-657,-159,371,-82,-2,1],193587]
[[-2646,910,342,-97,-2,1],193622]
[[292,1277,-20,-74,0,1],193768]
[[-2476,794,296,-98,-2,1],193776]
[[15,95,97,-48,-1,1],193815]
[[-146,-235,307,-77,-2,1],193829]
[[-1002,655,104,-81,-1,1],193867]
[[416,340,-179,-85,-2,1],193869]
[[-668,792,58,-61,-1,1],193930]
[[-1505,520,175,-61,-2,1],193970]
[[820,684,-8,-60,-1,1],193992]
[[2067,1197,-105,-92,-1,1],194085]
[[1017,1102,141,-97,-1,1],194095]
[[-4450,2695,94,-121,-1,1],194109]
[[961,961,-33,-84,-1,1],194159]
[[443,2010,-1,-109,-2,1],194174]
[[-204,-4,183,-61,-2,1],194189]
[[749,400,-195,-80,0,1],194215]
[[-51,90,33,-35,-2,1],194274]
[[-1534,803,85,-58,-1,1],194283]
[[-729,393,76,-44,-1,1],194288]
[[-63,-85,164,-48,-1,1],194296]
[[-2895,1137,357,-101,-2,1],194301]
[[1436,962,0,-61,-2,1],194308]
[[452,-332,-448,-104,-1,1],194328]
[[2725,1750,-75,-100,0,1],194375]
[[204,1814,136,-94,-2,1],194384]
[[-595,192,399,-141,-2,1],194386]
[[-2776,2700,131,-111,-1,1],194404]
[[-63,-294,-371,-99,0,1],194418]
[[2316,1806,-81,-95,-1,1],194490]
[[-6415,1780,261,-87,-2,1],194570]
[[495,1156,-29,-93,0,1],194614]
[[-5232,1920,168,-92,-1,1],194616]
[[179,889,32,-80,-1,1],194616]
[[117,300,-275,-90,0,1],194625]
[[-32,172,81,-39,-2,1],194641]
[[1542,1101,-40,-69,0,1],194652]
[[3688,1780,-32,-88,-2,1],194680]
[[1467,886,-253,-115,-2,1],194685]
[[6833,2950,-75,-115,0,1],194750]
[[7028,4205,-41,-136,-1,1],194931]
[[17,20,-104,-59,0,1],194957]
[[-2,50,-36,-55,-2,1],194962]
[[7922,3057,-90,-111,-2,1],195061]
[[-2738,629,283,-75,-2,1],195101]
[[-198,378,-30,-51,0,1],195102]
[[2760,2505,-40,-102,0,1],195120]
[[-4147,2592,-19,-123,-1,1],195143]
[[7,-102,243,-61,-2,1],195146]
[[-36,17,91,-43,-2,1],195179]
[[-4150,971,356,-92,-2,1],195192]
[[899,615,3,-51,-2,1],195305]
[[821,1256,-335,-130,0,1],195323]
[[115,276,-47,-47,0,1],195362]
[[16,304,52,-48,-2,1],195406]
[[75,350,85,-63,-1,1],195435]
[[188,196,-40,-44,-1,1],195480]
[[-1152,1584,-36,-119,-1,1],195507]
[[-17328,4128,504,-148,-1,1],195624]
[[-1544,1996,40,-104,-2,1],195624]
[[1433,626,-81,-53,0,1],195666]
[[194,223,-64,-43,0,1],195688]
[[-243,414,93,-101,-1,1],195693]
[[3048,2140,54,-111,-1,1],195734]
[[7824,2040,-380,-120,0,1],195750]
[[589,380,-57,-45,0,1],195814]
[[-67,25,148,-71,-1,1],195821]
[[2343,2505,-26,-118,-1,1],195852]
[[-929,474,111,-63,-1,1],195887]
[[166,-440,288,-59,-1,1],195890]
[[-1457,2278,-9,-111,-1,1],195911]
[[-126,175,42,-37,-1,1],195965]
[[45,88,21,-22,-2,1],196001]
[[2343,1452,-87,-89,-1,1],196119]
[[704,592,-4,-56,-2,1],196178]
[[2585,1542,-19,-99,-2,1],196194]
[[-2330,1281,76,-82,-2,1],196216]
[[6660,1494,-567,-147,-1,1],196230]
[[56,228,-40,-72,-2,1],196232]
[[1455,2169,-25,-144,0,1],196305]
[[91,118,10,-23,-2,1],196317]
[[1472,1104,-1,-67,-1,1],196328]
[[-112,382,-252,-122,0,1],196336]
[[2756,1656,-91,-105,-1,1],196345]
[[3599,4344,-61,-157,0,1],196370]
[[64,420,-32,-68,0,1],196488]
[[-544,853,48,-59,-1,1],196517]
[[1587,690,-191,-81,0,1],196542]
[[262,913,200,-91,-2,1],196548]
[[784,1000,160,-116,-2,1],196632]
[[2308,1394,-139,-123,-1,1],196673]
[[-648,394,49,-43,-1,1],196701]
[[7396,2924,-88,-108,-1,1],196760]
[[6,-9,-110,-51,0,1],196767]
[[2380,2769,230,-126,-2,1],196828]
[[1701,1188,-15,-93,-2,1],196842]
[[384,368,-26,-48,-2,1],196930]
[[-2513,1958,67,-107,-2,1],196942]
[[4149,2682,-81,-103,0,1],196947]
[[3,48,-57,-56,-2,1],197001]
[[3260,1288,-220,-105,-1,1],197018]
[[-128,144,392,-106,-2,1],197060]
[[-1709,712,163,-65,-2,1],197094]
[[1944,1836,-98,-96,0,1],197118]
[[-1224,1644,-152,-123,-2,1],197131]
[[117,100,-88,-73,0,1],197137]
[[-4488,2393,186,-101,-2,1],197167]
[[600,524,-14,-65,-2,1],197210]
[[-224,753,-79,-94,-1,1],197227]
[[-80,-168,224,-59,-2,1],197294]
[[-1317,609,201,-95,-2,1],197307]
[[414,-708,402,-77,-1,1],197346]
[[996,896,-6,-59,-1,1],197398]
[[199,150,-99,-51,-1,1],197447]
[[3348,1674,-465,-140,0,1],197501]
[[-103,-21,115,-34,-2,1],197531]
[[-528,598,476,-166,-2,1],197544]
[[3726,2619,183,-119,-2,1],197637]
[[1407,764,-347,-133,0,1],197690]
[[1168,388,-179,-71,-1,1],197726]
[[-100,-370,-377,-96,-2,1],197731]
[[-3129,1841,365,-148,-1,1],197743]
[[-342,-11,162,-43,-2,1],197749]
[[-4388,3173,-13,-127,0,1],197771]
[[378,279,-74,-66,0,1],197784]
[[-808,-4,322,-75,-2,1],197860]
[[-8838,2400,304,-101,-2,1],197870]
[[729,1458,-63,-90,0,1],197901]
[[10245,4376,-38,-131,-2,1],197935]
[[-2053,1466,-15,-103,-2,1],197938]
[[2288,1304,-60,-80,0,1],197938]
[[2016,1980,-15,-105,0,1],197955]
[[-650,342,64,-39,-2,1],198014]
[[-1089,873,54,-62,-1,1],198072]
[[8476,2652,-404,-151,-1,1],198094]
[[-105,-44,111,-31,-2,1],198166]
[[1330,1120,70,-83,-1,1],198170]
[[-326,224,235,-101,-1,1],198180]
[[48,88,-52,-64,-2,1],198246]
[[171,172,-69,-49,-2,1],198253]
[[1308,1752,-18,-95,-1,1],198306]
[[3035,1420,-155,-87,0,1],198310]
[[8046,2794,-128,-103,-1,1],198330]
[[-1577,840,106,-63,-2,1],198355]
[[212,56,-123,-47,0,1],198357]
[[-271,-506,-311,-67,0,1],198370]
[[5645,2751,-136,-117,-1,1],198421]
[[3367,2396,-21,-104,0,1],198485]
[[1576,913,-50,-71,-2,1],198504]
[[88,153,-152,-82,0,1],198512]
[[2543,3110,29,-146,-2,1],198513]
[[504,1223,51,-115,-2,1],198593]
[[-7832,2332,286,-104,-2,1],198594]
[[664,276,-454,-118,0,1],198618]
[[-534,801,0,-74,-2,1],198648]
[[-78,477,-12,-47,0,1],198648]
[[1915,2073,-8,-96,-1,1],198696]
[[-331,127,91,-37,-2,1],198729]
[[-420,-774,-452,-90,0,1],198792]
[[-279,-657,-477,-102,-1,1],198813]
[[-2544,1631,138,-118,-2,1],198824]
[[-22,-26,72,-27,-2,1],198838]
[[80,-1044,-783,-145,-1,1],198866]
[[-6,47,-71,-43,0,1],198869]
[[14,22,-30,-48,-1,1],198872]
[[1701,1458,-45,-81,0,1],198882]
[[43,44,-281,-93,-2,1],198923]
[[-441,1625,126,-94,-1,1],198968]
[[-36,780,384,-128,-1,1],198984]
[[1,2,-150,-81,0,1],199081]
[[-2975,1369,336,-146,-1,1],199114]
[[5556,3606,45,-124,-2,1],199143]
[[-2824,1280,98,-74,-1,1],199160]
[[-109,524,296,-89,-2,1],199167]
[[-539,-388,606,-115,-2,1],199171]
[[-926,-586,656,-115,-2,1],199178]
[[-176,0,407,-97,-2,1],199199]
[[2062,1849,52,-86,-2,1],199224]
[[-348,24,264,-71,-1,1],199314]
[[1724,926,-48,-62,0,1],199320]
[[-807,120,201,-53,-2,1],199530]
[[3630,1831,-87,-85,0,1],199547]
[[-293,216,308,-103,-1,1],199679]
[[225,126,-90,-57,-2,1],199743]
[[113,567,-55,-107,-2,1],199751]
[[1426,875,-139,-97,0,1],199757]
[[-1160,908,82,-71,-1,1],199818]
[[-224,1036,-376,-136,0,1],199864]
[[-404,-149,358,-95,-2,1],199944]
