[[-5322,5728,24,-201,-2,1],500018]
[[2203,1498,-5,-79,-2,1],500026]
[[-7916,2107,362,-106,-2,1],500104]
[[16,304,156,-66,-1,1],500135]
[[-3082,3581,-540,-214,-2,1],500149]
[[-870,454,146,-81,-1,1],500214]
[[475,-2810,1312,-167,-2,1],500229]
[[9370,5001,-192,-178,-2,1],500272]
[[10719,4380,-143,-148,0,1],500321]
[[-1252,340,248,-80,-1,1],500364]
[[25,245,15,-46,-1,1],500395]
[[5005,1084,-599,-155,-2,1],500430]
[[3744,2635,134,-142,-2,1],500440]
[[-3848,1789,1006,-197,-2,1],500445]
[[-178,91,104,-56,-2,1],500552]
[[-3600,1605,181,-107,-2,1],500585]
[[168,61,-180,-69,0,1],500588]
[[-532,700,63,-66,-2,1],500591]
[[532,340,-380,-119,-1,1],500594]
[[368,131,-718,-203,-2,1],500616]
[[2208,3560,260,-189,-2,1],500616]
[[68,273,-11,-37,0,1],500631]
[[782,233,-436,-146,-2,1],500643]
[[143,2313,-118,-162,-1,1],500696]
[[-320,497,-38,-83,-1,1],500733]
[[24691,7424,-759,-225,0,1],500738]
[[214,190,-78,-48,-1,1],500744]
[[420,-174,-440,-102,0,1],500760]
[[972,1782,-225,-123,-1,1],500898]
[[-738,828,-30,-101,-1,1],500922]
[[14890,3000,-894,-201,-1,1],500990]
[[9606,9375,-250,-210,0,1],501000]
[[-129,-114,461,-151,-2,1],501006]
[[384,1104,-950,-210,0,1],501102]
[[-16571,2930,855,-171,-2,1],501146]
[[-9644,3767,342,-144,-2,1],501205]
[[-1648,4656,-12,-160,-2,1],501242]
[[-2029,-251,857,-188,-1,1],501255]
[[-4887,2544,373,-145,-2,1],501262]
[[10,-327,405,-85,-2,1],501301]
[[-400,350,36,-51,-2,1],501304]
[[1949,996,-67,-65,0,1],501354]
[[16326,5803,-358,-190,0,1],501416]
[[-280,872,-182,-92,0,1],501422]
[[-448,1040,-334,-156,-1,1],501452]
[[3440,-1584,-1428,-220,-1,1],501551]
[[4925,2880,-522,-195,-2,1],501581]
[[-470,2822,238,-167,-1,1],501642]
[[-4001,8792,-129,-243,-2,1],501646]
[[-2313,1674,-33,-111,-2,1],501690]
[[1700,3100,-75,-128,-1,1],501695]
[[7650,4725,-276,-159,0,1],501768]
[[3514,1668,-214,-109,0,1],501782]
[[-7061,4482,219,-139,-2,1],501790]
[[-1213,1073,8,-80,-1,1],501832]
[[13747,6317,-152,-176,-1,1],501840]
[[536,800,-360,-125,0,1],501855]
[[-29004,7494,567,-194,-2,1],501885]
[[3430,4177,612,-206,-2,1],501892]
[[-1008,1050,-77,-111,-2,1],501893]
[[-144,432,180,-146,-1,1],501921]
[[17756,4046,-620,-170,0,1],501928]
[[-21660,6152,488,-191,-1,1],501938]
[[-6190,2361,252,-103,-2,1],501964]
[[1749,-2200,913,-126,-2,1],501985]
[[2485,-3365,1355,-178,-1,1],501985]
[[180,-145,-235,-68,-1,1],501995]
[[-1008,444,238,-79,-1,1],501997]
[[168,317,-160,-86,0,1],502024]
[[-736,664,-26,-62,0,1],502030]
[[-2025,-567,960,-176,-1,1],502032]
[[-756,2790,-228,-138,0,1],502056]
[[20567,7767,-61,-175,-2,1],502061]
[[-961,744,87,-69,-2,1],502078]
[[1393,793,-240,-98,-1,1],502094]
[[-800,6475,55,-175,-2,1],502105]
[[-1440,678,400,-110,-2,1],502136]
[[12476,4092,-247,-147,-2,1],502149]
[[5349,3091,44,-132,-1,1],502164]
[[2816,1010,-297,-101,0,1],502203]
[[1157,1403,65,-83,-1,1],502216]
[[-2976,2776,336,-166,-1,1],502231]
[[7911,2877,-113,-104,-1,1],502303]
[[84,2092,71,-105,-1,1],502326]
[[-108,-702,-900,-194,0,1],502344]
[[80,220,-560,-168,0,1],502360]
[[222,-432,-822,-157,0,1],502434]
[[1621,1158,-340,-151,-2,1],502493]
[[146,-493,477,-109,-2,1],502565]
[[538,965,56,-70,-2,1],502587]
[[3708,-5076,1872,-220,-1,1],502596]
[[136,235,2,-68,-2,1],502621]
[[491,205,-777,-171,-1,1],502721]
[[14700,5725,-234,-177,-2,1],502745]
[[-5488,5432,551,-195,-1,1],502760]
[[1009,1862,501,-147,-2,1],502762]
[[-39,-985,698,-121,-1,1],502763]
[[169,-193,-771,-169,-2,1],502855]
[[5317,-5981,2017,-227,-1,1],502871]
[[-23247,4920,779,-177,-2,1],502906]
[[-2572,-1424,1598,-239,-1,1],502914]
[[3671,1890,-25,-97,-2,1],502918]
[[-16010,6265,220,-206,-2,1],502920]
[[322,785,344,-106,-2,1],502920]
[[2641,2410,-340,-163,-2,1],502959]
[[-54096,11368,756,-216,-2,1],502978]
[[-40,225,-80,-50,0,1],503000]
[[-56,-244,-334,-141,-1,1],503054]
[[-13,2086,-303,-143,-1,1],503063]
[[27130,8681,-311,-185,0,1],503071]
[[-4869,1809,315,-121,-2,1],503217]
[[32761,8326,-565,-202,0,1],503309]
[[23360,9904,-178,-212,-1,1],503316]
[[15751,5657,-97,-153,-1,1],503336]
[[-81,77,52,-36,-1,1],503352]
[[20539,4997,-793,-219,0,1],503405]
[[-6059,-5602,-1783,-206,0,1],503467]
[[-1220,-1664,-758,-125,-1,1],503486]
[[5974,2425,-150,-110,0,1],503500]
[[8640,5740,176,-175,-2,1],503565]
[[7463,6579,68,-171,-1,1],503591]
[[-828,799,142,-66,-2,1],503640]
[[11850,5690,-593,-243,-1,1],503640]
[[-60,-637,-518,-118,-2,1],503672]
[[45,-1212,885,-150,-2,1],503721]
[[121,334,10,-41,-2,1],503757]
[[-331,150,93,-36,-2,1],503765]
[[-2408,1370,151,-110,-1,1],503793]
[[7880,4863,38,-138,-2,1],503832]
[[13818,8779,85,-189,-2,1],503835]
[[-12768,7972,164,-202,-2,1],503908]
[[-5276,1663,394,-113,-2,1],503928]
[[1883,1255,-855,-197,-1,1],503941]
[[217,654,-83,-143,0,1],504058]
[[3519,2038,3,-87,-2,1],504067]
[[1852,1867,270,-116,-2,1],504073]
[[-532,-1202,-756,-150,0,1],504088]
[[3962,6451,-477,-209,0,1],504091]
[[-11999,3690,295,-131,-1,1],504107]
[[14575,4304,-259,-132,0,1],504131]
[[381,2140,-69,-151,0,1],504138]
[[-5903,4432,442,-163,-2,1],504187]
[[-45,179,-41,-48,-1,1],504207]
[[-1462,573,133,-55,-2,1],504235]
[[-3420,3510,-360,-186,-2,1],504240]
[[1840,-2362,959,-132,-1,1],504257]
[[1615,1060,1,-65,-2,1],504270]
[[-14633,2347,990,-192,-1,1],504290]
[[10316,3234,-1337,-260,0,1],504347]
[[-15816,6080,302,-170,-1,1],504376]
[[-215,-845,795,-158,-1,1],504395]
[[-701,1807,641,-155,-2,1],504431]
[[1423,-2415,1082,-154,-1,1],504464]
[[-126,-856,848,-163,-1,1],504526]
[[-2354,405,605,-123,-2,1],504541]
[[3366,-1506,-1286,-195,0,1],504558]
[[1799,3131,493,-172,-1,1],504567]
[[3691,4685,418,-191,-1,1],504567]
[[-148,436,26,-53,-1,1],504582]
[[-1225,1030,106,-127,-2,1],504605]
[[-6135,1765,510,-133,-1,1],504685]
[[1281,1013,2,-83,-1,1],504713]
[[-2770,25,676,-130,-2,1],504720]
[[1125,-2325,1115,-151,-2,1],504723]
[[-36549,7606,1115,-232,-2,1],504807]
[[252,430,64,-54,-2,1],504816]
[[-744,-2054,-1522,-237,0,1],504820]
[[-380,684,-100,-89,0,1],504830]
[[21101,7353,-124,-178,-1,1],504890]
[[1957,3326,-81,-123,0,1],504905]
[[2656,1961,70,-101,-2,1],504920]
[[256,4824,478,-181,-2,1],504973]
[[-2984,1692,118,-88,-2,1],504974]
[[-2700,3288,327,-158,-2,1],504987]
[[-1107,-2133,-1071,-165,0,1],505017]
[[-837,800,-41,-81,-2,1],505153]
[[-16605,3240,837,-183,-1,1],505205]
[[678,-69,-359,-93,0,1],505215]
[[3869,1697,-238,-111,-1,1],505229]
[[-4689,10353,166,-214,-1,1],505272]
[[161,-206,-634,-141,-1,1],505285]
[[-1979,1158,838,-189,-1,1],505293]
[[1033,607,-37,-52,0,1],505315]
[[8520,3614,-24,-118,-2,1],505336]
[[1068,1433,28,-143,-2,1],505364]
[[-2118,1626,6,-140,-1,1],505368]
[[7387,2353,-343,-136,-1,1],505373]
[[-212,821,133,-74,-1,1],505377]
[[734,796,32,-119,-1,1],505422]
[[-360,-175,392,-103,-1,1],505465]
[[1582,-71,-1124,-218,-2,1],505512]
[[-1917,900,189,-96,-2,1],505557]
[[348,778,-167,-114,-2,1],505577]
[[-4416,1328,412,-123,-1,1],505606]
[[1511,688,-193,-85,-1,1],505609]
[[1836,664,-264,-99,-1,1],505714]
[[-1531,935,312,-132,-1,1],505720]
[[4,1412,172,-131,-1,1],505734]
[[13275,5469,-175,-198,-1,1],505759]
[[-2812,3990,-209,-190,0,1],505761]
[[367,740,209,-181,-2,1],505810]
[[-1108,384,227,-75,-1,1],505816]
[[-1689,1649,224,-104,-1,1],505840]
[[1,64,-211,-109,-2,1],505851]
[[17045,6826,-270,-193,0,1],505915]
[[24,-298,279,-59,-2,1],505955]
[[-548,-1141,-746,-150,-2,1],505976]
[[1004,1625,-140,-100,0,1],506000]
[[1083,-787,-1323,-233,-1,1],506012]
[[-340,-9,158,-42,-2,1],506040]
[[159,237,-139,-75,0,1],506043]
[[2517,3150,-73,-123,0,1],506118]
[[3060,1728,-230,-129,-2,1],506126]
[[5958,6889,-59,-187,0,1],506159]
[[536,-1011,561,-93,-2,1],506177]
[[-12493,4247,245,-132,-1,1],506185]
[[1767,1511,-23,-91,-2,1],506213]
[[192,531,-380,-144,0,1],506232]
[[562,674,-386,-122,-1,1],506256]
[[2000,3400,1070,-236,-1,1],506340]
[[-2069,1696,-12,-131,-2,1],506341]
[[13104,5364,-84,-162,-2,1],506364]
[[8544,4080,-148,-129,0,1],506394]
[[9111,4630,-113,-171,-2,1],506394]
[[62,-2209,-1154,-167,0,1],506401]
[[7986,10890,-66,-218,-1,1],506448]
[[-1828,1639,318,-134,-2,1],506488]
[[-4034,568,562,-119,-2,1],506502]
[[19884,5239,-352,-148,0,1],506504]
[[7024,4792,184,-159,-2,1],506590]
[[-6977,4028,-95,-167,-1,1],506637]
[[12836,4120,-205,-131,-1,1],506664]
[[2181,1491,-37,-85,-2,1],506667]
[[945,146,-382,-111,-2,1],506673]
[[-30167,9594,470,-199,-2,1],506705]
[[4491,-543,-1236,-212,-1,1],506712]
[[188,-684,548,-108,-1,1],506744]
[[-369,1170,-571,-154,0,1],506759]
[[6656,320,-1112,-205,0,1],506794]
[[15633,3950,-603,-187,-2,1],506822]
[[-11956,7248,276,-205,-1,1],506870]
[[-3059,1311,139,-85,-1,1],506920]
[[-13,107,-185,-132,-2,1],506951]
[[1944,6435,222,-178,-2,1],506968]
[[5012,2122,-67,-91,-1,1],506995]
[[-1764,372,420,-108,-1,1],507024]
[[3240,2619,-90,-122,-2,1],507096]
[[2450,5170,22,-178,-1,1],507120]
[[5839,2191,-307,-123,0,1],507127]
[[1676,4780,-732,-233,-1,1],507142]
[[-939,1204,97,-78,-2,1],507159]
[[52,409,-244,-102,0,1],507184]
[[-61,128,21,-25,-2,1],507214]
[[5639,1867,-328,-131,-1,1],507279]
[[-5681,2323,343,-152,-2,1],507357]
[[832,627,-119,-80,-1,1],507365]
[[8,23,-170,-79,-1,1],507419]
[[-12032,2688,676,-159,-2,1],507463]
[[-1108,332,200,-68,-1,1],507472]
[[-74,881,-125,-110,-1,1],507501]
[[724,4276,80,-136,-1,1],507528]
[[21240,10756,402,-241,-2,1],507590]
[[1445,2470,125,-113,-1,1],507645]
[[-7375,5150,-90,-165,0,1],507715]
[[-2373,1992,-140,-129,0,1],507717]
[[-1407,2341,195,-141,-1,1],507739]
[[7651,2989,-342,-170,-1,1],507752]
[[475,865,245,-149,-2,1],507755]
[[-6524,2931,294,-156,-2,1],507757]
[[-485,-1226,-966,-231,0,1],507811]
[[-48,532,285,-177,-1,1],507815]
[[-11,-176,-209,-61,0,1],507826]
[[-4213,1543,325,-127,-2,1],507861]
[[155,-1297,-935,-174,-2,1],507863]
[[473,290,-75,-55,-2,1],507866]
[[2088,-2802,1168,-158,-2,1],507896]
[[2700,1870,-64,-109,0,1],507916]
[[-144,1440,89,-83,-1,1],507962]
[[-716,355,213,-101,-2,1],507965]
[[-1040,1048,76,-104,-2,1],507978]
[[-407,1029,-116,-93,-1,1],507981]
[[-22558,5872,570,-167,-2,1],508006]
[[-5832,4167,-27,-165,0,1],508083]
[[6553,2644,-303,-128,0,1],508115]
[[6539,4199,9,-129,-2,1],508157]
[[9507,11054,-136,-221,0,1],508193]
[[28191,7490,-455,-185,0,1],508250]
[[-279,-1004,-625,-115,0,1],508274]
[[315,-102,-953,-239,-2,1],508318]
[[976,888,52,-64,-2,1],508322]
[[-4428,3440,440,-169,-1,1],508378]
[[438,1929,36,-110,-2,1],508392]
[[-789,313,340,-139,-1,1],508447]
[[2556,6456,-154,-185,-1,1],508454]
[[-21668,9812,326,-222,-1,1],508456]
[[-246,350,50,-60,-1,1],508456]
[[-1200,-1800,-864,-143,-1,1],508482]
[[-1310,3695,-10,-152,0,1],508495]
[[4871,1653,-350,-137,-1,1],508573]
[[36,-12,-132,-53,-1,1],508578]
[[14832,7460,-184,-184,0,1],508624]
[[550,1040,-148,-93,-1,1],508730]
[[984,-340,-530,-110,0,1],508750]
[[537,5362,-237,-207,0,1],508754]
[[503,408,15,-39,-2,1],508762]
[[7900,3730,-61,-123,-1,1],508798]
[[2028,1612,33,-97,-1,1],508822]
[[42,46,-72,-45,-1,1],508834]
[[-15400,3164,920,-203,-2,1],508851]
[[272,-8,-240,-84,-2,1],508888]
[[3953,4493,122,-147,-1,1],508913]
[[-13525,2850,613,-149,-1,1],508921]
[[-5526,5010,458,-181,-2,1],508970]
[[73,268,31,-47,-1,1],509003]
[[-112,136,28,-37,-1,1],509046]
[[11149,3770,-330,-153,-1,1],509069]
[[-346,-920,782,-137,-1,1],509070]
[[-26560,7022,512,-170,-2,1],509112]
[[-16891,4600,716,-185,-1,1],509157]
[[2700,435,-467,-115,0,1],509167]
[[6368,3549,-81,-171,-2,1],509183]
[[-5468,2515,169,-131,-2,1],509205]
[[1936,1892,205,-131,-1,1],509274]
[[-19809,7707,243,-212,-1,1],509313]
[[529,448,-28,-61,-1,1],509319]
[[-1014,689,304,-94,-2,1],509392]
[[2273,806,-204,-83,0,1],509415]
[[197,632,351,-207,-1,1],509495]
[[5050,3032,48,-151,-1,1],509498]
[[-3216,1204,216,-85,-2,1],509512]
[[712,1294,-782,-201,-2,1],509540]
[[-1280,660,380,-159,-2,1],509555]
[[-1188,1050,153,-143,-1,1],509610]
[[4711,5254,-17,-155,-2,1],509634]
[[266,2398,122,-113,-1,1],509686]
[[-599,353,72,-51,-1,1],509701]
[[-7448,6748,298,-172,-2,1],509710]
[[-7520,3424,76,-131,-1,1],509726]
[[7150,2942,-386,-176,-1,1],509736]
[[193,-1483,1251,-201,-2,1],509779]
[[-1733,2669,-359,-188,-2,1],509789]
[[89,-580,614,-167,-2,1],509805]
[[-10459,2422,533,-137,-1,1],509823]
[[11083,5039,-35,-149,-1,1],509823]
[[578,4186,-34,-194,-1,1],509904]
[[-13931,3060,543,-141,-1,1],509909]
[[-2528,1914,280,-109,-2,1],509912]
[[-275,-915,-851,-166,-2,1],509917]
[[-68,-140,225,-65,-2,1],509929]
[[761,-3338,-1709,-223,0,1],509962]
[[243,234,-16,-45,-2,1],509971]
[[48,-408,528,-107,-1,1],510066]
[[30,168,111,-53,-1,1],510084]
[[3482,2216,-68,-105,-2,1],510130]
[[2124,1577,46,-115,-2,1],510136]
[[-7937,314,1295,-199,-2,1],510210]
[[3288,863,-590,-174,-2,1],510232]
[[3969,597,-555,-138,-2,1],510255]
[[14868,6261,-124,-174,0,1],510255]
[[164,1199,-28,-119,-2,1],510309]
[[7758,2175,-881,-195,0,1],510327]
[[-3872,3660,126,-133,-2,1],510355]
[[151,369,52,-48,-1,1],510360]
[[489,947,55,-63,-2,1],510385]
[[-5891,2284,257,-104,-2,1],510391]
[[-153,477,-271,-163,0,1],510421]
[[-316,156,110,-41,-2,1],510478]
[[7655,-6767,2054,-222,-1,1],510488]
[[9633,3484,-115,-121,-2,1],510522]
[[38,-519,620,-190,-2,1],510632]
[[4284,1422,-672,-185,-2,1],510660]
[[12583,5101,-150,-174,-1,1],510670]
[[2732,1078,-557,-162,0,1],510671]
[[232,-1388,774,-117,-2,1],510686]
[[758,2874,-788,-205,0,1],510714]
[[-86,203,-42,-50,0,1],510744]
[[-2015,797,139,-65,-1,1],510759]
[[-189,414,-81,-105,-1,1],510777]
[[-954,476,146,-61,-1,1],510794]
[[30,-75,-200,-93,0,1],510840]
[[2555,634,-315,-94,0,1],510881]
[[981,0,-436,-109,0,1],510883]
[[2309,5504,121,-153,-2,1],510926]
[[-4200,1131,531,-125,-2,1],510939]
[[1332,3185,749,-189,-2,1],510947]
[[9536,3584,-148,-128,-1,1],511055]
[[-187,563,177,-108,-1,1],511079]
[[1352,1521,-80,-128,0,1],511088]
[[7945,4884,-389,-225,-2,1],511118]
[[-1487,646,121,-57,-2,1],511174]
[[-1394,2794,-254,-173,-2,1],511254]
[[7321,3004,-572,-185,-2,1],511281]
[[-81,444,135,-101,-1,1],511305]
[[553,2413,11,-124,-2,1],511363]
[[-8993,2742,371,-127,-1,1],511415]
[[4016,890,-967,-219,-1,1],511445]
[[2817,-1134,-1137,-195,-2,1],511458]
[[2416,144,-584,-136,-1,1],511480]
[[1088,736,-149,-104,-1,1],511483]
[[-72,540,1138,-201,-2,1],511498]
[[976,1606,121,-95,-1,1],511549]
[[-841,-445,693,-151,-2,1],511555]
[[-23461,5303,1021,-232,-1,1],511613]
[[-9347,10573,601,-234,-2,1],511613]
[[-2028,1053,88,-67,-1,1],511635]
[[-4066,2657,108,-118,-2,1],511640]
[[3324,1080,-264,-101,-1,1],511686]
[[8467,3165,-109,-109,-1,1],511688]
[[813,1318,85,-99,-2,1],511694]
[[6687,2637,-222,-126,-1,1],511710]
[[-43083,9270,849,-222,-2,1],511719]
[[-237,-632,-395,-79,0,1],511762]
[[2938,1247,-337,-125,0,1],511771]
[[-15212,6868,298,-170,-1,1],511784]
[[-891,2970,-165,-165,0,1],511830]
[[-3943,919,584,-152,-1,1],511836]
[[18,1035,-315,-115,0,1],511875]
[[-1680,2656,-739,-217,-2,1],511881]
[[3144,2124,-186,-143,-2,1],511884]
[[-14459,6838,457,-179,-2,1],511911]
[[-1900,1600,85,-113,-1,1],511955]
[[20183,7126,-306,-175,0,1],511981]
[[114,656,-92,-107,0,1],512018]
[[1796,766,-367,-163,-1,1],512018]
[[11745,9396,261,-210,-2,1],512053]
[[532,1454,88,-89,-2,1],512140]
[[-9428,2749,295,-109,-2,1],512159]
[[2946,613,-440,-126,-2,1],512199]
[[-29736,6804,624,-176,-2,1],512316]
[[-11865,3549,276,-119,-1,1],512379]
[[-1085,1848,-245,-157,-2,1],512414]
[[-60,164,72,-40,-1,1],512440]
[[17782,6175,-190,-170,0,1],512440]
[[-175,-970,-1016,-237,-2,1],512447]
[[3947,2214,-377,-151,-2,1],512455]
[[2251,1793,-146,-122,-1,1],512478]
[[-7492,3635,68,-143,-2,1],512505]
[[311,1378,206,-143,-1,1],512505]
[[-2256,1856,357,-157,-1,1],512530]
[[7123,7170,52,-187,-2,1],512567]
[[761,3054,-219,-153,-2,1],512714]
[[75,-92,-231,-84,-2,1],512723]
[[19296,6197,-182,-153,-1,1],512753]
[[-5018,4054,62,-151,-1,1],512766]
[[9416,5876,-22,-185,-2,1],512802]
[[203,970,61,-63,-2,1],512810]
[[2929,4534,131,-153,-1,1],512897]
[[-8,-180,-350,-99,-1,1],512994]
[[-8430,5775,-290,-210,0,1],513000]
[[14940,4425,-380,-150,0,1],513000]
[[-68,-605,658,-166,-2,1],513016]
[[-414,369,202,-83,-1,1],513053]
[[1024,-716,-789,-150,-1,1],513053]
[[-1944,978,92,-69,-2,1],513112]
[[1125,484,-407,-129,-2,1],513126]
[[-5553,3138,61,-159,-1,1],513133]
[[-484,1420,80,-80,-1,1],513144]
[[-1863,-3849,-2052,-275,-1,1],513249]
[[425,-1180,961,-192,-2,1],513265]
[[-15104,3600,512,-139,-2,1],513268]
[[-27,-572,515,-105,-1,1],513285]
[[-1165,2034,-445,-173,-2,1],513298]
[[4056,2340,-294,-149,-1,1],513306]
[[228,261,-124,-78,0,1],513315]
[[5600,2487,-28,-99,-2,1],513363]
[[950,1190,-86,-85,-1,1],513386]
[[-243,333,199,-76,-2,1],513437]
[[-1225,393,390,-105,-1,1],513449]
[[15,126,-49,-193,-2,1],513462]
[[18801,9649,-116,-214,-1,1],513570]
[[901,1114,97,-111,-2,1],513599]
[[-109,326,31,-55,-1,1],513603]
[[-440,315,730,-156,-2,1],513605]
[[275,325,24,-44,-1,1],513608]
[[4236,1450,-354,-121,0,1],513672]
[[-3807,3996,413,-195,-2,1],513706]
[[-1629,2133,-183,-123,0,1],513729]
[[6967,4087,-102,-176,-1,1],513730]
[[148,-1064,642,-107,-1,1],513758]
[[-162,756,-24,-63,0,1],513810]
[[-27,1161,45,-77,-1,1],513876]
[[-2975,2088,220,-109,-1,1],513877]
[[498,481,14,-43,-2,1],513903]
[[1008,744,-244,-96,0,1],513954]
[[1279,-767,-918,-170,-1,1],513968]
[[4347,6210,45,-164,-2,1],513981]
[[11965,4787,-301,-175,0,1],513983]
[[10874,2777,-586,-158,0,1],513988]
[[-502,2540,116,-101,-2,1],514014]
[[-5411,7730,0,-195,0,1],514045]
[[-296,-22,167,-48,-1,1],514051]
[[528,-64,-580,-185,0,1],514066]
[[130,663,39,-132,-1,1],514111]
[[2549,1203,-111,-85,-2,1],514171]
[[-15300,6669,825,-231,-2,1],514191]
[[-160,815,-565,-161,-2,1],514215]
[[472,772,130,-73,-2,1],514238]
[[-984,2225,109,-105,-2,1],514271]
[[-5204,5876,64,-164,-1,1],514296]
[[-2998,3001,757,-181,-2,1],514341]
[[5742,3717,-132,-158,-2,1],514413]
[[-425,1121,109,-71,-2,1],514489]
[[5352,2536,-382,-159,0,1],514519]
[[-183,3545,71,-121,-1,1],514529]
[[18,-210,309,-81,-1,1],514584]
[[549,175,-155,-58,0,1],514601]
[[-600,1859,-1070,-252,-2,1],514603]
[[-2136,-2793,-1158,-167,-1,1],514683]
[[-157,67,443,-134,-1,1],514683]
[[-1068,156,492,-155,-2,1],514710]
[[30,438,30,-44,-1,1],514728]
[[15080,8052,6,-189,-2,1],514729]
[[-7072,3195,79,-126,-1,1],514771]
[[-33,15,99,-71,-2,1],514845]
[[-9189,4681,142,-178,-1,1],514866]
[[54,207,-24,-45,0,1],514872]
[[15905,3370,-666,-167,0,1],514885]
[[-12068,3461,356,-127,-2,1],514908]
[[-172,221,38,-50,-2,1],514908]
[[121,-484,520,-129,-2,1],514973]
[[-5616,8115,-98,-207,-1,1],515005]
[[-3213,3069,129,-130,-1,1],515021]
[[-1414,1302,238,-104,-1,1],515032]
[[2900,2716,296,-179,-1,1],515034]
[[-7232,5200,556,-188,-2,1],515070]
[[21436,7388,-175,-183,-1,1],515086]
[[36756,11160,-258,-212,-1,1],515124]
[[-217,1441,438,-158,-1,1],515128]
[[583,344,-198,-97,-1,1],515177]
[[7080,8644,-46,-207,-1,1],515178]
[[180,682,409,-115,-1,1],515202]
[[-156,2821,-273,-157,0,1],515255]
[[516,1116,244,-169,-1,1],515274]
[[24786,9234,-234,-231,-1,1],515282]
[[-605,878,-51,-74,0,1],515283]
[[576,-120,-381,-108,-2,1],515313]
[[-5039,4546,-521,-215,-1,1],515315]
[[-4345,-2235,1777,-235,-1,1],515320]
[[899,1028,121,-91,-1,1],515327]
[[1278,1035,-190,-115,0,1],515375]
[[11774,5075,-105,-165,0,1],515375]
[[11338,5633,145,-165,-2,1],515377]
[[-396,3553,-253,-153,0,1],515383]
[[-9078,4117,80,-154,-2,1],515384]
[[-4789,1604,485,-161,-2,1],515442]
[[5700,1170,-608,-150,0,1],515448]
[[-5674,1466,574,-139,-1,1],515466]
[[-17857,8101,434,-198,-1,1],515518]
[[-61,112,19,-79,-2,1],515610]
[[288,246,-213,-105,-2,1],515637]
[[-9643,3579,357,-156,-2,1],515665]
[[-424,-408,428,-88,-1,1],515696]
[[3803,3741,491,-184,-1,1],515701]
[[1876,752,-383,-161,-1,1],515718]
[[-100,491,-142,-86,-2,1],515736]
[[104,195,-76,-92,0,1],515736]
[[12635,4300,-295,-145,0,1],515750]
[[7938,3717,-234,-157,-2,1],515764]
[[30907,7894,-372,-173,0,1],515795]
[[1641,807,-347,-129,0,1],515835]
[[2316,1804,31,-151,-1,1],515940]
[[19,96,17,-22,-2,1],515993]
[[2,27,29,-33,-2,1],516021]
[[-2754,1835,107,-152,-1,1],516059]
[[-15,-102,177,-53,-1,1],516141]
[[-5324,5344,192,-191,-2,1],516142]
[[-3642,960,498,-125,-1,1],516186]
[[-564,1108,-16,-168,-1,1],516204]
[[692,-519,-692,-134,0,1],516232]
[[822,3107,-82,-161,-1,1],516245]
[[17715,5103,-277,-141,0,1],516249]
[[-10603,3153,293,-117,-1,1],516260]
[[7675,7950,-355,-232,0,1],516285]
[[25400,10244,-28,-218,-2,1],516312]
[[-45209,11008,617,-212,-2,1],516341]
[[990,969,-205,-261,0,1],516345]
[[-67,1832,-292,-177,-1,1],516371]
[[-96,1240,582,-144,-2,1],516406]
[[-41161,9532,703,-205,-2,1],516430]
[[22,345,-250,-103,-2,1],516529]
[[-14393,6115,615,-221,-2,1],516557]
[[-170,1265,-140,-101,-1,1],516645]
[[-1131,-2278,-1103,-171,-1,1],516663]
[[2961,1693,-280,-126,-1,1],516666]
[[164,2038,201,-125,-1,1],516670]
[[11078,8228,-220,-203,-1,1],516758]
[[-1316,2983,94,-163,-2,1],516760]
[[5104,4407,142,-177,-1,1],516783]
[[-211,-922,-719,-157,-1,1],516789]
[[-2655,2666,477,-221,-2,1],516838]
[[26,166,130,-55,-1,1],516846]
[[5549,3550,-161,-171,0,1],516853]
[[2492,1252,-55,-77,-1,1],516870]
[[-2245,935,203,-89,-2,1],516915]
[[-8647,3847,89,-143,-1,1],516996]
[[3483,-3969,1375,-159,-2,1],516997]
[[-944,-1912,-1140,-188,0,1],517078]
[[14266,6404,58,-167,-2,1],517078]
[[5985,4782,-157,-147,0,1],517086]
[[-49,-462,-725,-175,-2,1],517090]
[[22732,9636,212,-215,-2,1],517090]
[[-2056,11564,102,-262,-2,1],517106]
[[-17472,5824,392,-163,-1,1],517153]
[[224,-368,-466,-119,-2,1],517180]
[[296,313,-2,-53,-1,1],517213]
[[7241,5035,-16,-143,-1,1],517257]
[[2405,3673,493,-202,-1,1],517263]
[[-17776,5088,408,-156,-1,1],517288]
[[7604,3160,-502,-169,-1,1],517306]
[[-4129,1228,811,-178,-2,1],517311]
[[150,825,60,-86,-2,1],517320]
[[45927,10980,-515,-210,0,1],517375]
[[-18143,4990,363,-143,-1,1],517409]
[[-35,418,88,-53,-2,1],517443]
[[900,1400,218,-117,-1,1],517498]
[[329,-2021,1081,-158,-1,1],517517]
[[-685,1206,518,-157,-2,1],517535]
[[-39942,3873,1868,-264,-2,1],517552]
[[-4153,3992,141,-129,-1,1],517553]
[[-4546,1990,146,-89,-1,1],517554]
[[34512,10960,-364,-234,-1,1],517565]
[[-25621,6830,403,-163,-1,1],517631]
[[-110,370,-175,-81,-1,1],517640]
[[-280,346,-15,-59,0,1],517667]
[[1896,741,-148,-69,0,1],517716]
[[1168,-2972,1519,-194,-2,1],517779]
[[643,-71,-616,-145,-1,1],517789]
[[1148,284,-258,-83,0,1],517790]
[[4028,1516,-220,-97,0,1],517822]
[[504,660,-106,-72,0,1],517878]
[[41787,10669,-579,-237,-2,1],517895]
[[-10271,3153,333,-124,-1,1],517937]
[[17123,8140,-61,-203,-1,1],517959]
[[-211,789,84,-73,-1,1],517961]
[[-436,569,-51,-73,-2,1],518063]
[[3,14,-52,-55,0,1],518099]
[[324,537,-73,-69,0,1],518121]
[[236,274,-295,-189,-1,1],518158]
[[-90,-246,390,-99,-1,1],518166]
[[-1355,1765,-365,-142,0,1],518185]
[[-16812,4628,368,-140,-1,1],518264]
[[-29808,9612,540,-213,-1,1],518283]
[[-168,-543,-506,-111,0,1],518292]
[[17,-237,227,-55,-2,1],518351]
[[4224,2112,-110,-99,0,1],518364]
[[-47,-226,-301,-98,0,1],518377]
[[-90,300,-120,-149,-1,1],518430]
[[-16905,5831,399,-164,-2,1],518441]
[[-54,476,-182,-95,-2,1],518458]
[[9546,4920,90,-175,-1,1],518526]
[[-28,67,21,-21,-2,1],518563]
[[-58,365,11,-47,-2,1],518571]
[[-1698,1489,832,-171,-2,1],518580]
[[-6050,2200,168,-95,-1,1],518582]
[[1,-83,238,-113,-1,1],518629]
[[-50,-251,-250,-66,0,1],518740]
[[-8876,3576,244,-129,-1,1],518754]
[[924,1027,-138,-91,-1,1],518789]
[[-665,1045,57,-68,-1,1],518795]
[[125,-240,-391,-113,0,1],518814]
[[-3985,4692,-295,-198,-2,1],518853]
[[1078,-2380,1124,-159,-1,1],518854]
[[-784,-1232,1286,-206,-1,1],518856]
[[-22330,5214,530,-159,-1,1],518914]
[[54,432,-180,-149,-1,1],518922]
[[-1856,203,414,-90,-2,1],518984]
[[15,8,-49,-43,-1,1],519041]
[[-25,-39,244,-144,-1,1],519080]
[[1386,9,-438,-102,0,1],519084]
[[-30018,7472,566,-185,-1,1],519110]
[[-9094,5012,-152,-179,0,1],519110]
[[-16,98,-80,-69,-2,1],519112]
[[-97,2449,100,-179,-1,1],519127]
[[129,951,-24,-80,-1,1],519156]
[[300,-305,-787,-187,-2,1],519187]
[[3645,5238,135,-195,-1,1],519241]
[[454,-1253,715,-113,-2,1],519255]
[[-14522,2425,749,-149,-2,1],519289]
[[-400,-1008,-739,-141,-1,1],519293]
[[12216,4012,-354,-152,0,1],519334]
[[-1569,1185,252,-128,-1,1],519336]
[[28,753,181,-79,-2,1],519343]
[[5800,2410,-119,-109,-2,1],519347]
[[29,-29,-145,-73,0,1],519361]
[[10496,4608,-148,-136,0,1],519374]
[[96,184,-120,-66,-1,1],519391]
[[-8383,8010,505,-241,-2,1],519398]
[[-504,324,126,-54,-2,1],519414]
[[-624,-1680,-876,-143,-1,1],519426]
[[387,2430,139,-107,-2,1],519434]
[[-308,660,154,-117,-2,1],519442]
[[5036,2219,-98,-111,-2,1],519544]
[[96,0,-252,-89,-1,1],519570]
[[-9977,5481,270,-174,-1,1],519640]
[[6246,2709,-188,-126,-2,1],519652]
[[-8196,3532,226,-145,-1,1],519686]
[[76,-179,-228,-62,0,1],519688]
[[953,-1504,728,-113,-1,1],519709]
[[3119,1478,-43,-75,-1,1],519719]
[[2002,628,-694,-197,0,1],519766]
[[1459,834,-129,-85,-2,1],519958]
[[-4369,3979,245,-141,-1,1],519961]
[[1152,856,-80,-94,-1,1],519961]
[[-841,184,535,-211,-1,1],519965]
[[-24912,7474,380,-190,-2,1],520008]
[[4116,-5129,2030,-253,-2,1],520008]
[[-161,373,112,-56,-1,1],520024]
[[-18380,4340,540,-147,-2,1],520030]
[[-1152,704,80,-59,-1,1],520142]
[[10338,3846,-102,-125,-2,1],520146]
[[9464,4044,2,-129,-2,1],520158]
[[-797,338,138,-55,-1,1],520229]
[[6848,3367,-496,-191,-1,1],520245]
[[16653,3253,-809,-190,-1,1],520257]
[[1299,3244,-555,-189,-1,1],520283]
[[-652,815,0,-188,0,1],520296]
[[-2883,1922,1,-111,-2,1],520321]
[[612,-1296,829,-153,-1,1],520343]
[[-2527,764,518,-131,-2,1],520389]
[[49,-1735,-1009,-157,0,1],520499]
[[16095,5162,-232,-145,0,1],520579]
[[-1333,1576,-40,-199,-1,1],520591]
[[-6948,-543,1289,-187,-2,1],520603]
[[-325,2514,229,-124,-2,1],520679]
[[-248,424,-34,-142,-2,1],520730]
[[-232,-641,-524,-132,0,1],520744]
[[12797,5560,-185,-165,0,1],520750]
[[-1024,1120,133,-79,-1,1],520770]
[[-72,945,-24,-87,0,1],520803]
[[-4201,664,580,-131,-1,1],520805]
[[1096,371,-292,-112,0,1],520840]
[[-66247,14412,796,-241,-2,1],520843]
[[-10337,192,1296,-199,-2,1],520889]
[[96,-28,-349,-124,-1,1],520891]
[[1862,2071,-342,-138,0,1],520904]
[[1854,1377,-93,-131,-2,1],521001]
[[3235,-996,-1478,-243,-2,1],521057]
[[12132,2160,-1116,-227,-1,1],521082]
[[12724,5425,-60,-170,0,1],521125]
[[60,174,60,-89,-2,1],521172]
[[-134,199,28,-32,-2,1],521208]
[[8620,4670,-135,-159,-1,1],521210]
[[10210,8358,442,-243,-1,1],521214]
[[7623,1500,-1331,-243,0,1],521226]
[[546,-475,-665,-145,0,1],521255]
[[565,195,-287,-129,-2,1],521255]
[[-78,752,112,-181,-2,1],521302]
[[-921,2521,-28,-168,-1,1],521304]
[[810,1053,144,-82,-2,1],521352]
[[3024,1692,-9,-82,-2,1],521419]
[[496,585,-16,-98,0,1],521456]
[[-23964,7768,763,-210,-2,1],521463]
[[-4537,2840,-51,-132,0,1],521473]
[[8945,4002,-529,-188,0,1],521489]
[[625,879,-182,-111,-1,1],521491]
[[5167,1365,-445,-125,0,1],521495]
[[-9583,9583,476,-233,-1,1],521563]
[[-501,1286,451,-152,-2,1],521573]
[[-6439,4275,-174,-189,-1,1],521587]
[[-1644,-16,419,-90,-1,1],521759]
[[2370,4348,-140,-175,-1,1],521778]
[[160,-386,283,-62,-1,1],521785]
[[41,22,-53,-37,-1,1],521799]
[[48,-10,-524,-138,-2,1],521816]
[[1522,521,-188,-80,-2,1],521840]
[[336,-1124,-822,-147,0,1],521845]
[[-5003,2058,274,-121,-2,1],521857]
[[17792,6552,-244,-180,-1,1],521885]
[[6709,2381,-455,-161,-1,1],521892]
[[11203,6315,-86,-160,-1,1],521906]
[[-2060,446,301,-83,-1,1],521910]
[[-48264,10398,651,-206,-1,1],521919]
[[-72,-836,-738,-163,0,1],521970]
[[600,2025,-200,-150,0,1],522000]
[[7104,1860,-800,-180,0,1],522000]
[[-1521,1312,215,-88,-2,1],522035]
[[1058,1013,56,-74,-2,1],522072]
[[-14580,4882,249,-151,-1,1],522098]
[[-2873,2626,143,-155,-2,1],522106]
[[1157,3717,-8,-130,-1,1],522106]
[[-722,6213,-49,-205,0,1],522117]
[[-773,-255,756,-159,-1,1],522145]
[[-579,274,69,-34,-2,1],522149]
[[-2202,-1375,1141,-173,-2,1],522155]
[[729,-1431,788,-125,-1,1],522157]
[[-36,189,-63,-53,-2,1],522189]
[[-1470,4686,342,-200,-1,1],522216]
[[9518,3324,-551,-191,-1,1],522220]
[[128,316,111,-53,-2,1],522265]
[[-3,-2,50,-43,-2,1],522309]
[[17561,12994,-74,-235,0,1],522353]
[[1248,1635,318,-158,-2,1],522360]
[[376,2060,-134,-119,-1,1],522402]
[[-1543,844,573,-129,-2,1],522410]
[[-460,351,134,-104,-2,1],522461]
[[-3084,2280,219,-104,-2,1],522477]
[[-6654,2214,282,-113,-2,1],522522]
[[-2773,730,243,-71,-2,1],522574]
[[13708,3650,-366,-135,0,1],522584]
[[11701,7704,-3,-184,-2,1],522637]
[[-1104,1036,93,-93,-1,1],522682]
[[243,109,-104,-55,-1,1],522741]
[[-1866,974,158,-97,-1,1],522754]
[[-13615,3789,291,-121,-1,1],522787]
[[-5904,-6120,-2126,-257,0,1],522808]
[[-3536,616,691,-137,-2,1],522819]
[[-9588,3769,282,-126,-2,1],522860]
[[1078,614,-74,-62,-1,1],522864]
[[-14641,5081,206,-150,-1,1],522872]
[[-7072,3062,701,-173,-2,1],522891]
[[-19600,5331,518,-162,-2,1],522920]
[[6744,2851,-502,-190,-2,1],522984]
[[-13189,3927,310,-128,-1,1],523006]
[[5687,2252,-432,-183,0,1],523019]
[[1908,342,-372,-102,0,1],523080]
[[5671,2424,-398,-193,-1,1],523145]
[[30313,11020,-47,-218,-2,1],523215]
[[-2949,-768,888,-143,-1,1],523251]
[[-838,513,281,-111,-2,1],523257]
[[720,1239,330,-128,-2,1],523281]
[[-3439,480,858,-199,-1,1],523405]
[[5419,1814,-243,-105,0,1],523406]
[[4332,4192,23,-141,-1,1],523410]
[[5693,1924,-651,-191,-1,1],523435]
[[-10837,3221,593,-162,-1,1],523457]
[[-379,476,-32,-57,0,1],523595]
[[464,448,-12,-51,-2,1],523598]
[[5400,2652,-76,-131,-2,1],523627]
[[7440,3488,-60,-140,-1,1],523739]
[[-450,870,-6,-80,-1,1],523752]
[[-2600,-3632,-1602,-222,-1,1],523768]
[[3224,3636,-88,-152,-2,1],523784]
[[1095,124,-519,-127,0,1],523794]
[[-39346,9199,696,-200,-2,1],523832]
[[-7707,9585,351,-203,-2,1],523845]
[[18,138,230,-112,-1,1],523864]
[[968,4125,-35,-133,0,1],523899]
[[13824,11696,-43,-218,-1,1],523931]
[[23188,8714,-227,-191,-1,1],523962]
[[-2279,1580,91,-90,-2,1],524011]
[[112,2056,32,-100,-2,1],524040]
[[2340,-2879,1169,-162,-1,1],524073]
[[2232,5830,491,-210,-1,1],524217]
[[-404,172,140,-51,-1,1],524222]
[[5784,7940,422,-217,-1,1],524230]
[[-40,186,131,-49,-2,1],524231]
[[11349,3390,-755,-195,0,1],524250]
[[-38,178,-92,-59,-2,1],524286]
[0,0]
