#9
6x9
3 3 3 3 0 0 0 0 0 
1 1 0 0 0 0 0 0 0 
2 3 3 0 0 0 0 0 0 
8 2 3 2 3 3 3 3 3 
4 2 2 2 2 0 0 0 0 
1 72 0 0 0 0 0 0 0
6x12
3 3 3 3 0 0 0 0 0 0 0 0 
11 2 2 2 2 3 2 3 3 3 3 3 
2 3 3 0 0 0 0 0 0 0 0 0 
8 2 3 2 3 3 3 3 3 0 0 0 
4 2 2 2 2 0 0 0 0 0 0 0 
1 72 0 0 0 0 0 0 0 0 0 0
6x13
3 3 3 3 0 0 0 0 0 0 0 0 0 
12 1 2 2 2 2 3 2 3 3 3 3 3 
2 3 3 0 0 0 0 0 0 0 0 0 0 
8 2 3 2 3 3 3 3 3 0 0 0 0 
4 2 2 2 2 0 0 0 0 0 0 0 0 
1 72 0 0 0 0 0 0 0 0 0 0 0
6x12
1 1 0 0 0 0 0 0 0 0 0 0 
11 2 2 2 2 3 2 3 3 3 3 3 
2 3 3 0 0 0 0 0 0 0 0 0 
8 2 3 2 3 3 3 3 3 0 0 0 
4 2 2 2 2 0 0 0 0 0 0 0 
1 72 0 0 0 0 0 0 0 0 0 0
6x9
6 2 2 2 3 3 3 0 0 
1 1 0 0 0 0 0 0 0 
2 3 3 0 0 0 0 0 0 
8 2 3 2 3 3 3 3 3 
4 2 2 2 2 0 0 0 0 
1 72 0 0 0 0 0 0 0
6x12
4 1 3 3 3 0 0 0 0 0 0 0 
11 2 2 2 2 3 2 3 3 3 3 3 
2 3 3 0 0 0 0 0 0 0 0 0 
8 2 3 2 3 3 3 3 3 0 0 0 
4 2 2 2 2 0 0 0 0 0 0 0 
1 72 0 0 0 0 0 0 0 0 0 0
6x13
6 2 2 2 3 3 3 0 0 0 0 0 0 
12 1 2 2 2 2 3 2 3 3 3 3 3 
2 3 3 0 0 0 0 0 0 0 0 0 0 
8 2 3 2 3 3 3 3 3 0 0 0 0 
4 2 2 2 2 0 0 0 0 0 0 0 0 
1 72 0 0 0 0 0 0 0 0 0 0 0
6x12
3 3 3 3 0 0 0 0 0 0 0 0 
1 1 0 0 0 0 0 0 0 0 0 0 
11 2 2 2 2 3 2 3 3 3 3 3 
8 2 3 2 3 3 3 3 3 0 0 0 
4 2 2 2 2 0 0 0 0 0 0 0 
1 48 0 0 0 0 0 0 0 0 0 0
6x12
3 3 3 3 0 0 0 0 0 0 0 0 
1 1 0 0 0 0 0 0 0 0 0 0 
11 2 2 2 2 3 2 3 3 3 3 3 
2 3 3 0 0 0 0 0 0 0 0 0 
8 2 3 2 3 3 3 3 3 0 0 0 
3 48 0 0 0 0 0 0 0 0 0 0
