#6
5x12
10 1 2 1 2 1 2 2 1 2 2 0 
11 1 2 2 2 1 2 1 2 1 2 2 
10 1 2 1 2 1 2 2 2 1 2 0 
6 2 1 2 1 2 1 0 0 0 0 0 
10 24 0 0 0 0 0 0 0 0 0 0
5x12
8 2 1 2 1 2 2 2 2 0 0 0 
11 1 2 2 1 2 2 2 2 2 2 2 
6 1 2 2 1 2 2 0 0 0 0 0 
10 2 2 1 2 1 2 1 2 2 2 0 
6 40 0 0 0 0 0 0 0 0 0 0
6x12
11 1 2 2 1 2 1 2 1 2 2 2 
8 2 1 2 2 2 1 2 2 0 0 0 
7 1 2 2 2 2 1 2 0 0 0 0 
10 1 2 1 2 1 2 2 1 2 2 0 
6 1 2 1 2 2 1 0 0 0 0 0 
5 48 0 0 0 0 0 0 0 0 0 0
5x11
10 2 1 2 1 2 1 2 1 2 2 
10 1 2 1 2 1 2 1 2 2 2 
10 1 2 1 2 1 2 2 2 1 2 
6 1 2 1 2 2 1 0 0 0 0 
1 120 0 0 0 0 0 0 0 0 0
5x11
10 2 1 2 1 2 1 2 1 2 2 
10 1 2 1 2 1 2 1 2 2 2 
10 1 2 1 2 1 2 2 2 1 2 
9 2 1 2 1 2 2 1 2 2 0 
1 120 0 0 0 0 0 0 0 0 0
5x12
10 2 1 2 1 2 1 2 1 2 2 0 
10 1 2 1 2 1 2 1 2 2 2 0 
10 1 2 1 2 1 2 2 2 1 2 0 
11 1 2 2 1 2 1 2 1 2 2 2 
1 120 0 0 0 0 0 0 0 0 0 0
