#3
6x11
6 1 1 1 1 1 1 0 0 0 0 
7 1 1 1 2 2 1 2 0 0 0 
10 1 1 1 1 1 1 2 1 2 1 
8 1 1 2 1 2 2 1 2 0 0 
4 1 1 1 1 0 0 0 0 0 0 
1 48 0 0 0 0 0 0 0 0 0
6x13
12 1 1 1 1 1 1 1 2 2 1 2 1 
6 1 1 1 1 1 1 0 0 0 0 0 0 
10 1 1 1 1 1 1 2 1 2 1 0 0 
8 1 1 2 1 2 2 1 2 0 0 0 0 
4 1 1 1 1 0 0 0 0 0 0 0 0 
3 32 0 0 0 0 0 0 0 0 0 0 0
5x13
12 1 1 1 1 1 1 1 2 2 1 2 1 
6 1 1 1 1 1 1 0 0 0 0 0 0 
7 1 1 1 2 2 1 2 0 0 0 0 0 
4 1 1 1 1 0 0 0 0 0 0 0 0 
4 24 0 0 0 0 0 0 0 0 0 0 0
#3 1 1 0
0 1 group.166 1 1 0
1 3 group.160 1 1 0
2 4 min.46 1 1 0
#3 1 1 1
0 1 group.166 1 1 1
1 3 group.160 1 1 1
2 4 min.46 1 1 0
