#10
7x13
3 3 3 3 0 0 0 0 0 0 0 0 0 
1 2 0 0 0 0 0 0 0 0 0 0 0 
12 1 3 3 1 3 3 1 3 3 1 3 3 
8 1 3 3 1 3 3 3 3 0 0 0 0 
10 1 3 1 3 3 1 3 3 1 3 0 0 
10 1 3 1 3 1 3 3 1 3 3 0 0 
1 144 0 0 0 0 0 0 0 0 0 0 0
7x13
3 3 3 3 0 0 0 0 0 0 0 0 0 
7 3 3 1 3 3 3 3 0 0 0 0 0 
12 1 3 3 1 3 3 1 3 3 1 3 3 
8 1 3 3 1 3 3 3 3 0 0 0 0 
10 1 3 1 3 3 1 3 3 1 3 0 0 
10 1 3 1 3 1 3 3 1 3 3 0 0 
1 144 0 0 0 0 0 0 0 0 0 0 0
7x13
3 3 3 3 0 0 0 0 0 0 0 0 0 
8 2 3 3 1 3 3 3 3 0 0 0 0 
12 1 3 3 1 3 3 1 3 3 1 3 3 
8 1 3 3 1 3 3 3 3 0 0 0 0 
10 1 3 1 3 3 1 3 3 1 3 0 0 
10 1 3 1 3 1 3 3 1 3 3 0 0 
1 144 0 0 0 0 0 0 0 0 0 0 0
7x13
1 2 0 0 0 0 0 0 0 0 0 0 0 
7 3 3 1 3 3 3 3 0 0 0 0 0 
12 1 3 3 1 3 3 1 3 3 1 3 3 
8 1 3 3 1 3 3 3 3 0 0 0 0 
10 1 3 1 3 3 1 3 3 1 3 0 0 
10 1 3 1 3 1 3 3 1 3 3 0 0 
1 144 0 0 0 0 0 0 0 0 0 0 0
7x13
4 3 3 1 3 0 0 0 0 0 0 0 0 
1 2 0 0 0 0 0 0 0 0 0 0 0 
12 1 3 3 1 3 3 1 3 3 1 3 3 
8 1 3 3 1 3 3 3 3 0 0 0 0 
10 1 3 1 3 3 1 3 3 1 3 0 0 
10 1 3 1 3 1 3 3 1 3 3 0 0 
1 144 0 0 0 0 0 0 0 0 0 0 0
7x13
4 2 3 3 3 0 0 0 0 0 0 0 0 
7 3 3 1 3 3 3 3 0 0 0 0 0 
12 1 3 3 1 3 3 1 3 3 1 3 3 
8 1 3 3 1 3 3 3 3 0 0 0 0 
10 1 3 1 3 3 1 3 3 1 3 0 0 
10 1 3 1 3 1 3 3 1 3 3 0 0 
1 144 0 0 0 0 0 0 0 0 0 0 0
7x13
4 3 3 1 3 0 0 0 0 0 0 0 0 
8 2 3 3 1 3 3 3 3 0 0 0 0 
12 1 3 3 1 3 3 1 3 3 1 3 3 
8 1 3 3 1 3 3 3 3 0 0 0 0 
10 1 3 1 3 3 1 3 3 1 3 0 0 
10 1 3 1 3 1 3 3 1 3 3 0 0 
1 144 0 0 0 0 0 0 0 0 0 0 0
7x11
3 3 3 3 0 0 0 0 0 0 0 
1 2 0 0 0 0 0 0 0 0 0 
7 3 3 1 3 3 3 3 0 0 0 
8 1 3 3 1 3 3 3 3 0 0 
10 1 3 1 3 3 1 3 3 1 3 
10 1 3 1 3 1 3 3 1 3 3 
1 96 0 0 0 0 0 0 0 0 0
7x13
3 3 3 3 0 0 0 0 0 0 0 0 0 
1 2 0 0 0 0 0 0 0 0 0 0 0 
7 3 3 1 3 3 3 3 0 0 0 0 0 
12 1 3 3 1 3 3 1 3 3 1 3 3 
10 1 3 1 3 3 1 3 3 1 3 0 0 
10 1 3 1 3 1 3 3 1 3 3 0 0 
3 96 0 0 0 0 0 0 0 0 0 0 0
6x13
3 3 3 3 0 0 0 0 0 0 0 0 0 
1 2 0 0 0 0 0 0 0 0 0 0 0 
7 3 3 1 3 3 3 3 0 0 0 0 0 
12 1 3 3 1 3 3 1 3 3 1 3 3 
8 1 3 3 1 3 3 3 3 0 0 0 0 
4 72 0 0 0 0 0 0 0 0 0 0 0
