#8
5x13
3 1 2 3 0 0 0 0 0 0 0 0 0 
7 1 2 1 2 1 2 1 0 0 0 0 0 
12 1 2 1 2 1 2 1 2 1 2 1 2 
8 2 1 2 1 2 1 2 1 0 0 0 0 
1 24 0 0 0 0 0 0 0 0 0 0 0
5x13
3 1 2 3 0 0 0 0 0 0 0 0 0 
1 1 0 0 0 0 0 0 0 0 0 0 0 
12 1 2 1 2 1 2 1 2 1 2 1 2 
8 2 1 2 1 2 1 2 1 0 0 0 0 
1 24 0 0 0 0 0 0 0 0 0 0 0
5x13
3 1 2 3 0 0 0 0 0 0 0 0 0 
6 1 2 1 2 1 2 0 0 0 0 0 0 
12 1 2 1 2 1 2 1 2 1 2 1 2 
8 2 1 2 1 2 1 2 1 0 0 0 0 
1 24 0 0 0 0 0 0 0 0 0 0 0
5x13
7 1 2 1 2 1 2 1 0 0 0 0 0 
1 1 0 0 0 0 0 0 0 0 0 0 0 
12 1 2 1 2 1 2 1 2 1 2 1 2 
8 2 1 2 1 2 1 2 1 0 0 0 0 
1 24 0 0 0 0 0 0 0 0 0 0 0
5x13
2 2 3 0 0 0 0 0 0 0 0 0 0 
7 1 2 1 2 1 2 1 0 0 0 0 0 
12 1 2 1 2 1 2 1 2 1 2 1 2 
8 2 1 2 1 2 1 2 1 0 0 0 0 
1 24 0 0 0 0 0 0 0 0 0 0 0
5x13
8 2 1 2 1 2 1 2 3 0 0 0 0 
1 1 0 0 0 0 0 0 0 0 0 0 0 
12 1 2 1 2 1 2 1 2 1 2 1 2 
8 2 1 2 1 2 1 2 1 0 0 0 0 
1 24 0 0 0 0 0 0 0 0 0 0 0
5x13
2 2 3 0 0 0 0 0 0 0 0 0 0 
6 1 2 1 2 1 2 0 0 0 0 0 0 
12 1 2 1 2 1 2 1 2 1 2 1 2 
8 2 1 2 1 2 1 2 1 0 0 0 0 
1 24 0 0 0 0 0 0 0 0 0 0 0
5x13
3 1 2 3 0 0 0 0 0 0 0 0 0 
7 1 2 1 2 1 2 1 0 0 0 0 0 
1 1 0 0 0 0 0 0 0 0 0 0 0 
12 1 2 1 2 1 2 1 2 1 2 1 2 
3 16 0 0 0 0 0 0 0 0 0 0 0
#8 1 1 0
0 1 group.96 1 1 0
1 1 group.89 1 1 0
2 1 group.98 2 1 0
3 1 group.98 1 1 0
4 1 group.89 1 2 0
5 1 group.96 2 1 0
6 1 group.91 1 1 0
7 3 group.44 1 3 0
#8 1 1 1
0 1 group.96 1 1 1
1 1 group.89 1 1 3
2 1 group.98 2 1 1
3 1 group.98 1 1 1
4 1 group.89 1 2 0
5 1 group.96 2 1 1
6 1 group.91 1 1 0
7 3 group.44 1 3 3
#8 1 1 2
0 1 group.96 1 1 1
1 1 group.89 1 1 12
2 1 group.98 2 1 1
3 1 group.98 1 1 0
4 1 group.89 1 2 1
5 1 group.96 2 1 0
6 1 group.91 1 1 1
7 3 group.44 1 3 1
#8 1 1 3
0 1 group.96 1 1 0
1 1 group.89 1 1 15
2 1 group.98 2 1 0
3 1 group.98 1 1 1
4 1 group.89 1 2 1
5 1 group.96 2 1 1
6 1 group.91 1 1 1
7 3 group.44 1 3 1
