#8
5x8
7 1 3 1 3 3 3 3 
2 1 2 0 0 0 0 0 
4 1 3 1 3 0 0 0 
6 1 3 1 3 3 3 0 
1 24 0 0 0 0 0 0
5x8
7 1 3 1 3 3 3 3 
1 1 0 0 0 0 0 0 
4 1 3 1 3 0 0 0 
6 1 3 1 3 3 3 0 
1 24 0 0 0 0 0 0
5x8
7 1 3 1 3 3 3 3 
1 2 0 0 0 0 0 0 
4 1 3 1 3 0 0 0 
6 1 3 1 3 3 3 0 
1 24 0 0 0 0 0 0
5x7
2 1 2 0 0 0 0 
1 1 0 0 0 0 0 
4 1 3 1 3 0 0 
6 1 3 1 3 3 3 
1 24 0 0 0 0 0
5x7
6 3 1 3 3 3 3 
2 1 2 0 0 0 0 
4 1 3 1 3 0 0 
6 1 3 1 3 3 3 
1 24 0 0 0 0 0
5x8
7 2 3 1 3 3 3 3 
1 1 0 0 0 0 0 0 
4 1 3 1 3 0 0 0 
6 1 3 1 3 3 3 0 
1 24 0 0 0 0 0 0
5x7
6 3 1 3 3 3 3 
1 2 0 0 0 0 0 
4 1 3 1 3 0 0 
6 1 3 1 3 3 3 
1 24 0 0 0 0 0
5x8
7 1 3 1 3 3 3 3 
2 1 2 0 0 0 0 0 
1 1 0 0 0 0 0 0 
4 1 3 1 3 0 0 0 
3 16 0 0 0 0 0 0
