10x17	% 
 1  1  2  4 6  6  8  8 12 12 12 16 16 16 24 24 24
 1  2  4  4 2  4  3  6  2  4  4 12 12 12  2  8  8
 4 -4  0  0 0  0 -2  2  0 -2  2  0  0  0  0  0  0
 4  4 -4 -4 4 -4 -2 -2  4  0  0  2  2  2  4  0  0
 4 -4  0  0 0  0  4 -4  0 -2  2  0  0  0  0  0  0
 0  4  4  4 2  4  4  4  2  4  2  4  4  4  2  4  4
 4  0  4  4 2  4  4  4  2  2  4  4  4  4  2  4  4
 0  4  4  4 2  4  4  4  2  4  2  4  4  4  2  4  4
 4  0  4  4 2  4  4  4  2  2  4  4  4  4  2  4  4
 4 -4  0  0 0  0 -2  2  0 -2  2  0  0  0  0  0  0
