[[2,-2,2,0,-1,1],136]
[[-1,1,2,1,-1,1],207]
[[2,3,-2,-2,0,1],232]
[[2,-1,3,-1,-2,1],265]
[[-8,10,-8,6,-2,1],344]
[[-1,5,-4,3,-1,1],355]
[[-4,-6,-4,-2,0,1],360]
[[-5,4,1,0,-2,1],365]
[[-1,5,-3,3,-1,1],380]
[[-2,1,-5,1,-2,1],387]
[[-1,2,-5,2,0,1],403]
[[2,-1,-2,2,0,1],440]
[[1,-4,9,-3,-2,1],442]
[[1,6,-1,5,-1,1],445]
[[-5,4,-5,4,-2,1],459]
[[-3,-5,-7,-3,0,1],473]
[[-3,-2,-1,0,0,1],493]
[[-3,4,-3,5,-1,1],493]
[[3,6,-4,-3,0,1],495]
[[-3,5,-2,-3,-1,1],495]
[[7,9,-1,-5,0,1],511]
[[5,1,2,1,-1,1],513]
[[4,7,-2,5,-2,1],520]
[[5,-9,7,-1,-1,1],536]
[[-4,6,-4,2,0,1],536]
[[-4,4,2,-5,-2,1],574]
[[4,-2,-4,2,0,1],584]
[[-9,0,3,1,-1,1],585]
[[-9,9,-3,-3,0,1],603]
[[-6,5,-2,-2,0,1],604]
[[7,1,-8,4,-1,1],616]
[[12,-9,0,1,-1,1],639]
[[-1,2,-6,3,0,1],653]
[[-14,17,-12,8,-2,1],656]
[[8,-6,-3,2,-1,1],667]
[[-9,5,5,-5,-1,1],668]
[[-1,9,-5,-1,-1,1],680]
[[-6,-10,2,5,-1,1],682]
[[-8,28,-16,8,-2,1],696]
[[-7,-4,-5,1,0,1],706]
[[-2,7,-10,6,0,1],728]
[[3,0,-3,1,0,1],738]
[[-13,-10,5,1,-2,1],738]
[[-3,1,-1,-3,0,1],755]
[[-15,2,4,-1,-2,1],767]
[[-3,6,-3,4,-2,1],783]
[[-1,13,6,-5,-1,1],785]
[[-12,12,-8,3,0,1],786]
[[-9,9,0,-4,-1,1],792]
[[11,-11,11,-5,-1,1],792]
[[4,17,6,-6,-2,1],796]
[[12,-22,17,-5,-1,1],802]
[[-4,-4,5,7,-1,1],818]
[[13,7,1,1,-2,1],819]
[[-14,5,-8,6,-2,1],824]
[[-22,13,-10,7,-1,1],837]
[[1,4,1,7,-2,1],846]
[[-9,9,9,-4,-1,1],855]
[[8,16,-4,8,-1,1],856]
[[8,18,8,-6,-2,1],888]
[[20,-24,16,-3,-1,1],890]
[[3,-7,8,0,-1,1],904]
[[5,10,-5,3,0,1],910]
[[-4,6,-4,-2,0,1],936]
[[-18,18,6,-8,-1,1],936]
[[-11,10,8,-5,-2,1],943]
[[9,-18,18,-5,-2,1],945]
[[-3,3,-5,3,0,1],963]
[[2,0,10,5,-2,1],974]
[[4,1,-4,0,0,1],976]
[[15,-6,-9,5,-2,1],990]
[[17,2,-9,3,-1,1],995]
[[-16,20,0,0,0,1],1000]
[[1,5,-3,2,-1,1],1003]
[[2,6,-8,5,-2,1],1010]
[[-7,-13,-1,4,-1,1],1015]
[[-4,4,-4,-1,-1,1],1030]
[[-12,9,-15,1,-2,1],1035]
[[-12,5,-10,6,-2,1],1044]
[[16,32,15,-4,-1,1],1061]
[[-20,12,-8,8,-1,1],1064]
[[-14,22,-14,4,-1,1],1064]
[[2,12,6,-3,-2,1],1066]
[[-7,10,3,-3,-2,1],1070]
[[7,-4,5,2,-2,1],1071]
[[-12,6,-4,6,0,1],1080]
[[-5,-10,0,9,-2,1],1085]
[[3,0,3,1,-2,1],1098]
[[17,17,0,-7,-1,1],1105]
[[-18,9,9,-5,-2,1],1107]
[[-19,30,-9,9,-2,1],1154]
[[9,-12,9,1,-2,1],1158]
[[-16,22,-12,10,-2,1],1160]
[[-9,6,-4,3,0,1],1161]
[[3,6,3,1,-1,1],1161]
[[-3,-6,-9,-7,-2,1],1170]
[[2,-2,8,-5,-1,1],1206]
[[-11,7,10,1,-1,1],1219]
[[-33,9,-6,-2,-1,1],1224]
[[-5,5,0,-4,-1,1],1240]
[[6,13,-5,5,-2,1],1255]
[[-1,9,-4,0,-1,1],1256]
[[7,16,-3,-5,0,1],1258]
[[6,13,-3,5,0,1],1261]
[[-8,24,-12,0,-1,1],1264]
[[-2,-1,-6,-2,0,1],1272]
[[1,2,-7,8,-2,1],1287]
[[-15,0,-15,7,-1,1],1305]
[[-9,0,-9,-1,-2,1],1314]
[[6,10,-2,-4,-1,1],1320]
[[38,-24,10,5,-2,1],1334]
[[-32,34,4,-6,-2,1],1336]
[[28,4,4,7,-1,1],1354]
[[-5,0,-5,-1,-2,1],1370]
[[3,26,-5,-8,0,1],1379]
[[-36,-1,-18,8,-2,1],1381]
[[-16,11,-14,6,-2,1],1384]
[[-6,-11,-8,-3,0,1],1384]
[[18,9,-3,-3,0,1],1395]
[[-5,6,-2,3,-2,1],1415]
[[-9,25,-2,2,-1,1],1416]
[[8,20,-6,-1,-2,1],1442]
[[-16,-12,-13,-1,-1,1],1442]
[[-16,-12,1,-1,-1,1],1442]
[[27,27,-5,-9,0,1],1449]
[[-8,9,6,-7,-2,1],1480]
[[-2,-1,6,5,-1,1],1501]
[[-3,2,-3,-1,-2,1],1502]
[[-36,-9,-6,3,0,1],1503]
[[-4,24,-5,-5,0,1],1507]
[[6,-4,2,-1,-1,1],1522]
[[-4,11,-6,2,-2,1],1528]
[[36,28,0,12,-1,1],1528]
[[-12,-4,-6,2,-1,1],1528]
[[-6,14,-6,8,-1,1],1544]
[[-19,-14,-17,-3,-2,1],1546]
[[-4,18,-4,7,0,1],1548]
[[13,7,8,-4,-1,1],1548]
[[-1,16,-6,-1,0,1],1553]
[[-3,11,-13,9,-2,1],1557]
[[-57,1,-10,2,-1,1],1576]
[[-15,12,2,-1,-2,1],1581]
[[-14,2,-2,-2,-1,1],1584]
[[-12,-24,-21,-8,-1,1],1593]
[[-3,-3,-7,-3,0,1],1593]
[[-5,-14,-17,-7,0,1],1598]
[[-8,13,2,-2,-2,1],1604]
[[-14,-6,-14,11,-1,1],1610]
[[-2,5,-2,-9,-2,1],1612]
[[-11,32,-11,6,-2,1],1615]
[[-45,0,-10,5,0,1],1625]
[[12,-14,12,-1,-2,1],1628]
[[-33,-7,-22,-2,-1,1],1640]
[[-8,10,4,-6,-2,1],1640]
[[2,2,6,0,-1,1],1640]
[[47,-23,10,-2,-1,1],1640]
[[1,9,1,-4,-1,1],1645]
[[-14,11,-2,7,-1,1],1647]
[[14,22,2,4,-1,1],1656]
[[32,32,-8,-4,-1,1],1656]
[[-15,21,9,-4,-1,1],1665]
[[4,0,6,3,-1,1],1670]
[[-8,-23,-16,2,0,1],1672]
[[1,4,13,1,-2,1],1674]
[[6,-3,0,1,-1,1],1683]
[[14,7,-4,7,-2,1],1687]
[[-5,13,-8,4,-1,1],1688]
[[38,35,-4,-11,0,1],1688]
[[48,4,-7,9,-1,1],1698]
[[14,9,-4,6,-2,1],1704]
[[-6,-6,0,-1,-1,1],1710]
[[-8,10,-4,-2,0,1],1712]
[[-7,8,-4,-5,-2,1],1719]
[[-3,-3,-6,-5,-1,1],1719]
[[-11,16,-3,-3,-1,1],1733]
[[8,1,-9,7,-2,1],1765]
[[-40,28,0,0,-2,1],1768]
[[26,-3,0,6,-2,1],1768]
[[-3,20,-9,-1,-1,1],1771]
[[2,30,-12,9,-2,1],1774]
[[-49,28,-25,7,-2,1],1778]
[[-11,16,-15,9,-1,1],1781]
[[-9,-20,-13,2,0,1],1781]
[[-9,9,-3,-2,-1,1],1791]
[[-12,12,-15,4,-2,1],1791]
[[2,12,20,3,-2,1],1794]
[[-36,14,5,-11,-1,1],1810]
[[12,30,9,-7,-1,1],1818]
[[-4,9,-10,3,-1,1],1829]
[[-48,-40,-28,-8,0,1],1838]
[[8,9,0,9,-2,1],1844]
[[-3,-3,3,4,-1,1],1845]
[[-9,-21,-19,3,0,1],1845]
[[-19,30,-11,-7,0,1],1854]
[[-14,-29,-26,-10,0,1],1864]
[[10,19,-8,11,0,1],1864]
[[-19,36,-5,-1,-2,1],1870]
[[2,17,-4,4,-2,1],1872]
[[-24,-12,-10,2,-2,1],1878]
[[-16,4,-16,8,0,1],1880]
[[-8,10,-11,1,-2,1],1881]
[[5,10,10,7,-1,1],1885]
[[57,18,0,7,-2,1],1899]
[[36,12,-3,3,-1,1],1908]
[[22,-13,-4,5,0,1],1912]
[[-3,6,-7,6,0,1],1917]
[[5,37,8,6,-1,1],1918]
[[-9,-6,-4,3,0,1],1935]
[[4,25,-5,9,-2,1],1937]
[[-66,3,4,5,-1,1],1941]
[[-8,6,-1,1,0,1],1955]
[[9,3,10,-7,-1,1],1959]
[[27,0,-7,-3,0,1],1962]
[[-5,8,-7,-1,0,1],1978]
[[-3,-6,-11,-6,0,1],1989]
[[7,16,10,-5,-2,1],1989]
[[13,10,-13,1,0,1],2002]
[[-36,-9,-15,3,0,1],2007]
[[2,7,-2,-2,0,1],2008]
[[-68,74,-24,3,-2,1],2020]
[[13,-9,17,-7,-1,1],2024]
[[8,1,-10,9,-1,1],2029]
[[12,32,-4,3,-1,1],2030]
[[-3,12,-17,12,0,1],2031]
[[5,20,-5,8,0,1],2035]
[[-20,11,-2,1,-1,1],2043]
[[-18,27,-18,7,-1,1],2043]
[[21,36,-27,4,-2,1],2043]
[[42,1,-14,2,0,1],2044]
[[15,22,-1,-10,0,1],2053]
[[10,-16,14,-3,-1,1],2054]
[[8,10,4,6,-2,1],2056]
[[-35,-10,0,-3,0,1],2065]
[[-9,-6,7,3,-2,1],2074]
[[-48,48,-12,10,-1,1],2079]
[[3,24,21,1,-1,1],2079]
[[-1,4,11,5,-1,1],2083]
[[-48,-36,-24,-2,0,1],2088]
[[36,-45,6,10,-2,1],2088]
[[24,28,-6,12,-2,1],2090]
[[56,8,14,-5,-2,1],2097]
[[5,1,-3,3,-1,1],2108]
[[4,28,-4,-9,0,1],2114]
[[-8,19,-2,6,-2,1],2120]
[[-15,6,-5,6,0,1],2133]
[[-5,30,-5,7,-1,1],2135]
[[4,-8,22,-5,-2,1],2142]
[[28,28,17,-7,-1,1],2142]
[[-45,45,0,-8,-1,1],2160]
[[-24,24,12,-8,-1,1],2160]
[[-17,-7,-7,-1,-2,1],2169]
[[1,4,13,-5,-2,1],2178]
[[3,11,5,-3,-1,1],2204]
[[-2,-7,-8,0,-2,1],2224]
[[-57,41,16,-12,-1,1],2232]
[[-53,-23,17,5,-1,1],2232]
[[-36,36,0,-4,-1,1],2232]
[[16,-23,10,1,-2,1],2232]
[[-7,4,-1,1,-1,1],2241]
[[1,4,1,8,-2,1],2249]
[[-24,0,-10,0,0,1],2250]
[[9,18,11,0,-2,1],2257]
[[-8,10,-20,9,-2,1],2264]
[[16,4,-11,1,-1,1],2270]
[[-17,10,-5,1,-2,1],2286]
[[-13,-24,-11,1,0,1],2290]
[[10,33,11,-7,-2,1],2293]
[[20,4,-2,-3,0,1],2294]
[[-41,11,-2,7,-1,1],2295]
[[-17,-17,-17,-5,-2,1],2295]
[[-41,41,-18,2,-1,1],2296]
[[2,4,8,1,-1,1],2322]
[[-3,4,-9,5,-1,1],2323]
[[-8,-7,-6,-6,-2,1],2324]
[[13,9,10,3,-1,1],2327]
[[-38,-37,-30,-2,0,1],2328]
[[73,28,-13,-7,-1,1],2329]
[[3,11,10,-3,-1,1],2331]
[[9,-18,21,3,-2,1],2334]
[[25,-4,11,-3,-1,1],2353]
[[-11,-2,-9,1,-1,1],2359]
[[-4,-4,-16,0,-1,1],2360]
[[16,31,10,-6,-2,1],2360]
[[-19,-10,-11,1,0,1],2362]
[[45,-27,-9,8,-2,1],2367]
[[-36,54,-12,-6,0,1],2376]
[[-16,14,-16,1,-2,1],2376]
[[4,7,19,1,-2,1],2385]
[[16,4,-16,8,0,1],2392]
[[-51,54,-7,9,0,1],2394]
[[-1,3,-11,5,-1,1],2396]
[[-7,10,-12,7,-2,1],2405]
[[-12,38,-16,10,0,1],2408]
[[-32,4,-20,6,-2,1],2420]
[[3,9,-3,7,-2,1],2421]
[[-83,69,9,-10,-2,1],2431]
[[-41,18,-14,7,0,1],2431]
[[-1,26,-11,-2,0,1],2431]
[[32,16,-16,13,-2,1],2438]
[[8,46,-16,-2,-2,1],2440]
[[-82,88,1,-11,-1,1],2444]
[[-96,18,-12,10,0,1],2448]
[[-10,-14,2,12,-1,1],2456]
[[5,5,-5,2,0,1],2465]
[[22,60,-26,9,-2,1],2470]
[[2,9,-4,8,-2,1],2480]
[[-1,-8,-17,9,-2,1],2486]
[[-23,8,-11,3,-2,1],2489]
[[-37,29,13,-10,-1,1],2493]
[[11,-5,5,-2,-1,1],2493]
[[-1,5,3,11,-1,1],2504]
[[32,-18,4,2,-2,1],2504]
[[16,24,12,-3,-1,1],2510]
[[-14,-21,-14,-2,0,1],2520]
[[-12,21,-4,6,0,1],2520]
[[-63,9,-3,4,-1,1],2547]
[[-17,45,-31,5,-1,1],2552]
[[44,-22,1,-1,-1,1],2574]
[[-17,-7,8,0,-1,1],2576]
[[-16,26,-20,2,0,1],2576]
[[-12,-9,-7,5,-2,1],2577]
[[1,15,-5,8,-1,1],2581]
[[3,9,9,13,-2,1],2583]
[[2,-5,12,-5,-1,1],2587]
[[-33,52,-17,-1,-1,1],2595]
[[-9,9,-1,6,-1,1],2605]
[[-24,58,-15,-1,-2,1],2609]
[[-5,0,-5,7,0,1],2610]
[[66,-6,12,7,-1,1],2610]
[[-18,-9,9,3,-2,1],2613]
[[7,-18,13,-1,-1,1],2615]
[[-18,15,-11,3,0,1],2619]
[[-25,-15,-15,-1,-1,1],2620]
[[-31,37,-28,9,-1,1],2627]
[[-54,60,-2,-9,-1,1],2630]
[[-8,6,4,-6,-2,1],2632]
[[-51,-15,-5,3,0,1],2637]
[[34,-15,-1,-1,0,1],2637]
[[93,5,-19,-5,0,1],2641]
[[8,16,-20,4,-1,1],2648]
[[-28,21,1,-1,-2,1],2653]
[[2,7,-10,13,-1,1],2655]
[[40,39,-5,-11,0,1],2655]
[[-24,11,14,-6,-2,1],2664]
[[41,64,13,-9,-2,1],2666]
[[-33,50,4,-7,-2,1],2669]
[[-1,9,8,0,-1,1],2672]
[[-18,9,0,-3,-2,1],2676]
[[-8,-6,-4,-7,-2,1],2680]
[[-18,24,-6,-3,-1,1],2682]
[[-28,-2,11,-3,-1,1],2686]
[[-51,-26,-21,-2,0,1],2705]
[[-62,21,-8,2,-2,1],2707]
[[-37,-8,-17,5,-2,1],2718]
[[36,-27,21,-3,-2,1],2721]
[[-108,8,-19,11,-1,1],2722]
[[-8,-5,-4,8,0,1],2728]
[[-8,3,-2,2,-2,1],2728]
[[16,18,-10,3,-2,1],2732]
[[-2,3,-16,11,-2,1],2737]
[[-75,75,-5,-12,0,1],2745]
[[3,-11,25,-9,-2,1],2745]
[[24,6,-3,-2,-1,1],2745]
[[-36,29,-32,13,-2,1],2756]
[[-24,16,0,-1,-1,1],2759]
[[-60,10,0,2,0,1],2760]
[[64,24,4,8,-1,1],2761]
[[-10,4,1,1,-1,1],2764]
[[-23,-38,-32,-11,-1,1],2765]
[[-34,45,-22,1,0,1],2772]
[[-56,66,-16,-2,-2,1],2776]
[[-4,2,-8,-2,0,1],2776]
[[-1,21,12,-3,-1,1],2777]
[[-11,22,-22,5,-2,1],2805]
[[-11,14,-3,-3,0,1],2806]
[[-18,15,-26,-6,0,1],2808]
[[-12,15,6,-5,-2,1],2808]
[[16,4,12,-2,-2,1],2812]
[[-8,6,-1,7,0,1],2815]
[[-5,-2,-8,7,-2,1],2817]
[[17,32,-17,3,0,1],2822]
[[9,21,19,15,-2,1],2831]
[[11,9,-9,-1,-1,1],2840]
[[-36,-21,-24,-5,-1,1],2841]
[[4,-20,29,-2,-2,1],2845]
[[8,10,-7,13,-1,1],2853]
[[-9,-27,-36,-12,-1,1],2856]
[[20,40,-10,-4,-1,1],2860]
[[-8,-11,-12,-3,-1,1],2861]
[[-48,24,-4,-12,0,1],2862]
[[72,-36,-18,10,-2,1],2862]
[[49,14,1,6,-2,1],2863]
[[16,40,-24,4,-2,1],2864]
[[-48,45,-6,-11,-1,1],2871]
[[-9,17,-4,8,-1,1],2872]
[[-54,45,-18,11,-2,1],2876]
[[-17,45,-32,8,-1,1],2888]
[[-1,25,-8,-4,-1,1],2904]
[[-2,7,-6,9,-1,1],2905]
[[-57,-21,-24,1,-1,1],2907]
[[10,10,10,4,-1,1],2920]
[[-75,-37,17,8,-1,1],2921]
[[-21,10,-3,-7,-1,1],2945]
[[-24,-12,0,8,-2,1],2952]
[[24,45,-16,-6,0,1],2952]
[[7,9,-9,2,-2,1],2959]
[[-21,60,-8,15,0,1],2961]
[[-28,22,0,-2,0,1],2968]
[[-30,6,-10,-3,0,1],2970]
[[1,-2,11,-2,-2,1],2977]
[[-5,7,1,1,-2,1],2979]
[[87,-67,34,-3,-1,1],2979]
[[-101,100,-29,20,-2,1],2981]
[[-4,13,-8,5,-2,1],2988]
[[-32,56,0,12,0,1],2992]
[[21,22,-18,3,-2,1],2993]
[[12,29,23,-9,-2,1],2995]
[[-24,25,0,-10,0,1],3000]
[[50,-2,8,7,-1,1],3006]
[[-1,5,1,8,-1,1],3015]
[[40,20,5,-9,-1,1],3020]
[[126,-63,0,4,-2,1],3024]
[[6,-10,4,5,-2,1],3026]
[[7,14,-23,10,-2,1],3031]
[[80,-44,2,1,-1,1],3033]
[[16,24,-10,-4,-1,1],3044]
[[-41,-15,-2,-6,-1,1],3048]
[[-24,-12,-4,2,-2,1],3048]
[[-18,-3,-5,3,0,1],3051]
[[-13,19,-7,10,-1,1],3051]
[[-20,48,-28,17,-2,1],3058]
[[18,9,-18,2,0,1],3060]
[[36,0,18,-4,-1,1],3060]
[[56,52,8,-8,-2,1],3064]
[[79,29,7,10,-1,1],3069]
[[19,-25,17,-3,-1,1],3076]
[[-16,1,-8,-2,0,1],3080]
[[10,-6,-2,8,-1,1],3080]
[[-32,-24,-32,-4,0,1],3088]
[[-48,1,-8,-10,0,1],3089]
[[3,37,-16,12,-1,1],3096]
[[12,-9,6,-2,-2,1],3096]
[[-41,-8,17,-1,-2,1],3102]
[[27,18,11,-7,-2,1],3102]
[[117,14,8,13,-1,1],3103]
[[-42,-54,-30,1,0,1],3114]
[[21,-30,15,-2,-2,1],3123]
[[-16,-23,-16,2,0,1],3128]
[[4,4,6,10,-1,1],3128]
[[36,21,-4,-2,0,1],3128]
[[-124,31,-21,7,-2,1],3131]
[[-10,31,-20,5,-1,1],3133]
[[-36,9,-14,7,-1,1],3139]
[[-24,-1,11,-3,-2,1],3141]
[[-16,3,9,-3,-2,1],3145]
[[-7,32,-5,11,0,1],3149]
[[-2,-2,2,18,-1,1],3152]
[[9,-10,7,2,-2,1],3157]
[[-22,31,-4,-8,-2,1],3160]
[[-12,23,-2,-10,-2,1],3160]
[[-76,73,-16,-5,-1,1],3177]
[[-24,24,-2,6,0,1],3186]
[[52,-24,12,5,-2,1],3190]
[[-11,20,-9,-1,-1,1],3203]
[[-54,45,-18,15,-2,1],3204]
[[42,-18,10,-7,-1,1],3210]
[[-192,69,15,-5,-2,1],3213]
[[44,15,14,8,-2,1],3215]
[[64,-43,-6,6,-2,1],3220]
[[12,12,9,-5,-1,1],3222]
[[7,-12,6,9,-2,1],3227]
[[-113,6,-22,11,0,1],3237]
[[-40,18,11,-9,-2,1],3243]
[[54,-36,24,3,-2,1],3246]
[[-35,-33,-27,-6,-1,1],3247]
[[-12,36,-9,13,-2,1],3249]
[[57,0,-19,0,0,1],3249]
[[20,0,-10,5,0,1],3250]
[[-29,33,-4,-4,-1,1],3256]
[[31,9,10,14,-1,1],3256]
[[-54,52,-6,-3,-2,1],3266]
[[-32,4,13,-5,-2,1],3267]
[[21,-30,3,7,-1,1],3267]
[[-1,8,-9,9,-1,1],3269]
[[-112,40,-24,12,-2,1],3280]
[[-28,-20,-16,-11,-2,1],3290]
[[-4,-16,-16,1,-1,1],3290]
[[52,23,6,0,-2,1],3293]
[[26,20,-2,-9,0,1],3298]
[[32,-28,12,-1,-2,1],3304]
[[71,-11,12,7,-1,1],3305]
[[-80,48,-12,12,-1,1],3308]
[[-99,51,9,-5,-2,1],3309]
[[10,16,16,7,-1,1],3310]
[[-56,52,0,-8,-2,1],3320]
[[-20,34,-40,14,0,1],3320]
[[64,-18,4,6,-2,1],3320]
[[-22,34,-18,3,-2,1],3326]
[[-15,44,-15,14,-2,1],3329]
[[-72,36,-6,-2,-2,1],3330]
[[30,22,-2,-4,-1,1],3336]
[[-91,-20,8,7,-1,1],3339]
[[6,15,-3,-2,-1,1],3339]
[[21,37,11,-6,-1,1],3339]
[[70,-75,40,-7,-2,1],3340]
[[22,43,8,-8,-2,1],3352]
[[136,-25,23,6,-1,1],3355]
[[-27,21,-15,6,-2,1],3357]
[[-36,24,-24,9,-1,1],3366]
[[12,-6,-9,5,-1,1],3366]
[[-3,15,-25,15,0,1],3375]
[[-96,60,-5,15,0,1],3375]
[[-4,-11,-14,-5,-1,1],3377]
[[19,-39,31,-6,-1,1],3383]
[[-71,83,-47,13,-1,1],3384]
[[64,-53,22,-5,-2,1],3384]
[[80,64,8,4,-1,1],3384]
[[16,32,-16,-5,0,1],3386]
[[-18,33,7,-10,-1,1],3399]
[[-125,-30,-19,1,0,1],3406]
[[63,-23,16,8,-1,1],3408]
[[72,4,-2,2,0,1],3410]
[[3,21,-23,3,0,1],3411]
[[-7,-11,2,7,-1,1],3423]
[[-83,-4,-23,4,-2,1],3431]
[[-36,24,-16,15,0,1],3438]
[[-1,9,-1,2,-1,1],3439]
[[25,40,-1,2,-2,1],3441]
[[55,-59,31,-8,-1,1],3445]
[[-3,-9,-17,-9,0,1],3447]
[[-3,-9,-7,3,0,1],3447]
[[-29,-51,-41,-14,-1,1],3455]
[[33,-40,26,-3,-2,1],3465]
[[-56,-56,-44,-8,-1,1],3472]
[[113,17,11,12,-1,1],3473]
[[32,28,-8,-6,0,1],3496]
[[-99,-20,-18,-11,0,1],3507]
[[-67,-4,11,7,-2,1],3510]
[[-4,49,6,13,-2,1],3512]
[[-54,54,-20,15,0,1],3546]
[[-24,-36,-18,-5,-2,1],3546]
[[-24,24,6,-2,-2,1],3546]
[[-9,-4,-1,3,-2,1],3546]
[[74,31,-2,-8,0,1],3547]
[[-16,72,-16,-4,-2,1],3560]
[[-8,15,-6,-1,-2,1],3560]
[[-23,24,2,-1,-2,1],3565]
[[-26,-1,5,-6,-1,1],3565]
[[3,6,9,2,-2,1],3573]
[[-65,22,19,-11,-2,1],3582]
[[-27,46,-19,2,-2,1],3585]
[[2,9,-7,9,-2,1],3585]
[[-17,51,-13,-3,-2,1],3587]
[[-9,-21,-31,-15,0,1],3591]
[[-74,64,6,-11,-1,1],3610]
[[-17,21,-9,-1,-2,1],3619]
[[-36,-62,-24,2,0,1],3624]
[[-33,-27,9,4,-2,1],3627]
[[-27,41,-19,3,-2,1],3627]
[[23,9,8,8,-1,1],3632]
[[34,24,-2,-7,-1,1],3634]
[[36,-11,16,-3,-2,1],3636]
[[7,8,27,-13,-2,1],3638]
[[-8,-6,-4,-2,-2,1],3640]
[[-12,24,-27,5,-1,1],3654]
[[-97,66,44,-7,-2,1],3655]
[[31,-47,46,-14,-1,1],3656]
[[-27,-1,-13,8,-1,1],3661]
[[-7,-5,-27,0,-2,1],3661]
[[11,-32,23,1,-1,1],3663]
[[16,3,-5,1,0,1],3663]
[[48,0,-15,7,-1,1],3663]
[[93,-42,17,5,-2,1],3666]
[[-15,42,-3,1,-1,1],3681]
[[109,59,-14,-11,-1,1],3681]
[[-26,9,-4,2,-2,1],3688]
[[72,-36,6,-2,-2,1],3690]
[[32,52,4,-6,-2,1],3692]
[[-54,-18,-24,3,-1,1],3702]
[[52,44,-14,19,-2,1],3706]
[[-4,34,17,-3,-1,1],3710]
[[-49,77,-7,7,-2,1],3717]
[[-39,53,-28,7,-1,1],3733]
[[1,21,-1,10,0,1],3733]
[[5,48,-7,-3,-2,1],3738]
[[-23,22,-17,16,-2,1],3741]
[[-8,-5,2,-2,-2,1],3752]
[[-108,3,6,4,-2,1],3759]
[[-52,-10,-24,2,-2,1],3760]
[[-7,-2,1,5,-2,1],3762]
[[26,22,-4,1,-1,1],3762]
[[27,37,-8,20,-1,1],3768]
[[45,-14,13,-7,-2,1],3770]
[[21,6,-10,-3,0,1],3771]
[[127,30,-25,-7,0,1],3774]
[[-72,0,4,-4,-1,1],3784]
[[-64,24,-4,-4,-1,1],3785]
[[-54,63,-15,-3,0,1],3789]
[[99,-51,-3,0,-1,1],3789]
[[-135,105,15,-14,-1,1],3795]
[[-75,54,15,-11,-2,1],3798]
[[36,-18,15,1,-1,1],3798]
[[34,-58,22,4,-1,1],3816]
[[127,6,10,9,-1,1],3819]
[[4,17,4,1,-2,1],3820]
[[32,-8,11,5,-1,1],3820]
[[-12,16,-2,8,-1,1],3828]
[[-54,45,-17,-9,0,1],3831]
[[9,6,-5,3,0,1],3834]
[[-13,49,-13,19,-2,1],3835]
[[-17,-23,-25,-14,-2,1],3839]
[[-21,24,9,-7,-1,1],3843]
[[108,35,11,9,-2,1],3843]
[[-8,17,-18,9,-2,1],3848]
[[-23,-9,-2,9,-1,1],3849]
[[27,-43,32,-8,-1,1],3856]
[[-11,-11,-11,-5,-2,1],3861]
[[88,94,20,-10,-2,1],3864]
[[21,7,28,8,-1,1],3864]
[[14,25,-4,-7,-1,1],3865]
[[-54,48,6,-3,-1,1],3870]
[[49,-38,19,1,-2,1],3870]
[[31,34,-3,-11,0,1],3874]
[[-1,0,-10,5,0,1],3875]
[[-64,18,-20,5,-2,1],3880]
[[-11,42,-43,-1,-2,1],3886]
[[55,49,6,-14,-1,1],3896]
[[19,8,-17,19,-1,1],3897]
[[48,-70,31,-3,-2,1],3905]
[[9,32,-17,7,-2,1],3910]
[[55,45,10,2,-1,1],3910]
[[-69,105,-42,1,-1,1],3915]
[[-7,12,-5,1,0,1],3922]
[[16,13,10,7,-2,1],3924]
[[-17,49,-26,10,-1,1],3928]
[[46,-17,14,3,-1,1],3929]
[[35,-15,-15,11,-1,1],3940]
[[-18,-9,-6,6,0,1],3960]
[[24,12,-12,10,-2,1],3960]
[[11,45,-43,5,0,1],3961]
[[31,14,-3,9,-2,1],3962]
[[-46,-2,-26,5,-1,1],3966]
[[-27,29,-1,-2,-1,1],3973]
[[16,-7,2,-3,-1,1],3973]
[[18,25,-3,-9,0,1],3973]
[[4,36,22,2,-1,1],3976]
[[57,11,-17,11,0,1],3977]
[[-5,16,10,-5,-2,1],3981]
[[-119,-5,-7,-15,0,1],3983]
[[-60,-7,-2,5,-2,1],3992]
[[-48,17,-8,10,0,1],3992]
[[-20,26,-8,10,0,1],3992]
[[64,40,-8,-4,0,1],3992]
[[-16,4,-10,9,-1,1],3995]
[[-12,28,-2,5,-1,1],4002]
[[108,90,-18,-3,0,1],4008]
[[-69,53,12,-4,-1,1],4016]
[[-3,69,-8,14,-1,1],4026]
[[-23,13,38,9,-1,1],4027]
[[53,24,25,11,-2,1],4030]
[[-56,60,-2,0,-2,1],4034]
[[-12,27,-24,13,-2,1],4041]
[[-11,10,-5,4,-2,1],4041]
[[-9,24,-19,6,0,1],4059]
[[7,2,-3,5,-1,1],4063]
[[-48,56,-32,20,-2,1],4072]
[[121,77,-5,21,-2,1],4073]
[[-111,-30,-13,6,0,1],4077]
[[-25,-5,-1,-8,-1,1],4077]
[[-12,26,-13,1,-1,1],4078]
[[-26,54,10,-6,-1,1],4080]
[[-7,0,7,1,-1,1],4081]
[[4,16,16,13,-2,1],4086]
[[39,31,11,0,-1,1],4089]
[[-21,-24,-13,-6,0,1],4095]
[[-9,42,23,-7,-2,1],4098]
[[-57,57,6,10,-1,1],4104]
[[50,-62,38,-8,-1,1],4104]
[[-5,-15,-7,7,0,1],4105]
[[-60,72,-3,-17,-1,1],4113]
[[-3,10,-44,-3,0,1],4117]
[[-65,-15,6,-6,-1,1],4120]
[[195,52,-13,9,-1,1],4121]
[[11,28,5,-8,-2,1],4123]
[[-17,33,-18,18,-1,1],4136]
[[45,-25,-8,12,-1,1],4140]
[[-100,-30,-32,2,-2,1],4144]
[[10,-6,-14,14,-1,1],4144]
[[63,9,-4,-4,-1,1],4144]
[[-8,22,-9,10,-1,1],4145]
[[-30,9,-3,-7,0,1],4149]
[[-3,9,-11,9,0,1],4149]
[[-60,61,-17,3,-2,1],4155]
[[-46,-24,-25,-1,-1,1],4156]
[[-3,6,-7,-3,0,1],4158]
[[-13,16,17,7,-1,1],4161]
[[-76,70,-7,9,-1,1],4162]
[[-41,1,-30,6,-1,1],4168]
[[72,-64,44,-8,-1,1],4168]
[[-20,22,-8,10,-2,1],4176]
[[-4,4,-13,-3,-1,1],4180]
[[100,40,-18,-8,-1,1],4180]
[[-10,26,-18,12,-1,1],4184]
[[82,-27,8,2,-2,1],4187]
[[-23,34,-3,-8,0,1],4189]
[[-37,45,-20,13,-1,1],4199]
[[-59,44,1,-5,-2,1],4202]
[[-11,22,-19,7,-2,1],4202]
[[-61,-38,-10,-1,0,1],4207]
[[-40,-6,-20,2,-2,1],4216]
[[-10,67,-24,12,-2,1],4216]
[[63,0,-21,1,-1,1],4221]
[[98,77,0,14,-2,1],4228]
[[-72,108,-42,10,-2,1],4230]
[[45,90,21,-5,-2,1],4230]
[[66,-6,-4,3,0,1],4230]
[[13,-8,17,-5,-2,1],4234]
[[-85,-12,-34,3,-1,1],4237]
[[-123,-66,-32,-3,0,1],4239]
[[-16,20,-20,-3,0,1],4244]
[[2,-2,14,-8,-1,1],4248]
[[36,63,18,-10,-2,1],4248]
[[-10,50,-20,-5,0,1],4250]
[[17,1,-1,7,-1,1],4257]
[[24,-12,6,10,-2,1],4266]
[[-24,28,-16,-18,0,1],4268]
[[-81,81,-21,-2,-1,1],4269]
[[25,0,5,-1,-2,1],4270]
[[121,-57,25,-3,-1,1],4279]
[[12,52,0,-12,-1,1],4280]
[[-81,81,-21,18,-1,1],4299]
[[-75,90,-33,1,0,1],4302]
[[-2,6,10,2,-1,1],4304]
[[50,60,2,-13,-1,1],4310]
[[91,79,22,-8,-1,1],4310]
[[-215,26,48,-7,-2,1],4315]
[[-16,80,-58,10,-1,1],4328]
[[-80,44,-28,17,-2,1],4329]
[[89,19,-16,7,-1,1],4329]
[[-25,-1,2,0,-1,1],4330]
[[-150,18,-36,13,-1,1],4338]
[[-136,76,-8,18,0,1],4340]
[[77,11,-11,1,0,1],4345]
[[-22,12,-4,5,-1,1],4346]
[[-7,40,-9,11,0,1],4346]
[[-46,48,-4,11,-1,1],4354]
[[-10,25,-4,10,-2,1],4360]
[[28,-23,8,5,-2,1],4364]
[[-27,-54,-49,-18,0,1],4365]
[[14,-5,6,9,-1,1],4367]
[[9,24,-14,9,0,1],4383]
[[-120,66,24,-14,-2,1],4392]
[[-30,37,-8,-6,-2,1],4392]
[[-46,53,-41,19,0,1],4399]
[[124,-81,34,-6,-2,1],4408]
[[133,19,19,7,-1,1],4408]
[[72,-36,-8,2,0,1],4412]
[[-45,-38,-7,-3,0,1],4426]
[[229,-55,37,-5,-1,1],4428]
[[-37,61,21,-2,-1,1],4433]
[[-40,14,-2,-1,0,1],4436]
[[11,15,5,2,-2,1],4439]
[[-56,22,8,2,-2,1],4440]
[[7,15,9,-3,-1,1],4444]
[[43,-13,-3,9,-1,1],4444]
[[-193,-20,-42,7,-1,1],4445]
[[30,17,4,-6,-2,1],4456]
[[-61,35,-3,-7,-1,1],4460]
[[-2,-2,-10,2,-1,1],4464]
[[213,111,-18,-17,-1,1],4473]
[[-4,28,-7,1,-1,1],4482]
[[130,56,-20,7,-1,1],4482]
[[183,96,-35,-3,0,1],4482]
[[70,17,4,6,-2,1],4483]
[[95,-20,-5,-1,-2,1],4490]
[[-7,-11,-13,-8,-1,1],4491]
[[-14,-10,-6,1,0,1],4494]
[[128,32,-16,7,-1,1],4498]
[[7,8,-5,6,-2,1],4501]
[[-6,10,-14,-7,-1,1],4510]
[[45,15,0,7,-1,1],4515]
[[20,16,17,7,-1,1],4518]
[[-10,45,-50,-2,0,1],4540]
[[-4,-1,-11,-4,-1,1],4545]
[[-62,44,-26,1,-1,1],4554]
[[21,30,9,-5,-2,1],4554]
[[-128,100,-44,18,-2,1],4564]
[[-18,42,-2,9,-1,1],4570]
[[-13,-2,3,1,-2,1],4582]
[[11,1,4,-4,-1,1],4584]
[[-9,29,9,-4,-1,1],4585]
[[-3,6,-3,-5,-2,1],4590]
[[243,0,9,-6,-2,1],4593]
[[24,-20,-6,8,-2,1],4610]
[[-72,64,8,9,-1,1],4611]
[[29,-29,14,-5,-1,1],4611]
[[40,-80,38,11,-2,1],4615]
[[-10,6,2,-4,-1,1],4616]
[[5,0,-10,5,0,1],4625]
[[-104,16,-22,4,0,1],4630]
[[8,84,-10,11,-2,1],4630]
[[-32,-2,-3,13,0,1],4633]
[[3,14,-5,-1,-2,1],4642]
[[11,29,-28,7,-1,1],4645]
[[12,23,-2,11,-2,1],4648]
[[-107,77,-23,16,-1,1],4653]
[[-3,9,-9,10,-1,1],4653]
[[20,-30,20,-1,-2,1],4660]
[[9,-9,-9,10,-1,1],4671]
[[48,16,-12,16,0,1],4674]
[[-350,26,46,-8,-1,1],4680]
[[-25,25,-28,-8,-1,1],4680]
[[-44,-11,-22,1,0,1],4708]
[[-17,12,-20,-7,0,1],4717]
[[-66,32,17,-11,-1,1],4724]
[[-46,45,8,6,-2,1],4728]
[[-45,18,15,-5,-2,1],4734]
[[24,76,-28,-1,0,1],4735]
[[-163,-26,10,-13,-2,1],4743]
[[-12,11,-4,9,-2,1],4743]
[[-6,23,-2,10,0,1],4744]
[[8,-5,-6,6,-2,1],4744]
[[8,28,-40,16,-2,1],4744]
[[5,30,-5,-4,-2,1],4745]
[[11,19,-3,7,-1,1],4745]
[[17,10,-5,-5,0,1],4750]
[[-52,14,-16,10,-2,1],4752]
[[12,-42,48,-14,-2,1],4752]
[[-36,-20,-8,5,-1,1],4758]
[[-56,52,-16,16,-2,1],4760]
[[-40,-14,8,-2,-2,1],4760]
[[-187,-39,-12,-10,-1,1],4762]
[[-121,-25,26,0,-1,1],4762]
[[-33,11,-10,1,-1,1],4763]
[[-9,27,-23,11,-2,1],4765]
[[-55,30,-15,9,-2,1],4765]
[[12,0,6,1,-1,1],4770]
[[117,-126,33,1,-2,1],4770]
[[7,0,-4,7,-2,1],4781]
[[-45,-43,-12,-4,-1,1],4784]
[[-43,10,-4,11,0,1],4789]
[[-13,10,-21,9,-2,1],4790]
[[-64,56,-24,12,0,1],4792]
[[-54,15,-10,2,0,1],4792]
[[-13,-12,-13,-2,0,1],4797]
[[-72,-36,-16,2,0,1],4804]
[[9,24,-17,3,0,1],4806]
[[39,24,-23,-3,0,1],4806]
[[-40,-49,-12,0,0,1],4808]
[[-34,13,-36,10,-2,1],4808]
[[-142,-32,10,-5,-1,1],4810]
[[-62,44,-28,9,-1,1],4814]
[[-6,-15,-18,-7,-1,1],4815]
[[12,3,6,-2,-2,1],4824]
[[42,54,18,-8,-1,1],4824]
[[34,37,24,6,-2,1],4840]
[[-48,-15,-16,6,0,1],4848]
[[-78,37,-10,14,0,1],4852]
[[-1,16,-3,-2,-2,1],4853]
[[-96,108,-2,-15,0,1],4869]
[[-18,-5,-10,2,0,1],4888]
[[26,13,0,-2,-2,1],4888]
[[-21,58,-21,8,0,1],4893]
[[-92,48,-5,13,-1,1],4904]
[[55,-115,65,-1,-2,1],4905]
[[-1,7,-17,3,0,1],4907]
[[96,104,-18,-4,-2,1],4910]
[[-9,30,-30,13,-2,1],4911]
[[-100,50,0,-2,0,1],4920]
[[-60,10,-12,2,0,1],4920]
[[-43,97,-31,1,-2,1],4921]
[[-57,-24,9,-2,-2,1],4923]
[[-56,23,22,-5,-1,1],4923]
[[53,-76,38,-5,-2,1],4923]
[[-8,42,6,11,-2,1],4924]
[[-40,-16,-14,-4,-1,1],4932]
[[-39,-24,-22,3,0,1],4935]
[[-2,1,1,17,-2,1],4945]
[[-107,49,17,-13,-1,1],4948]
[[-86,18,-22,8,-1,1],4952]
[[80,-8,-16,4,-2,1],4952]
[[-17,-20,-19,-5,0,1],4954]
[[13,-20,10,1,-2,1],4959]
[[-7,-24,-31,-13,0,1],4966]
[[126,88,-8,-15,0,1],4966]
[[-20,68,40,4,-1,1],4968]
[[-16,16,-22,-2,-1,1],4968]
[[12,6,-8,6,0,1],4968]
[[18,33,4,-8,-2,1],4976]
[[63,84,-7,-18,0,1],4977]
[[99,108,-15,-6,0,1],4977]
[[83,12,27,-9,-2,1],4981]
[[-15,12,-17,11,-1,1],4983]
[[71,-23,6,-6,-1,1],4984]
[[-14,4,-4,-7,0,1],4990]
[[9,-36,45,-11,-1,1],4995]
[[60,-105,60,-11,-1,1],4995]
[[-18,35,-10,10,0,1],5000]
[[-32,60,-40,10,0,1],5000]
[[116,110,-20,-10,0,1],5000]
[[-7,1,20,11,-1,1],5005]
[[-79,-82,5,13,-2,1],5013]
[[-157,36,-37,11,-2,1],5018]
[[3,16,7,0,-2,1],5031]
[[-112,40,-36,6,-2,1],5032]
[[80,-24,-4,14,-2,1],5032]
[[-83,94,-24,13,-2,1],5035]
[[-69,-55,-31,-13,-1,1],5044]
[[80,-8,22,4,-1,1],5044]
[[-88,-57,-47,-7,-2,1],5045]
[[-15,6,-9,1,-2,1],5058]
[[-50,25,-20,21,-2,1],5060]
[[-11,-23,-13,5,-2,1],5069]
[[63,-5,-7,-1,-2,1],5073]
[[-57,-31,-16,4,-1,1],5080]
[[-275,46,-3,-10,0,1],5081]
[[33,75,-9,17,-2,1],5085]
[[36,15,3,6,-1,1],5085]
[[-23,31,-1,-13,0,1],5095]
[[-50,-10,2,-6,-1,1],5104]
[[-6,18,-18,4,-1,1],5112]
[[12,15,-18,11,-2,1],5112]
[[-31,4,-13,-5,-1,1],5121]
[[9,0,-10,5,0,1],5125]
[[-49,40,-38,5,-2,1],5137]
[[2,6,10,-4,-1,1],5144]
[[38,15,-8,8,-2,1],5144]
[[285,8,1,7,-2,1],5146]
[[-4,6,-13,2,0,1],5161]
[[20,-46,65,-23,-1,1],5162]
[[81,-20,-9,15,-2,1],5162]
[[-9,-9,-16,-5,-1,1],5165]
[[97,29,16,10,-1,1],5166]
[[-57,1,0,8,-1,1],5168]
[[-49,-49,-29,-2,0,1],5171]
[[243,134,-15,-19,-1,1],5173]
[[-78,53,-24,14,-2,1],5176]
[[-12,10,-8,2,0,1],5176]
[[-8,41,-38,15,-2,1],5180]
[[-146,87,-26,2,0,1],5192]
[[-24,-1,-18,5,-2,1],5192]
[[92,-57,50,-1,-2,1],5192]
[[25,65,-2,19,-1,1],5193]
[[56,-12,8,0,-2,1],5208]
[[-228,65,-35,7,-2,1],5213]
[[-45,39,-26,8,-1,1],5214]
[[-21,19,-1,-1,-2,1],5217]
[[-9,24,-29,12,-2,1],5221]
[[-65,49,6,-6,-1,1],5224]
[[52,46,-5,16,-2,1],5229]
[[18,18,30,-18,-1,1],5232]
[[-32,58,-23,5,-2,1],5233]
[[-18,-1,-2,2,0,1],5240]
[[-52,4,-16,0,-1,1],5252]
[[64,22,-8,10,-2,1],5256]
[[8,28,-18,8,0,1],5258]
[[-18,28,8,9,-1,1],5262]
[[96,-32,-6,-4,0,1],5262]
[[-191,62,-13,-19,0,1],5270]
[[-6,36,6,-11,-1,1],5274]
[[15,-22,17,-3,-2,1],5274]
[[-16,4,3,3,-1,1],5278]
[[-1,12,-5,7,0,1],5278]
[[-201,84,36,-17,-2,1],5283]
[[-57,9,15,-2,-1,1],5283]
[[16,-17,25,7,-2,1],5283]
[[-23,3,-37,-17,-2,1],5285]
[[21,59,-23,16,-2,1],5285]
[[176,-57,11,7,-2,1],5287]
[[26,-39,13,5,-2,1],5291]
[[-1,78,-46,5,-2,1],5299]
[[30,60,0,11,-2,1],5310]
[[120,0,6,-2,-2,1],5310]
[[-73,18,20,-3,-2,1],5313]
[[-96,-64,-20,-1,0,1],5314]
[[-100,155,17,-17,-2,1],5319]
[[-56,87,-30,2,-2,1],5320]
[[36,30,1,11,-1,1],5322]
[[-5,31,6,-8,-1,1],5330]
[[240,-40,0,-7,-2,1],5330]
[[83,-74,-4,11,0,1],5335]
[[-32,68,-40,-16,0,1],5336]
[[-32,30,11,-11,-2,1],5339]
[[-185,-136,-24,7,0,1],5343]
[[-44,129,-26,-11,0,1],5348]
[[-4,25,2,-5,-2,1],5348]
[[-78,43,-6,-10,0,1],5352]
[[-143,76,22,-5,-2,1],5355]
[[9,54,-1,-12,0,1],5355]
[[21,52,31,-4,-2,1],5357]
[[24,-28,46,-12,-2,1],5362]
[[24,-4,14,15,-1,1],5362]
[[31,1,17,-1,-1,1],5364]
[[60,27,14,-4,-2,1],5367]
[[16,25,42,1,-2,1],5368]
[[99,45,1,1,-1,1],5368]
[[-13,0,0,5,-2,1],5369]
[[13,-5,-1,1,-2,1],5369]
[[212,-144,58,-1,-1,1],5374]
[[18,-9,18,-9,-1,1],5379]
[[6,12,0,19,-2,1],5382]
[[7,35,-21,10,0,1],5383]
[[28,37,-14,23,-2,1],5383]
[[55,41,18,14,-1,1],5392]
[[81,9,-31,6,-1,1],5395]
[[24,66,49,8,-1,1],5397]
[[21,20,-26,7,-2,1],5411]
[[1,24,-1,10,0,1],5413]
[[-28,12,0,-4,-1,1],5416]
[[80,-74,36,-3,-2,1],5416]
[[14,4,-15,9,-1,1],5420]
[[52,72,6,0,-1,1],5420]
[[4,39,6,11,-2,1],5432]
[[51,31,2,-3,-1,1],5433]
[[-4,12,-6,11,-1,1],5434]
[[-36,36,0,-11,-1,1],5454]
[[87,-55,32,0,-1,1],5456]
[[-87,7,-21,2,-1,1],5459]
[[-93,21,-13,3,0,1],5469]
[[-20,-29,-3,7,-2,1],5473]
[[18,-3,-13,3,0,1],5481]
[[-51,-15,12,-2,-1,1],5490]
[[-12,-18,-15,-2,0,1],5499]
[[9,33,-9,19,-2,1],5511]
[[-78,91,-2,-22,0,1],5512]
[[-88,34,33,-3,-1,1],5513]
[[55,108,15,-19,-2,1],5518]
[[6,5,6,-1,-2,1],5524]
[[-9,0,15,7,-2,1],5526]
[[213,-132,9,7,-2,1],5526]
[[9,24,-26,3,0,1],5535]
[[-93,-128,-83,-22,0,1],5539]
[[-132,66,-22,15,0,1],5544]
[[12,16,-31,12,0,1],5545]
[[88,-84,58,-9,-2,1],5546]
[[-20,21,-14,3,-2,1],5548]
[[1,58,-25,-3,-1,1],5549]
[[101,81,-13,-17,0,1],5553]
[[-10,-6,-2,8,-1,1],5560]
[[-67,134,-77,10,0,1],5561]
[[67,22,-5,13,-2,1],5562]
[[31,13,6,3,-1,1],5567]
[[-12,112,-46,-1,-1,1],5570]
[[56,108,-50,20,-2,1],5570]
[[-96,-28,-20,-2,-2,1],5572]
[[-76,-98,-60,-14,0,1],5576]
[[-74,39,16,0,-2,1],5576]
[[-98,68,17,-15,-1,1],5588]
[[47,89,14,-6,-1,1],5588]
[[283,-62,43,5,-2,1],5590]
[[-108,99,-30,21,-2,1],5592]
[[-2,-3,-30,9,-2,1],5599]
[[24,-62,45,-6,-1,1],5599]
[[17,6,0,-3,-2,1],5603]
[[21,-57,45,-1,-2,1],5607]
[[-16,31,-18,3,-2,1],5608]
[[-3,-15,-49,-15,0,1],5613]
[[13,-10,1,3,-2,1],5614]
[[-100,76,-15,13,0,1],5615]
[[-99,-95,-16,3,-1,1],5619]
[[-63,-32,3,5,-1,1],5621]
[[75,0,-25,0,0,1],5625]
[[-75,0,-25,0,0,1],5625]
[[24,-38,20,2,-2,1],5640]
[[104,-76,30,-9,-1,1],5642]
[[1,-7,41,-9,-1,1],5644]
[[30,-2,6,2,-1,1],5648]
[[36,67,16,-19,-1,1],5649]
[[-180,132,-24,24,-1,1],5652]
[[-48,-56,0,12,-2,1],5656]
[[-121,-55,-3,3,-1,1],5660]
[[-7,-2,-19,19,-1,1],5661]
[[1,37,-23,13,-2,1],5661]
[[-14,-11,-32,-10,-2,1],5668]
[[168,4,-24,-5,0,1],5671]
[[96,-64,24,-4,-1,1],5672]
[[-59,26,-35,13,-1,1],5673]
[[-1,27,2,12,-1,1],5678]
[[140,-34,-1,4,-2,1],5679]
[[-9,9,-8,-8,-1,1],5680]
[[37,-5,-10,3,-1,1],5681]
[[-24,9,-16,-6,0,1],5688]
[[79,-79,52,-8,-1,1],5688]
[[-27,48,-7,15,-2,1],5690]
[[-21,14,7,-3,-2,1],5698]
[[-11,44,9,-9,-2,1],5698]
[[-122,41,28,-14,-2,1],5704]
[[-40,16,16,7,-1,1],5705]
[[-37,-4,-7,-5,-2,1],5706]
[[-35,52,-6,7,0,1],5713]
[[253,10,-1,5,0,1],5714]
[[29,-47,11,10,-1,1],5715]
[[-134,-81,-34,-2,0,1],5720]
[[2,18,-2,8,-1,1],5720]
[[-4,141,-4,-22,0,1],5723]
[[80,-24,12,-4,-1,1],5729]
[[25,0,0,-1,-2,1],5735]
[[-42,-41,-51,-17,0,1],5739]
[[-134,-4,-32,7,-1,1],5742]
[[-14,-8,-10,-1,-1,1],5742]
[[9,42,-3,9,-2,1],5742]
[[11,22,19,-7,-2,1],5742]
[[135,-54,27,7,-2,1],5742]
[[87,50,7,15,-1,1],5749]
[[-46,53,-12,3,-1,1],5753]
[[-1,8,23,19,-1,1],5761]
[[48,8,-32,12,-2,1],5768]
[[88,-20,16,8,-2,1],5768]
[[127,121,-6,-18,-1,1],5768]
[[-119,46,4,-5,-2,1],5769]
[[-24,18,9,-5,-2,1],5769]
[[9,32,9,1,-2,1],5770]
[[-110,132,-34,-1,-1,1],5786]
[[-31,14,-23,6,-2,1],5789]
[[-2,4,17,17,-1,1],5796]
[[36,88,-6,8,-1,1],5804]
[[-56,-28,-6,6,-2,1],5810]
[[-81,-72,-27,0,0,1],5811]
[[-100,100,2,-17,-1,1],5814]
[[-17,25,-12,0,-1,1],5816]
[[-153,-99,15,6,-2,1],5817]
[[19,23,-5,-2,-1,1],5841]
[[-59,49,-23,13,-2,1],5859]
[[-5,16,-6,9,-2,1],5863]
[[58,15,-22,-2,0,1],5864]
[[52,10,21,15,-1,1],5866]
[[-107,-20,-39,7,-2,1],5890]
[[-35,111,-8,-12,-1,1],5892]
[[12,6,0,2,-2,1],5904]
[[75,-27,66,-2,-1,1],5904]
[[-8,56,-34,8,-2,1],5922]
[[138,78,-18,-5,-2,1],5922]
[[-4,34,-29,5,-1,1],5934]
[[-26,49,-12,-2,-2,1],5944]
[[-24,7,-2,-9,0,1],5945]
[[116,11,-10,7,-1,1],5953]
[[14,-32,32,-11,-1,1],5958]
[[-4,2,-12,6,0,1],5960]
[[-156,-44,-42,2,-1,1],5960]
[[27,13,-1,2,-1,1],5963]
[[13,4,16,-5,-2,1],5973]
[[-6,-3,0,14,-2,1],5976]
[[111,49,-10,-6,-1,1],5976]
[[156,-12,0,4,-1,1],5976]
[[153,-135,63,-13,-2,1],5985]
[[168,-24,-14,-3,0,1],5985]
[[-90,35,-5,-1,-2,1],5995]
[[-25,75,-22,-4,-1,1],5998]
[[29,-31,23,-5,-1,1],5999]
[[-16,9,-26,11,-2,1],6008]
[[76,36,-8,12,-1,1],6008]
[[-121,-62,11,1,-1,1],6021]
[[15,42,-1,-12,0,1],6021]
[[152,-71,38,-11,-1,1],6021]
[[60,19,-2,9,-2,1],6024]
[[-132,126,-45,1,-1,1],6030]
[[-44,14,-23,7,-1,1],6030]
[[39,72,39,1,-2,1],6030]
[[-8,-14,-12,6,0,1],6032]
[[-88,140,-48,-2,0,1],6036]
[[-99,86,-7,-11,0,1],6038]
[[27,45,-9,-6,-1,1],6039]
[[-6,-11,-16,-7,0,1],6040]
[[92,52,0,-12,-1,1],6040]
[[-94,-79,-1,13,-2,1],6051]
[[19,28,-3,7,-1,1],6053]
[[-64,-18,-28,6,-2,1],6072]
[[112,-28,40,-11,-2,1],6083]
[[16,111,-22,-8,-2,1],6103]
[[-14,7,-11,7,-2,1],6111]
[[91,-67,31,-2,-1,1],6111]
[[-58,16,9,-3,-1,1],6116]
[[-135,124,0,7,0,1],6117]
[[-9,42,5,-4,-2,1],6117]
[[-86,71,1,-9,-2,1],6119]
[[-279,99,12,-8,-1,1],6120]
[[-90,75,-10,18,0,1],6120]
[[-68,140,-32,-8,-1,1],6120]
[[-22,51,-4,7,0,1],6120]
[[6,-10,58,-24,-1,1],6120]
[[90,-99,48,-2,-2,1],6120]
[[116,100,8,16,-1,1],6120]
[[-189,135,-27,22,-1,1],6123]
[[36,63,27,-5,-2,1],6129]
[[-87,70,-27,17,-2,1],6130]
[[208,28,-35,-5,-1,1],6130]
[[72,27,20,-3,-1,1],6133]
[[-3,12,-15,13,-2,1],6138]
[[29,34,19,-4,-2,1],6147]
[[33,57,-38,5,-1,1],6159]
[[155,-75,50,-18,-1,1],6160]
[[-67,21,43,2,-1,1],6163]
[[-12,-31,-18,2,-2,1],6164]
[[48,-12,3,10,-2,1],6165]
[[17,1,7,7,-1,1],6167]
[[45,48,2,17,-2,1],6171]
[[7,48,56,17,-1,1],6179]
[[-53,-13,-23,7,-1,1],6183]
[[-329,161,-42,2,-1,1],6188]
[[-9,22,-24,7,0,1],6189]
[[86,-70,8,1,-1,1],6190]
[[36,54,-24,-2,-2,1],6192]
[[-11,12,2,-1,-2,1],6193]
[[-45,72,-19,18,-2,1],6199]
[[-159,201,-53,-3,0,1],6201]
[[-20,-9,-5,1,0,1],6201]
[[9,-1,4,-3,-1,1],6201]
[[-29,-2,-19,7,0,1],6202]
[[20,40,-19,19,-1,1],6210]
[[194,117,-32,-10,-2,1],6220]
[[18,-14,-3,3,-1,1],6232]
[[87,-91,44,-12,-1,1],6232]
[[-124,-24,25,-1,-1,1],6238]
[[4,18,8,19,-2,1],6244]
[[3,0,3,19,-2,1],6246]
[[-44,66,-8,2,0,1],6248]
[[-28,27,14,6,-2,1],6248]
[[-27,48,1,11,-2,1],6254]
[[136,50,13,16,-1,1],6255]
[[-30,-22,-22,14,-1,1],6256]
[[-74,58,-10,-1,-2,1],6258]
[[96,132,-12,13,-2,1],6264]
[[-45,36,30,-5,-1,1],6273]
[[-4,13,-4,1,-1,1],6273]
[[17,68,-34,13,-2,1],6273]
[[95,1,1,11,-2,1],6277]
[[-144,-136,-74,-17,0,1],6280]
[[-128,74,-44,18,-2,1],6280]
[[72,-4,-8,0,-2,1],6280]
[[77,51,-35,-5,0,1],6289]
[[-64,24,-4,-16,-1,1],6295]
[[31,69,-8,17,-1,1],6295]
[[56,12,14,8,-2,1],6302]
[[-128,56,7,-8,-1,1],6309]
[[66,45,-1,-9,0,1],6309]
[[32,32,-24,5,-1,1],6310]
[[-19,73,17,-13,-1,1],6316]
[[-20,77,-63,21,-2,1],6319]
[[64,76,19,-5,-2,1],6327]
[[4,14,-4,-2,0,1],6328]
[[49,7,7,7,-1,1],6328]
[[43,21,1,8,-1,1],6331]
[[-9,36,-57,21,-1,1],6333]
[[3,34,37,12,-2,1],6333]
[[214,63,21,6,-1,1],6341]
[[-75,60,15,-14,-2,1],6345]
[[11,-5,8,1,-1,1],6345]
[[-12,-16,-4,1,-1,1],6346]
[[-60,139,-83,11,0,1],6349]
[[-14,25,-20,8,-2,1],6352]
[[-36,90,3,-11,-1,1],6354]
[[-77,31,1,-3,-2,1],6355]
[[-25,-25,-18,-3,-1,1],6355]
[[-25,25,-55,0,-1,1],6355]
[[-175,16,17,-11,-1,1],6363]
[[-111,105,12,-23,-1,1],6363]
[[67,13,1,16,-2,1],6363]
[[-35,-9,-8,-4,-1,1],6364]
[[32,52,-32,8,0,1],6364]
[[82,-27,8,6,-2,1],6376]
[[61,-68,31,-5,-2,1],6378]
[[116,116,29,-5,-1,1],6380]
[[187,-112,32,-7,-2,1],6381]
[[-75,56,7,-6,-2,1],6385]
[[-34,26,-20,-1,-1,1],6386]
[[-115,125,-20,2,-1,1],6390]
[[60,40,-10,-9,-1,1],6390]
[[44,60,8,-16,-1,1],6392]
[[-27,15,1,-1,-2,1],6401]
[[13,-14,11,-2,-2,1],6403]
[[-137,41,-23,13,-1,1],6408]
[[72,-12,-12,6,-2,1],6408]
[[-9,85,-3,-17,0,1],6411]
[[-88,99,-11,-11,0,1],6413]
[[32,113,8,-17,-1,1],6415]
[[125,73,38,7,-1,1],6421]
[[-9,54,-21,15,-1,1],6423]
[[-140,151,-34,10,-2,1],6424]
[[-137,1,32,-4,-1,1],6424]
[[-61,53,8,-12,-1,1],6424]
[[304,33,34,15,-2,1],6424]
[[48,24,-20,15,0,1],6426]
[[169,126,-13,-11,0,1],6430]
[[96,36,9,-5,-1,1],6435]
[[-9,5,-53,7,0,1],6437]
[[200,150,20,-10,-2,1],6440]
[[3,1,22,11,-1,1],6441]
[[33,130,-7,15,-1,1],6441]
[[-73,67,-19,1,-1,1],6444]
[[1,-1,11,6,-1,1],6445]
[[-9,9,18,7,-1,1],6453]
[[30,51,-17,15,0,1],6453]
[[-13,-17,-11,-5,0,1],6457]
[[34,-62,42,-11,-1,1],6458]
[[-35,40,-20,19,-2,1],6465]
[[-35,-4,-33,-17,0,1],6466]
[[-64,40,19,-10,-2,1],6471]
[[-137,65,18,-10,-1,1],6472]
[[-64,8,-24,12,0,1],6472]
[[9,-14,1,5,-1,1],6477]
[[-121,66,-31,8,0,1],6479]
[[-40,-48,-24,-3,-2,1],6479]
[[26,4,40,11,-1,1],6486]
[[63,21,-23,-3,0,1],6489]
[[-106,90,-6,3,-2,1],6490]
[[4,0,12,3,-1,1],6490]
[[-31,69,-49,8,-2,1],6499]
[[231,121,0,-16,-1,1],6512]
[[130,-75,40,6,-2,1],6520]
[[200,-60,16,8,-2,1],6520]
[[-11,-4,-20,9,-2,1],6521]
[[11,0,1,1,-1,1],6523]
[[-11,-19,-19,-3,0,1],6527]
[[-52,64,-31,4,-2,1],6529]
[[-80,40,0,-9,-1,1],6530]
[[-11,-2,-11,5,-2,1],6542]
[[-36,150,-28,-6,0,1],6552]
[[23,49,14,10,-1,1],6552]
[[-16,-4,-5,6,-2,1],6557]
[[8,28,50,-23,-1,1],6558]
[[44,46,11,5,-1,1],6562]
[[16,97,-16,10,0,1],6568]
[[-150,100,20,-15,-1,1],6570]
[[-9,45,-3,15,0,1],6579]
[[67,-8,-17,4,-2,1],6579]
[[-61,39,-27,8,-1,1],6583]
[[13,33,-50,15,-1,1],6585]
[[-19,7,5,1,-1,1],6588]
[[11,19,-6,16,-1,1],6590]
[[123,-47,15,0,-1,1],6595]
[[-5,-8,-11,-1,-2,1],6602]
[[22,30,6,-6,-1,1],6608]
[[-48,96,-36,2,-1,1],6633]
[[292,133,-20,-22,0,1],6644]
[[-51,58,-1,5,-2,1],6654]
[[-95,-58,-33,-3,0,1],6658]
[[4,16,40,-11,-2,1],6666]
[[-48,104,-52,-8,0,1],6670]
[[-20,0,-8,5,-1,1],6670]
[[-9,9,-5,-6,-1,1],6677]
[[28,56,-16,17,-2,1],6678]
[[16,88,25,1,-1,1],6682]
[[1,4,34,-13,-2,1],6683]
[[-75,60,-14,-3,0,1],6687]
[[5,27,-7,9,-1,1],6692]
[[-156,-5,38,-4,-2,1],6693]
[[48,24,-2,-3,0,1],6696]
[[96,114,24,10,-2,1],6696]
[[-1,18,5,8,-2,1],6697]
[[18,-18,-8,9,-1,1],6698]
[[-40,122,-4,22,0,1],6704]
[[-176,136,-28,8,-1,1],6705]
[[-60,69,-9,5,-2,1],6705]
[[-45,45,-15,4,-1,1],6705]
[[5,5,-8,5,-1,1],6705]
[[-206,184,-32,-5,-2,1],6714]
[[-14,67,-7,11,0,1],6715]
[[-5,29,1,15,-2,1],6715]
[[-1,7,-31,9,-1,1],6716]
[[65,3,5,9,-2,1],6721]
[[-62,42,-14,12,-1,1],6728]
[[2,12,-4,15,-1,1],6730]
[[-54,33,-10,-6,0,1],6732]
[[64,88,37,-5,-1,1],6734]
[[48,85,36,-3,-2,1],6740]
[[-240,94,40,-18,-2,1],6744]
[[-24,16,-20,8,-1,1],6744]
[[35,76,-15,-8,0,1],6745]
[[-45,0,-15,-15,0,1],6750]
[[3,60,-5,15,0,1],6750]
[[112,68,-27,-7,-1,1],6754]
[[-15,34,-15,12,-2,1],6773]
[[-98,-7,-20,6,-2,1],6776]
[[-58,5,-7,7,-2,1],6777]
[[-38,56,-20,1,-1,1],6786]
[[37,-14,1,1,-2,1],6786]
[[16,4,26,-1,-1,1],6795]
[[25,25,25,-2,-2,1],6795]
[[-160,-68,-56,2,0,1],6808]
[[-25,25,-7,-3,-1,1],6808]
[[-25,14,-5,6,0,1],6815]
[[-19,28,23,-3,-1,1],6817]
[[8,16,50,-14,-2,1],6818]
[[-11,23,21,5,-1,1],6820]
[[128,39,-18,3,-2,1],6824]
[[-48,110,-11,-7,-2,1],6827]
[[-11,-6,-25,5,0,1],6834]
[[-96,80,-14,-2,0,1],6838]
[[38,95,56,-8,-2,1],6840]
[[56,-16,22,2,-1,1],6840]
[[72,-39,-16,6,0,1],6840]
[[-96,4,24,-7,-2,1],6844]
[[-18,20,9,-7,-1,1],6844]
[[-93,66,12,-11,-2,1],6849]
[[222,137,-4,-18,-2,1],6849]
[[-46,46,-18,3,-2,1],6854]
[[-95,27,-31,5,-1,1],6856]
[[-28,82,-43,7,-1,1],6858]
[[12,96,-8,15,0,1],6858]
[[52,32,22,13,-1,1],6858]
[[-32,-7,0,-2,0,1],6864]
[[-40,50,-15,9,-2,1],6865]
[[-225,120,-11,-18,0,1],6867]
[[-96,-105,-42,-11,-1,1],6867]
[[-8,44,-40,10,0,1],6868]
[[20,6,0,3,-2,1],6868]
[[-119,46,-35,13,-2,1],6891]
[[-145,69,-35,17,-2,1],6893]
[[-75,30,-11,21,0,1],6894]
[[84,92,13,-16,-2,1],6913]
[[-18,41,12,-10,-2,1],6920]
[[-121,22,-17,5,-2,1],6930]
[[60,0,15,7,-1,1],6930]
[[72,36,-6,12,0,1],6930]
[[-69,164,-23,26,-2,1],6935]
[[-84,-48,-23,-12,0,1],6957]
[[10,25,20,-4,-2,1],6960]
[[27,42,54,19,-2,1],6969]
[[12,-16,18,-1,-2,1],6970]
[[-210,39,-14,-6,0,1],6984]
[[-96,0,-12,-8,-1,1],6984]
[[-72,-39,6,9,-2,1],6984]
[[116,19,10,14,-2,1],6984]
[[2,9,13,11,-2,1],6995]
[[-62,15,-10,10,0,1],7000]
[[-60,125,-20,-10,0,1],7000]
[[-56,-35,0,10,0,1],7000]
[[-56,25,0,-10,0,1],7000]
[[-127,86,2,-5,-2,1],7011]
[[-128,184,-4,-23,0,1],7012]
[[-5,10,-9,-2,0,1],7015]
[[4,9,-15,14,-1,1],7015]
[[-6,34,-6,12,-1,1],7016]
[[76,-73,18,2,-2,1],7016]
[[-111,108,-32,9,0,1],7017]
[[-36,-63,-36,1,-2,1],7020]
[[64,112,-32,10,-2,1],7020]
[[156,-156,39,1,-1,1],7020]
[[133,82,31,-2,-2,1],7023]
[[-41,92,-25,23,-2,1],7029]
[[27,45,-3,9,0,1],7029]
[[45,10,-5,23,0,1],7030]
[[-32,16,22,10,-2,1],7038]
[[-2,20,-16,11,-2,1],7038]
[[153,-144,57,-5,-2,1],7038]
[[31,25,-10,3,-1,1],7049]
[[13,15,5,-5,-2,1],7051]
[[-3,7,-11,-1,0,1],7055]
[[-54,-69,-44,-16,-2,1],7064]
[[-201,-114,-38,3,0,1],7065]
[[-121,166,-67,7,-1,1],7065]
[[-11,-8,-5,-8,-2,1],7065]
[[9,-9,12,13,-1,1],7065]
[[-96,148,-68,18,-2,1],7068]
[[68,20,28,-3,-2,1],7070]
[[27,3,3,7,-2,1],7071]
[[61,-62,40,-11,-2,1],7083]
[[-36,65,-50,13,0,1],7084]
[[19,163,-7,0,-1,1],7087]
[[99,-153,72,-9,-1,1],7089]
[[19,-32,29,2,-2,1],7095]
[[-70,74,17,-17,-1,1],7096]
[[28,-53,26,2,-2,1],7112]
[[38,53,-12,2,-2,1],7112]
[[-24,25,-6,-7,0,1],7116]
[[8,-13,12,5,-2,1],7117]
[[99,-157,89,-15,-2,1],7119]
[[31,35,-1,-2,0,1],7123]
[[-4,10,1,13,-1,1],7126]
[[-41,-46,-31,-7,0,1],7130]
[[87,-76,39,-7,-2,1],7138]
[[-80,112,24,16,-1,1],7144]
[[-44,43,30,-2,-2,1],7144]
[[20,-14,41,-17,-1,1],7146]
[[104,37,6,-2,-2,1],7148]
[[61,16,25,4,-2,1],7155]
[[80,72,12,-16,-1,1],7171]
[[-29,53,-26,25,-1,1],7173]
[[-81,0,-3,-9,0,1],7182]
[[-279,45,-15,12,0,1],7191]
[[-237,-24,-9,8,-2,1],7191]
[[-64,88,-56,12,0,1],7192]
[[7,1,1,7,-1,1],7196]
[[-24,5,-44,-1,0,1],7196]
[[-59,-52,-35,7,-2,1],7202]
[[322,41,0,-15,-2,1],7204]
[[296,-48,4,-4,-1,1],7208]
[[-100,-50,-35,-5,-1,1],7210]
[[-36,46,0,-13,0,1],7212]
[[-44,38,-8,-2,-2,1],7216]
[[-9,45,-36,12,-1,1],7224]
[[-48,88,-4,-12,0,1],7234]
[[-59,56,-23,13,-2,1],7238]
[[95,105,22,2,-1,1],7240]
[[-156,12,3,-5,-2,1],7245]
[[-41,-15,-8,0,-1,1],7248]
[[261,20,-52,1,0,1],7249]
[[-324,64,-55,18,-1,1],7251]
[[-183,112,-27,-2,0,1],7251]
[[-333,-108,-15,3,0,1],7254]
[[58,-40,22,1,-1,1],7254]
[[144,12,-3,3,-1,1],7254]
[[-81,102,-50,17,-2,1],7255]
[[40,36,16,8,-2,1],7256]
[[56,73,-8,-10,0,1],7256]
[[-36,4,-13,2,-2,1],7257]
[[289,-102,46,3,-1,1],7257]
[[45,12,-31,17,-2,1],7258]
[[81,55,-1,11,0,1],7259]
[[-90,-93,-58,-15,0,1],7263]
[[60,73,10,-15,-2,1],7272]
[[-16,14,-2,3,-2,1],7276]
[[15,-49,47,-4,-1,1],7279]
[[-18,-6,14,4,-1,1],7288]
[[-8,26,-20,-2,-2,1],7288]
[[-20,49,-36,13,-1,1],7291]
[[-30,13,0,14,-2,1],7292]
[[264,74,15,20,-1,1],7303]
[[-48,32,-40,12,-1,1],7304]
[[88,-20,26,7,-2,1],7310]
[[-160,-8,-28,8,-1,1],7313]
[[35,90,51,0,-2,1],7315]
[[4,56,7,16,-1,1],7317]
[[32,52,0,13,-2,1],7324]
[[-246,144,-6,-11,-1,1],7326]
[[-17,67,21,-12,-1,1],7327]
[[-18,-10,-6,-1,-2,1],7330]
[[-83,117,-23,-17,0,1],7335]
[[83,-29,20,1,-1,1],7335]
[[90,105,20,-7,-2,1],7340]
[[9,-21,14,3,-1,1],7343]
[[-18,9,0,4,-2,1],7344]
[[167,49,8,16,-1,1],7344]
[[-200,58,-15,-21,-2,1],7349]
[[-4,-10,-12,22,0,1],7352]
[[225,83,1,12,-1,1],7353]
[[-33,48,-49,15,0,1],7362]
[[-12,32,-39,-13,-1,1],7363]
[[128,80,10,6,-2,1],7366]
[[15,-14,3,3,-2,1],7370]
[[17,64,-17,-3,0,1],7370]
[[-8,18,6,3,-2,1],7372]
[[223,-35,-45,5,0,1],7375]
[[332,-132,61,1,-1,1],7378]
[[32,58,11,6,-1,1],7379]
[[-6,45,-36,13,-2,1],7380]
[[-229,17,-12,12,-1,1],7384]
[[46,66,-30,0,-1,1],7384]
[[-18,60,-6,19,-1,1],7386]
[[-96,64,-4,14,0,1],7388]
[[-18,36,0,-5,-2,1],7398]
[[127,-49,38,12,-1,1],7402]
[[9,54,9,-13,-1,1],7407]
[[-31,-31,-31,-5,0,1],7409]
[[26,8,17,1,-1,1],7412]
[[-16,16,8,3,-1,1],7414]
[[-44,104,13,7,-1,1],7416]
[[-22,21,-20,17,0,1],7416]
[[-5,41,-23,1,-1,1],7416]
[[-70,105,-70,11,-2,1],7420]
[[-253,102,39,-21,-2,1],7426]
[[171,-23,-42,6,-1,1],7426]
[[-20,-40,-46,-7,0,1],7430]
[[-296,202,16,-18,-2,1],7432]
[[-11,23,-25,15,-1,1],7432]
[[2,-2,-6,12,-1,1],7432]
[[36,20,0,8,-1,1],7432]
[[15,31,-3,12,-1,1],7433]
[[-219,36,3,-5,-2,1],7434]
[[-144,-72,12,1,-1,1],7434]
[[28,-71,50,-1,-2,1],7464]
[[-64,84,-28,10,-2,1],7468]
[[20,70,5,19,-1,1],7470]
[[51,39,66,4,-1,1],7470]
[[-22,-11,0,6,-2,1],7480]
[[48,59,10,-14,-2,1],7480]
[[98,-35,-20,3,0,1],7492]
[[-118,177,-84,11,-1,1],7493]
[[32,26,40,6,-2,1],7496]
[[20,18,-7,-3,-1,1],7498]
[[-188,124,36,-15,-1,1],7502]
[[4,18,8,-2,-2,1],7504]
[[-41,-15,-20,0,-1,1],7512]
[[-195,-45,15,-8,-1,1],7515]
[[-171,144,-20,23,-2,1],7523]
[[-39,16,5,-4,-2,1],7527]
[[-112,96,8,-12,-1,1],7528]
[[-208,36,41,-12,-2,1],7531]
[[118,129,15,-19,-2,1],7535]
[[48,25,-6,5,-2,1],7544]
[[-125,-41,-39,-3,0,1],7547]
[[-24,21,-6,1,-1,1],7551]
[[-12,-15,-15,-5,-2,1],7551]
[[17,32,37,17,-1,1],7551]
[[27,51,23,-10,-1,1],7553]
[[-139,35,5,1,-1,1],7556]
[[-210,210,-30,-8,-1,1],7560]
[[-102,69,-28,-3,0,1],7560]
[[84,51,-8,-12,0,1],7560]
[[35,55,25,11,-1,1],7565]
[[49,-129,103,-22,-1,1],7567]
[[-128,-126,-76,-14,0,1],7568]
[[-26,17,-6,11,-2,1],7580]
[[-31,12,-1,6,-2,1],7585]
[[-204,70,-17,-19,-1,1],7590]
[[-50,98,-30,-4,-1,1],7592]
[[80,66,-8,-10,-2,1],7592]
[[-30,-17,-28,3,-1,1],7593]
[[-51,46,-1,9,0,1],7598]
[[256,214,28,-14,-2,1],7608]
[[-11,24,-11,9,-2,1],7618]
[[-254,96,49,-15,-1,1],7620]
[[395,-41,14,7,-1,1],7623]
[[128,-8,-8,2,0,1],7624]
[[58,-70,34,-2,-1,1],7632]
[[159,-159,72,-8,-1,1],7632]
[[-24,-68,-66,-20,0,1],7638]
[[-8,39,-62,26,-2,1],7640]
[[22,82,50,8,-1,1],7640]
[[-87,-111,-33,-2,-1,1],7641]
[[10,15,0,11,-1,1],7645]
[[-64,-4,0,3,-1,1],7649]
[[256,84,-3,15,-2,1],7657]
[[-36,-9,-21,-2,-1,1],7659]
[[36,0,11,4,-2,1],7663]
[[2,10,-10,6,-1,1],7664]
[[-1,28,-36,15,-2,1],7667]
[[-56,90,-32,6,-2,1],7672]
[[-63,54,-27,5,-2,1],7677]
[[-20,-18,-17,1,-1,1],7682]
[[-39,39,-13,2,-2,1],7683]
[[122,79,-2,-8,0,1],7685]
[[33,-8,1,3,-2,1],7686]
[[-36,47,-18,14,-2,1],7688]
[[314,206,48,-3,-1,1],7690]
[[48,7,51,11,-2,1],7697]
[[-25,70,-19,-2,-2,1],7705]
[[-43,29,-3,-1,-1,1],7708]
[[-54,126,0,-11,-1,1],7714]
[[-64,-72,-56,-10,-1,1],7717]
[[-290,35,-18,-18,0,1],7720]
[[-44,-94,-52,-2,0,1],7720]
[[-83,16,25,-5,-2,1],7722]
[[-14,25,-4,-16,-2,1],7728]
[[289,-117,35,1,-2,1],7733]
[[-72,23,-26,10,-2,1],7736]
[[76,67,-50,4,-2,1],7749]
[[97,118,46,1,-2,1],7749]
[[196,161,28,7,-1,1],7749]
[[-153,145,-14,-10,-1,1],7752]
[[-150,67,-24,11,0,1],7752]
[[10,37,32,-10,-2,1],7752]
[[12,-8,12,-3,-1,1],7766]
[[-96,-64,-20,-2,0,1],7772]
[[182,101,4,18,-2,1],7772]
[[-29,23,-61,18,-1,1],7777]
[[-31,-48,-13,3,-1,1],7781]
[[-243,-39,-44,-3,-1,1],7783]
[[-284,145,-12,6,0,1],7784]
[[-36,36,-26,10,-1,1],7784]
[[-5,20,-25,14,-2,1],7785]
[[27,10,-7,-3,-1,1],7785]
[[22,30,-10,-7,0,1],7794]
[[63,18,15,1,-2,1],7794]
[[-15,20,-5,-2,0,1],7805]
[[-200,-100,-48,-16,-2,1],7816]
[[62,53,-14,1,0,1],7828]
[[116,-116,47,7,-1,1],7830]
[[76,-41,38,-13,-2,1],7832]
[[56,-12,6,3,-2,1],7838]
[[-103,-60,-38,-1,0,1],7839]
[[-239,78,49,-15,-2,1],7843]
[[-164,61,-4,-22,0,1],7843]
[[27,50,29,-13,-1,1],7843]
[[-148,-3,-42,6,-2,1],7844]
[[18,46,2,-12,-1,1],7848]
[[60,51,-8,-12,0,1],7848]
[[8,44,-8,14,0,1],7852]
[[-96,88,-24,14,-1,1],7859]
[[-51,-26,-17,-3,0,1],7862]
[[-99,-9,15,-9,-2,1],7863]
[[38,86,18,0,-1,1],7864]
[[-144,-36,-39,7,-1,1],7866]
[[-6,18,-10,9,0,1],7866]
[[-96,-8,-34,2,0,1],7870]
[[71,6,-7,17,-2,1],7874]
[[-81,-135,-75,-15,0,1],7875]
[[-60,75,-5,-15,0,1],7875]
[[24,75,-5,-15,0,1],7875]
[[153,135,-15,-15,0,1],7875]
[[-16,41,-8,18,0,1],7880]
[[-110,80,10,7,-1,1],7890]
[[-143,138,-67,14,-2,1],7897]
[[-4,6,-11,-8,0,1],7897]
[[-48,72,-20,-9,0,1],7902]
[[-59,0,17,-5,-2,1],7906]
[[63,-70,1,17,-2,1],7910]
[[48,120,3,-14,-2,1],7911]
[[-184,48,28,-4,-1,1],7912]
[[-84,-11,-12,-10,0,1],7912]
[[-27,29,24,-1,-1,1],7915]
[[-63,45,-33,0,-1,1],7917]
[[-196,-30,7,5,-1,1],7918]
[[-78,105,-36,4,-2,1],7920]
[[-62,49,-20,16,-2,1],7920]
[[-9,-27,-19,3,-1,1],7924]
[[-18,41,-44,18,-2,1],7928]
[[28,23,-7,-1,0,1],7931]
[[-106,17,-29,9,-2,1],7933]
[[33,5,0,2,-1,1],7934]
[[-1,13,-68,20,-1,1],7944]
[[-48,9,-16,9,0,1],7947]
[[37,-10,1,19,-1,1],7947]
[[93,18,0,1,-1,1],7947]
[[-10,-15,-10,-3,-1,1],7955]
[[-72,36,-18,17,-2,1],7956]
[[-18,-27,-14,6,0,1],7956]
[[-24,32,8,-7,-1,1],7957]
[[1,22,0,9,-1,1],7961]
[[-165,105,-39,13,-2,1],7965]
[[-116,67,-34,20,-2,1],7977]
[[-207,-21,-17,15,0,1],7983]
[[-72,-48,2,0,-1,1],7988]
[[-25,-23,-28,-8,-1,1],7992]
[[36,-21,-8,12,0,1],7992]
[[121,121,40,-2,-1,1],7994]
[[-100,0,-25,9,-2,1],7995]
[[153,-162,83,-15,-1,1],7999]
[[-279,-111,-73,3,0,1],8001]
[[-169,169,-40,-4,-1,1],8008]
[[9,-21,49,-11,-1,1],8008]
[[14,1,-2,-3,0,1],8012]
[[-96,20,-12,14,-2,1],8020]
[[35,5,5,7,-1,1],8020]
[[-4,22,7,-7,-1,1],8022]
[[-72,64,-4,-16,-1,1],8024]
[[146,-86,18,0,-1,1],8024]
[[-4,-3,-4,7,0,1],8028]
[[-219,-70,1,-9,-1,1],8037]
[[31,76,49,-5,-2,1],8046]
[[-24,-3,-18,11,-2,1],8055]
[[110,5,10,11,-1,1],8055]
[[-25,13,12,4,-1,1],8056]
[[-97,58,-21,13,0,1],8062]
[[36,25,3,-4,-1,1],8065]
[[-10,4,-6,7,-1,1],8066]
[[-11,1,1,-5,-1,1],8068]
[[-48,72,-32,-1,-1,1],8070]
[[-94,64,12,-3,-1,1],8090]
[[23,40,-13,1,-1,1],8091]
[[169,39,19,8,-1,1],8101]
[[-3,18,1,11,-1,1],8103]
[[4,1,-2,15,-2,1],8108]
[[-24,-54,-39,-8,-1,1],8109]
[[81,54,-9,16,-2,1],8109]
[[18,-18,18,-7,-1,1],8118]
[[106,92,-2,19,-1,1],8118]
[[-302,239,-18,-18,0,1],8120]
[[-20,-45,-30,-1,-2,1],8120]
[[38,4,22,-11,-1,1],8126]
[[-172,45,-46,11,-1,1],8129]
[[-5,10,-14,-7,-2,1],8135]
[[50,-95,71,-17,-2,1],8135]
[[-32,28,-44,13,-2,1],8136]
[[6,-9,-6,10,0,1],8136]
[[240,-56,16,12,-2,1],8136]
[[-17,-26,-15,-5,0,1],8138]
[[192,32,8,4,-1,1],8140]
[[287,89,-22,-2,-1,1],8152]
[[6,12,-12,1,-1,1],8154]
[[46,28,-8,-5,-2,1],8154]
[[88,-130,94,-21,-2,1],8156]
[[19,12,-4,5,-1,1],8159]
[[-9,6,-14,7,0,1],8161]
[[-133,88,-27,1,0,1],8162]
[[-175,19,55,2,-2,1],8163]
[[-30,-34,-24,-13,-1,1],8170]
[[37,56,-21,27,0,1],8170]
[[165,23,16,12,-1,1],8172]
[[-131,53,11,-9,-1,1],8177]
[[-117,0,-69,7,-2,1],8190]
[[12,48,63,23,-1,1],8190]
[[48,-96,65,-10,-2,1],8193]
[[95,13,2,2,-1,1],8194]
[[113,-42,8,5,-2,1],8195]
[[117,-23,16,5,-1,1],8205]
[[-154,110,0,-7,-2,1],8206]
[[-16,34,-33,1,-2,1],8207]
[[48,6,-20,6,0,1],8208]
[[-180,27,39,-11,-2,1],8217]
[[12,9,33,-11,-2,1],8217]
[[-113,32,23,-13,-2,1],8226]
[[54,0,18,1,-1,1],8226]
[[161,62,2,-17,-1,1],8227]
[[511,132,-47,-19,0,1],8230]
[[-7,-4,-15,-1,-2,1],8234]
[[-55,20,-10,19,-2,1],8235]
[[82,44,-31,-3,-1,1],8236]
[[37,-12,1,8,-2,1],8239]
[[-38,73,-38,-5,-2,1],8244]
[[-90,171,-57,15,0,1],8253]
[[-71,106,-11,-2,-2,1],8253]
[[-32,45,-5,7,0,1],8253]
[[8,31,30,10,-2,1],8264]
[[10,37,-32,6,-2,1],8264]
[[136,14,-55,9,-1,1],8269]
[[44,121,-44,-6,0,1],8272]
[[-32,40,-44,7,-2,1],8280]
[[-30,75,-60,4,-2,1],8280]
[[-24,24,-21,1,-1,1],8280]
[[6,129,12,-14,-2,1],8280]
[[40,26,-28,14,-2,1],8280]
[[52,31,-38,10,-2,1],8280]
[[120,-20,16,0,-2,1],8280]
[[24,-71,72,-7,-2,1],8284]
[[-12,24,-26,5,-1,1],8286]
[[-52,94,-16,2,0,1],8296]
[[-371,-219,-53,-7,0,1],8305]
[[4,20,11,5,-2,1],8307]
[[12,3,0,-1,-1,1],8307]
[[-18,153,4,22,-2,1],8312]
[[-100,131,-83,-5,0,1],8323]
[[-186,133,-66,15,-2,1],8332]
[[176,67,26,4,-2,1],8333]
[[-45,9,30,22,-1,1],8334]
[[36,18,-3,1,-1,1],8334]
[[-112,43,-20,-24,0,1],8344]
[[120,-148,64,-8,-2,1],8344]
[[-168,124,-22,21,-1,1],8346]
[[-84,108,-68,11,-1,1],8346]
[[-128,-48,8,2,-2,1],8348]
[[-148,-11,42,3,-1,1],8353]
[[72,24,-10,2,-2,1],8358]
[[-36,68,-24,20,-1,1],8360]
[[-24,19,-4,-12,0,1],8360]
[[-15,-25,-25,-9,-1,1],8360]
[[-8,-1,6,3,-2,1],8360]
[[-102,93,-48,10,-2,1],8361]
[[-15,30,-15,13,-2,1],8370]
[[-8,15,-5,5,0,1],8375]
[[-3,-12,-19,-7,-2,1],8382]
[[23,26,-24,7,0,1],8385]
[[-427,56,1,3,-2,1],8386]
[[-128,68,-4,-7,-2,1],8388]
[[-171,102,-41,21,-2,1],8390]
[[-26,-14,-8,-1,0,1],8390]
[[-4,12,-32,16,-1,1],8392]
[[12,-7,23,-12,-1,1],8395]
[[192,144,-12,19,-1,1],8406]
[[-2,-13,-46,-18,0,1],8408]
[[39,37,24,0,-1,1],8408]
[[112,-132,73,-17,-1,1],8410]
[[-5,16,-17,-2,-2,1],8415]
[[-27,86,-55,21,-2,1],8442]
[[151,88,-38,-5,-2,1],8451]
[[56,9,14,-5,-2,1],8456]
[[-169,78,-41,15,-1,1],8459]
[[-75,35,-68,12,-1,1],8460]
[[-44,9,-14,13,0,1],8460]
[[-142,88,22,-13,-1,1],8466]
[[16,-24,-6,24,-1,1],8468]
[[11,19,0,9,-1,1],8471]
[[68,4,8,-11,-1,1],8478]
[[-1,4,-14,-7,0,1],8479]
[[61,116,-12,-13,-1,1],8479]
[[-13,67,5,22,-1,1],8481]
[[35,56,-74,21,-2,1],8491]
[[-30,19,10,-7,-1,1],8493]
[[227,-182,68,-5,-1,1],8493]
[[14,-34,58,-22,-1,1],8496]
[[-34,85,0,-5,0,1],8500]
[[-16,10,-50,-5,0,1],8500]
[[-101,53,8,-12,-1,1],8504]
[[-64,128,32,0,-1,1],8504]
[[149,70,-19,9,-1,1],8507]
[[-100,-20,-32,20,-1,1],8508]
[[-16,-40,-24,3,-1,1],8510]
[[-119,-2,25,7,-2,1],8514]
[[-340,4,40,-8,-1,1],8516]
[[233,-77,50,1,-1,1],8523]
[[6,49,-12,18,-2,1],8528]
[[-266,171,-15,-1,-2,1],8531]
[[-16,-25,-22,-9,-1,1],8533]
[[43,23,-27,13,0,1],8533]
[[117,-12,-2,11,-2,1],8533]
[[78,121,36,-22,-2,1],8536]
[[-21,-6,9,-2,-2,1],8541]
[[-63,30,-1,-12,0,1],8547]
[[-8,-11,10,14,-2,1],8548]
[[-32,-41,-10,7,0,1],8551]
[[90,29,0,14,-2,1],8552]
[[-139,-42,-39,3,-2,1],8558]
[[3,33,3,10,-1,1],8559]
[[-20,34,-24,10,-2,1],8560]
[[171,-35,-12,-4,-1,1],8560]
[[-121,-66,-4,-1,0,1],8561]
[[46,12,8,11,-1,1],8566]
[[-220,-92,-47,-2,-1,1],8567]
[[-152,44,8,8,-2,1],8568]
[[-150,165,-48,-2,-2,1],8568]
[[-136,-85,-34,-5,-2,1],8568]
[[-80,38,20,-10,-2,1],8568]
[[-57,-27,-9,-5,-1,1],8568]
[[-24,48,12,-8,-1,1],8568]
[[-6,14,-2,12,-1,1],8568]
[[11,-33,16,23,-1,1],8569]
[[154,54,16,-13,-1,1],8578]
[[-40,23,10,-6,-2,1],8584]
[[-22,38,-10,12,-1,1],8584]
[[101,-101,41,-6,-1,1],8585]
[[-135,0,45,1,-1,1],8595]
[[-15,21,-5,3,0,1],8595]
[[101,-64,5,4,-2,1],8595]
[[112,-12,28,2,-2,1],8596]
[[-50,12,-60,-25,-1,1],8602]
[[-53,-1,-27,-1,-2,1],8605]
[[-13,35,-7,12,-1,1],8605]
[[-11,-20,-21,18,-2,1],8605]
[[275,86,-53,-3,-2,1],8606]
[[27,54,-22,23,-2,1],8607]
[[-232,-180,-46,-7,-1,1],8614]
[[148,12,16,12,-1,1],8616]
[[-216,36,-46,12,0,1],8622]
[[-80,69,30,-9,-1,1],8627]
[[-49,49,-13,-2,-1,1],8631]
[[-16,-9,14,5,-2,1],8632]
[[117,-149,90,-21,-1,1],8633]
[[-58,46,10,-11,-1,1],8638]
[[48,-88,52,0,-2,1],8642]
[[-53,-38,-17,-11,-1,1],8645]
[[-160,56,-28,12,-1,1],8647]
[[18,-46,59,-7,-1,1],8648]
[[-5,32,-41,19,-1,1],8649]
[[148,-18,32,6,-2,1],8656]
[[11,-19,5,4,-1,1],8657]
[[153,14,8,15,-2,1],8659]
[[192,64,-32,8,-1,1],8664]
[[-89,-35,-31,-5,-2,1],8671]
[[27,-5,7,20,-1,1],8679]
[[40,30,0,14,-2,1],8680]
[[48,-40,16,12,-2,1],8680]
[[452,180,-24,-24,-1,1],8680]
[[60,18,43,-19,-1,1],8682]
[[18,29,8,9,-1,1],8687]
[[133,99,-8,-17,-1,1],8687]
[[-4,82,47,1,-1,1],8694]
[[272,104,20,-8,-2,1],8694]
[[-16,9,-18,3,-2,1],8696]
[[-19,12,5,-4,-2,1],8701]
[[139,100,-12,-9,-2,1],8701]
[[-40,-28,-14,-8,0,1],8702]
[[58,-38,8,21,-1,1],8702]
[[-120,158,-64,6,-2,1],8712]
[[21,3,3,7,-1,1],8712]
[[187,188,19,-21,-2,1],8714]
[[-6,-21,-24,1,-1,1],8721]
[[3,87,12,-11,-1,1],8721]
[[-239,143,-40,24,-1,1],8732]
[[-127,-11,9,15,-2,1],8737]
[[-51,17,0,2,-1,1],8738]
[[170,136,22,1,-1,1],8738]
[[-73,49,1,-1,-2,1],8739]
[[-7,28,-14,3,0,1],8743]
[[129,123,31,20,-1,1],8745]
[[-60,52,-18,13,0,1],8754]
[[13,29,25,-2,-1,1],8757]
[[261,202,3,-21,-1,1],8759]
[[-56,-53,-26,-14,-2,1],8760]
[[22,30,-2,12,-1,1],8760]
[[57,7,41,-15,-1,1],8760]
[[-135,-180,-99,-22,0,1],8765]
[[48,38,-27,5,-2,1],8765]
[[-380,74,-47,19,-1,1],8766]
[[1,40,-53,19,-2,1],8766]
[[16,4,-28,17,-2,1],8772]
[[96,-4,-8,16,0,1],8776]
[[-2,14,-50,-14,-1,1],8784]
[[-2,19,-9,4,-1,1],8789]
[[4,28,21,4,-2,1],8789]
[[-64,-12,-8,-8,0,1],8792]
[[-36,33,-14,15,-2,1],8792]
[[-1,14,-53,21,0,1],8798]
[[-147,42,-37,15,0,1],8802]
[[141,24,-39,13,-2,1],8802]
[[-20,16,-6,3,-1,1],8806]
[[-95,102,-26,21,-2,1],8809]
[[-9,36,0,13,0,1],8811]
[[81,-54,27,7,-1,1],8811]
[[-7,50,-35,2,0,1],8813]
[[266,73,0,-6,-2,1],8816]
[[72,27,-2,14,-2,1],8824]
[[-56,76,-16,-6,0,1],8828]
[[-63,-96,-41,-5,0,1],8834]
[[-51,57,0,-14,-1,1],8838]
[[-19,-22,11,13,-2,1],8838]
[[-36,-9,-8,8,0,1],8840]
[[24,33,6,-5,-2,1],8856]
[[75,-3,12,16,-1,1],8856]
[[-27,-60,-83,1,-1,1],8857]
[[342,-81,63,-1,-2,1],8865]
[[24,12,6,10,-2,1],8874]
[[-482,153,-62,27,-2,1],8876]
[[-39,26,-26,15,-2,1],8879]
[[4,3,34,5,-2,1],8888]
[[32,-22,0,2,-2,1],8888]
[[252,-8,9,11,-1,1],8888]
[[79,46,-3,13,0,1],8890]
[[87,75,45,1,-1,1],8892]
[[243,81,-27,15,-1,1],8892]
[[-260,-114,-71,-5,-1,1],8894]
[[-292,-34,-55,4,-2,1],8901]
[[-54,75,-39,6,-1,1],8901]
[[39,16,23,3,-1,1],8901]
[[-104,135,-50,7,0,1],8917]
[[99,84,-4,-15,0,1],8919]
[[88,43,-2,-10,-2,1],8920]
[[37,96,11,-17,-2,1],8926]
[[-13,6,-2,7,0,1],8927]
[[-285,-200,-95,-13,0,1],8930]
[[-88,-56,-42,-6,-2,1],8930]
[[-108,-81,-9,3,0,1],8937]
[[21,-6,3,4,-2,1],8937]
[[72,100,-6,23,-1,1],8938]
[[24,28,-2,12,0,1],8942]
[[300,50,-15,-10,-2,1],8945]
[[-44,50,-5,-11,-1,1],8946]
[[-16,16,20,1,-1,1],8946]
[[-69,24,-1,18,0,1],8949]
[[-18,36,60,15,-2,1],8958]
[[-21,9,-23,9,0,1],8961]
[[192,-48,-14,-3,0,1],8964]
[[-168,31,-30,-9,-2,1],8968]
[[116,6,-11,2,-2,1],8977]
[[28,92,27,-10,-1,1],8981]
[[-218,20,16,19,-1,1],8982]
[[-104,176,-18,26,-1,1],8984]
[[201,9,17,11,-2,1],8985]
[[-6,28,-23,5,-1,1],8988]
[[-40,4,6,0,-2,1],8990]
[[-304,-15,-40,10,0,1],9000]
[[-128,120,-40,20,0,1],9000]
[[-54,135,-20,15,0,1],9000]
[[102,-45,-30,10,0,1],9000]
[[128,60,-40,10,0,1],9000]
[[-47,19,-12,0,-1,1],9004]
[[-1,-1,-15,-6,-1,1],9005]
[[52,69,17,-11,-2,1],9005]
[[-199,70,-55,-11,-1,1],9009]
[[27,43,18,8,-1,1],9010]
[[100,86,13,-11,-1,1],9018]
[[-34,187,17,-26,-1,1],9027]
[[-145,-31,30,2,-1,1],9032]
[[-58,-42,-29,1,-1,1],9032]
[[-32,39,-18,3,-2,1],9032]
[[17,-23,16,5,-1,1],9035]
[[165,-150,66,-5,-2,1],9045]
[[99,84,3,-15,-2,1],9054]
[[78,82,-30,-7,0,1],9058]
[[-20,10,20,-1,-2,1],9060]
[[4,13,16,1,-1,1],9061]
[[62,-106,68,-17,-1,1],9062]
[[-64,78,-8,-10,-2,1],9064]
[[31,25,30,10,-1,1],9064]
[[-8,-3,6,14,-2,1],9076]
[[176,-31,-24,-2,0,1],9080]
[[-9,28,-26,15,-2,1],9081]
[[-274,-127,30,5,-2,1],9085]
[[-93,34,-22,-1,-2,1],9085]
[[-84,36,0,-11,-2,1],9090]
[[80,-104,28,8,-2,1],9090]
[[72,81,-16,22,0,1],9095]
[[12,11,-17,1,0,1],9097]
[[99,19,9,12,-1,1],9101]
[[292,115,-26,4,-2,1],9105]
[[189,13,17,15,-1,1],9108]
[[23,34,15,-9,-2,1],9110]
[[16,43,-22,26,-2,1],9112]
[[84,25,-16,-1,0,1],9116]
[[67,38,16,7,-1,1],9117]
[[232,-163,55,16,-1,1],9117]
[[-63,66,-44,9,-2,1],9121]
[[-470,253,-32,-2,-2,1],9128]
[[-216,-7,-32,10,0,1],9128]
[[-239,29,16,-11,-1,1],9135]
[[-216,158,-4,-14,0,1],9136]
[[-364,173,11,-12,-1,1],9139]
[[-56,28,-2,3,-2,1],9142]
[[-34,-47,-44,-22,-2,1],9144]
[[191,105,18,11,-1,1],9155]
[[-121,49,25,-11,-1,1],9160]
[[160,64,-32,1,-2,1],9162]
[[363,209,-18,-25,-1,1],9167]
[[19,3,-3,-3,-1,1],9172]
[[92,44,8,4,-1,1],9172]
[[81,-156,105,-23,-2,1],9174]
[[262,-87,28,2,-2,1],9176]
[[-49,-31,-27,1,0,1],9177]
[[37,5,13,7,-1,1],9180]
[[16,96,74,9,-2,1],9188]
[[51,-35,8,12,-1,1],9192]
[[28,2,27,-4,-2,1],9193]
[[-207,99,15,-9,-2,1],9195]
[[-8,91,-8,25,-2,1],9195]
[[-17,34,-6,19,-2,1],9197]
[[-4,-20,-28,7,-1,1],9198]
[[218,88,44,-5,-1,1],9198]
[[124,-162,93,-9,-1,1],9202]
[[-113,99,13,-15,-1,1],9204]
[[-291,-69,-66,1,-1,1],9207]
[[3,96,-23,-12,0,1],9207]
[[-75,-80,-65,-9,-2,1],9210]
[[-39,40,-33,-8,0,1],9219]
[[-240,184,-60,-4,0,1],9230]
[[7,107,-71,16,-1,1],9231]
[[150,158,2,-22,-1,1],9232]
[[-250,-25,-30,10,0,1],9240]
[[-181,145,-8,8,-1,1],9240]
[[35,-31,10,-1,-1,1],9243]
[[-81,78,-15,1,-2,1],9246]
[[-144,124,-24,6,0,1],9256]
[[-76,-17,-18,-2,-2,1],9256]
[[-84,24,-36,11,-1,1],9270]
[[182,116,32,-5,-2,1],9270]
[[-9,4,1,5,-1,1],9273]
[[9,45,15,9,-2,1],9273]
[[96,36,-2,17,-1,1],9273]
[[-311,154,-8,-5,-2,1],9279]
[[-128,108,25,-13,-1,1],9281]
[[-17,64,-42,21,-2,1],9287]
[[82,-17,28,4,-2,1],9288]
[[44,43,-2,-11,-1,1],9293]
[[28,-78,80,-22,-2,1],9296]
[[-49,-14,-7,7,-1,1],9303]
[[104,-47,22,3,-2,1],9304]
[[71,19,5,11,-1,1],9307]
[[-16,16,-25,9,-1,1],9316]
[[-24,-14,-43,-18,-1,1],9321]
[[17,34,17,-11,-1,1],9333]
[[-10,14,-6,-7,-1,1],9338]
[[-154,26,14,7,-2,1],9342]
[[-60,6,-15,7,-1,1],9342]
[[-22,46,2,1,-1,1],9342]
[[112,-21,-2,3,-2,1],9352]
[[63,-24,-35,15,0,1],9354]
[[-200,200,-20,-8,-1,1],9360]
[[-96,216,-48,4,0,1],9360]
[[-34,-26,-34,-14,-1,1],9360]
[[143,113,10,-10,-1,1],9360]
[[-177,80,-39,20,-2,1],9361]
[[-9,41,20,0,-1,1],9368]
[[47,9,-38,14,-1,1],9368]
[[264,-120,-2,-3,0,1],9369]
[[63,-100,61,-13,-2,1],9370]
[[-36,24,-6,9,-1,1],9378]
[[38,69,-28,18,-2,1],9384]
[[-168,87,-30,16,-2,1],9387]
[[128,89,-4,-5,-1,1],9389]
[[11,4,-13,7,-1,1],9405]
[[45,0,-24,3,0,1],9405]
[[-5,6,-15,8,-2,1],9407]
[[-6,8,4,7,-2,1],9410]
[[111,-91,32,-3,-1,1],9415]
[[201,73,4,2,-1,1],9422]
[[198,27,-78,12,0,1],9423]
[[-21,49,31,21,-2,1],9429]
[[-113,35,-22,12,-1,1],9430]
[[-96,80,-4,-7,-1,1],9430]
[[-24,-12,12,10,-2,1],9432]
[[33,-21,36,-16,-1,1],9432]
[[48,24,0,20,-2,1],9432]
[[3,49,-33,17,0,1],9435]
[[-25,11,-5,2,-1,1],9441]
[[-392,189,54,-25,-2,1],9443]
[[-16,240,61,3,-1,1],9445]
[[296,155,17,19,-2,1],9447]
[[-20,-41,-10,13,-2,1],9448]
[[36,12,-40,12,-1,1],9448]
[[22,-6,44,-19,-1,1],9454]
[[20,36,-2,-1,-1,1],9458]
[[-253,204,-22,-9,-2,1],9465]
[[-9,6,-19,17,-2,1],9474]
[[22,19,8,-4,-2,1],9480]
[[149,-21,-19,12,-2,1],9483]
[[-5,-14,-27,-2,-2,1],9485]
[[-42,36,-30,19,-1,1],9486]
[[-14,-20,-8,7,-2,1],9486]
[[658,-356,100,-5,-2,1],9486]
[[-156,50,16,-10,-2,1],9488]
[[-83,28,-32,13,-2,1],9495]
[[-48,-9,-51,1,0,1],9495]
[[-32,46,-20,14,-2,1],9496]
[[-64,-8,17,1,-1,1],9498]
[[-10,25,-30,10,0,1],9500]
[[-1,41,-43,13,-2,1],9513]
[[-303,44,18,11,-2,1],9515]
[[155,217,35,8,-1,1],9517]
[[-52,-79,-44,-8,0,1],9520]
[[9,2,27,-7,-1,1],9529]
[[-60,40,-10,12,-1,1],9540]
[[-43,187,-52,4,-1,1],9540]
[[-168,39,-26,15,0,1],9549]
[[9,-35,37,-3,-2,1],9549]
[[96,-72,48,-14,-1,1],9549]
[[107,65,35,10,-2,1],9549]
[[-486,81,36,-12,-2,1],9552]
[[-18,25,-16,8,-2,1],9552]
[[287,129,27,-10,-1,1],9557]
[[-104,64,12,-8,-1,1],9560]
[[-63,27,-15,21,0,1],9567]
[[-248,277,-6,-18,-2,1],9572]
[[237,117,-43,-15,0,1],9573]
[[-180,18,-24,6,0,1],9576]
[[-114,-57,0,4,-2,1],9576]
[[-14,-19,8,14,-2,1],9576]
[[-6,3,-22,-6,0,1],9576]
[[-6,53,-16,6,-2,1],9576]
[[2,87,-58,10,0,1],9576]
[[216,51,6,-6,-2,1],9576]
[[-41,129,-26,18,-1,1],9588]
[[39,31,-1,-4,-1,1],9589]
[[169,-13,-33,2,-1,1],9589]
[[9,30,-15,4,-2,1],9591]
[[-156,41,-4,10,0,1],9592]
[[-100,-51,-44,-2,0,1],9592]
[[-139,128,-55,13,-2,1],9594]
[[8,69,-35,11,-2,1],9595]
[[59,19,-1,4,-2,1],9607]
[[-108,99,-30,2,-2,1],9608]
[[-47,19,-11,-8,-2,1],9609]
[[-108,60,-22,17,0,1],9614]
[[-90,18,-12,9,-1,1],9618]
[[-30,21,-24,-14,-2,1],9621]
[[-93,-50,-5,0,0,1],9625]
[[49,70,-11,13,-2,1],9630]
[[30,71,41,2,-1,1],9635]
[[-9,36,-5,13,-1,1],9641]
[[18,-54,56,-17,-1,1],9646]
[[-60,81,-52,18,0,1],9648]
[[-49,73,20,4,-1,1],9648]
[[72,115,39,-1,-2,1],9655]
[[-239,107,-55,21,-1,1],9656]
[[-100,25,-35,10,-1,1],9665]
[[-26,14,4,7,-1,1],9666]
[[392,-208,62,-8,-1,1],9676]
[[65,18,-4,1,0,1],9677]
[[-85,-47,-12,4,-1,1],9688]
[[87,-23,12,8,-1,1],9688]
[[66,-79,46,-11,-2,1],9689]
[[68,-68,34,-1,-1,1],9690]
[[-25,-23,-1,1,-1,1],9693]
[[-24,33,-24,1,-1,1],9693]
[[-3,-12,-25,-12,0,1],9693]
[[6,295,10,-31,-1,1],9699]
[[-57,-81,-62,-16,-1,1],9714]
[[-264,-53,48,11,-1,1],9721]
[[-31,-74,-38,9,0,1],9721]
[[-27,46,47,20,-2,1],9723]
[[-56,92,2,-3,-1,1],9727]
[[-206,65,52,-5,-1,1],9729]
[[115,-46,46,-11,-1,1],9729]
[[87,19,-42,11,-1,1],9731]
[[-72,-35,-45,5,0,1],9735]
[[-208,-12,-16,8,0,1],9736]
[[136,234,-48,2,-2,1],9736]
[[48,72,12,-11,-1,1],9738]
[[-104,-92,8,20,-2,1],9744]
[[115,-24,-6,-1,-2,1],9749]
[[-132,-58,-40,-2,0,1],9752]
[[6,38,3,17,-1,1],9752]
[[-66,48,-15,13,-1,1],9756]
[[180,-24,42,0,-1,1],9756]
[[10,-7,0,5,-1,1],9761]
[[437,33,-65,-1,-1,1],9763]
[[112,-80,10,5,-2,1],9772]
[[63,-90,39,0,-2,1],9777]
[[265,101,7,-2,-1,1],9783]
[[31,45,-27,6,-1,1],9785]
[[-51,22,9,-4,-2,1],9805]
[[-5,-20,-65,13,-2,1],9810]
[[299,84,-31,-17,0,1],9810]
[[64,-128,103,-25,-2,1],9815]
[[253,94,29,-1,-2,1],9822]
[[116,78,-28,-10,0,1],9832]
[[180,169,-20,-22,0,1],9832]
[[-23,34,-7,4,-2,1],9835]
[[-201,125,-32,21,-1,1],9837]
[[-61,-15,-31,3,-1,1],9844]
[[-4,46,-55,19,-1,1],9846]
[[146,10,-19,11,-1,1],9848]
[[-67,114,-31,28,-2,1],9851]
[[-144,90,-27,16,-1,1],9855]
[[185,235,65,-8,-1,1],9855]
[[-76,16,11,-11,-1,1],9864]
[[-36,18,-4,6,0,1],9864]
[[-30,-43,-40,-18,-2,1],9864]
[[20,8,7,-7,-1,1],9864]
[[-77,149,-72,8,-1,1],9872]
[[6,22,18,2,-1,1],9872]
[[-14,41,-50,19,-1,1],9873]
[[-96,4,-60,5,0,1],9876]
[[26,-13,12,-4,-2,1],9880]
[[1,20,4,15,-2,1],9889]
[[-24,44,-54,-11,-1,1],9890]
[[6,38,26,17,-1,1],9890]
[[74,13,12,7,-1,1],9893]
[[70,34,-10,19,-2,1],9902]
[[-104,12,-34,8,0,1],9906]
[[131,22,10,13,-1,1],9907]
[[-37,38,8,19,-2,1],9909]
[[44,46,17,-7,-1,1],9910]
[[-42,58,10,-4,-1,1],9912]
[[90,36,6,13,-2,1],9918]
[[-413,-105,-61,11,0,1],9933]
[[-193,-71,-16,-8,-1,1],9936]
[[11,13,8,-8,-1,1],9936]
[[-112,-60,-44,2,-2,1],9940]
[[4,-3,8,5,-2,1],9940]
[[-403,-78,-41,-16,0,1],9945]
[[74,12,-8,21,-1,1],9946]
[[-64,-41,-53,-1,0,1],9953]
[[-210,-42,12,13,-1,1],9954]
[[-189,72,-21,15,0,1],9954]
[[-140,-14,17,-7,-1,1],9954]
[[-67,-36,-35,-4,-2,1],9955]
[[-179,-2,17,25,-2,1],9958]
[[75,116,27,-11,-1,1],9959]
[[-164,62,-36,22,0,1],9960]
[[20,236,21,12,-1,1],9965]
[[-206,-64,10,1,-1,1],9966]
[[192,-64,52,0,-2,1],9970]
[[36,-20,48,12,-1,1],9976]
[[135,-51,32,8,-1,1],9976]
[[-25,-47,-37,-11,-1,1],9981]
[[118,268,30,-17,-1,1],9982]
[[-3,-15,-41,-15,0,1],9999]
[[216,10,-20,-10,0,1],10000]
[0,0]
