#17
8x8
3 4 4 4 0 0 0 0 
7 3 4 3 4 3 4 4 
3 2 1 2 0 0 0 0 
4 1 2 1 2 0 0 0 
6 3 4 3 4 4 4 0 
4 4 3 4 3 0 0 0 
6 4 3 4 4 3 4 0 
1 192 0 0 0 0 0 0
8x8
3 4 4 4 0 0 0 0 
7 3 4 3 4 3 4 4 
1 2 0 0 0 0 0 0 
4 1 2 1 2 0 0 0 
6 3 4 3 4 4 4 0 
4 4 3 4 3 0 0 0 
6 4 3 4 4 3 4 0 
1 192 0 0 0 0 0 0
8x8
3 4 4 4 0 0 0 0 
7 3 4 3 4 3 4 4 
2 2 1 0 0 0 0 0 
4 1 2 1 2 0 0 0 
6 3 4 3 4 4 4 0 
4 4 3 4 3 0 0 0 
6 4 3 4 4 3 4 0 
1 192 0 0 0 0 0 0
8x7
3 4 4 4 0 0 0 
3 2 1 2 0 0 0 
1 2 0 0 0 0 0 
4 1 2 1 2 0 0 
6 3 4 3 4 4 4 
4 4 3 4 3 0 0 
6 4 3 4 4 3 4 
1 192 0 0 0 0 0
8x9
3 4 4 4 0 0 0 0 0 
8 2 3 4 3 4 3 4 4 
3 2 1 2 0 0 0 0 0 
4 1 2 1 2 0 0 0 0 
6 3 4 3 4 4 4 0 0 
4 4 3 4 3 0 0 0 0 
6 4 3 4 4 3 4 0 0 
1 192 0 0 0 0 0 0 0
8x11
3 4 4 4 0 0 0 0 0 0 0 
10 2 1 2 3 4 3 4 3 4 4 
1 2 0 0 0 0 0 0 0 0 0 
4 1 2 1 2 0 0 0 0 0 0 
6 3 4 3 4 4 4 0 0 0 0 
4 4 3 4 3 0 0 0 0 0 0 
6 4 3 4 4 3 4 0 0 0 0 
1 192 0 0 0 0 0 0 0 0 0
8x9
3 4 4 4 0 0 0 0 0 
8 2 3 4 3 4 3 4 4 
2 2 1 0 0 0 0 0 0 
4 1 2 1 2 0 0 0 0 
6 3 4 3 4 4 4 0 0 
4 4 3 4 3 0 0 0 0 
6 4 3 4 4 3 4 0 0 
1 192 0 0 0 0 0 0 0
8x8
7 3 4 3 4 3 4 4 
3 2 1 2 0 0 0 0 
1 2 0 0 0 0 0 0 
4 1 2 1 2 0 0 0 
6 3 4 3 4 4 4 0 
4 4 3 4 3 0 0 0 
6 4 3 4 4 3 4 0 
1 192 0 0 0 0 0 0
8x8
4 2 4 4 4 0 0 0 
7 3 4 3 4 3 4 4 
3 2 1 2 0 0 0 0 
4 1 2 1 2 0 0 0 
6 3 4 3 4 4 4 0 
4 4 3 4 3 0 0 0 
6 4 3 4 4 3 4 0 
1 192 0 0 0 0 0 0
8x8
6 2 1 2 4 4 4 0 
7 3 4 3 4 3 4 4 
1 2 0 0 0 0 0 0 
4 1 2 1 2 0 0 0 
6 3 4 3 4 4 4 0 
4 4 3 4 3 0 0 0 
6 4 3 4 4 3 4 0 
1 192 0 0 0 0 0 0
8x8
4 2 4 4 4 0 0 0 
7 3 4 3 4 3 4 4 
2 2 1 0 0 0 0 0 
4 1 2 1 2 0 0 0 
6 3 4 3 4 4 4 0 
4 4 3 4 3 0 0 0 
6 4 3 4 4 3 4 0 
1 192 0 0 0 0 0 0
8x7
4 4 4 3 4 0 0 
3 2 1 2 0 0 0 
1 2 0 0 0 0 0 
4 1 2 1 2 0 0 
6 3 4 3 4 4 4 
4 4 3 4 3 0 0 
6 4 3 4 4 3 4 
1 192 0 0 0 0 0
8x9
4 2 4 4 4 0 0 0 0 
8 2 3 4 3 4 3 4 4 
3 2 1 2 0 0 0 0 0 
4 1 2 1 2 0 0 0 0 
6 3 4 3 4 4 4 0 0 
4 4 3 4 3 0 0 0 0 
6 4 3 4 4 3 4 0 0 
1 192 0 0 0 0 0 0 0
8x11
6 2 1 2 4 4 4 0 0 0 0 
10 2 1 2 3 4 3 4 3 4 4 
1 2 0 0 0 0 0 0 0 0 0 
4 1 2 1 2 0 0 0 0 0 0 
6 3 4 3 4 4 4 0 0 0 0 
4 4 3 4 3 0 0 0 0 0 0 
6 4 3 4 4 3 4 0 0 0 0 
1 192 0 0 0 0 0 0 0 0 0
8x9
4 2 4 4 4 0 0 0 0 
8 2 3 4 3 4 3 4 4 
2 2 1 0 0 0 0 0 0 
4 1 2 1 2 0 0 0 0 
6 3 4 3 4 4 4 0 0 
4 4 3 4 3 0 0 0 0 
6 4 3 4 4 3 4 0 0 
1 192 0 0 0 0 0 0 0
8x8
3 4 4 4 0 0 0 0 
7 3 4 3 4 3 4 4 
3 2 1 2 0 0 0 0 
1 2 0 0 0 0 0 0 
4 1 2 1 2 0 0 0 
4 4 3 4 3 0 0 0 
6 4 3 4 4 3 4 0 
3 128 0 0 0 0 0 0
7x8
3 4 4 4 0 0 0 0 
7 3 4 3 4 3 4 4 
3 2 1 2 0 0 0 0 
1 2 0 0 0 0 0 0 
4 1 2 1 2 0 0 0 
6 3 4 3 4 4 4 0 
4 96 0 0 0 0 0 0
