#3
4x7
5 2 1 1 2 1 0 
6 1 2 1 1 2 1 
4 1 2 1 2 0 0 
1 12 0 0 0 0 0
4x7
1 2 0 0 0 0 0 
6 1 2 1 1 2 1 
4 1 2 1 2 0 0 
3 8 0 0 0 0 0
3x6
1 2 0 0 0 0 
5 2 1 1 2 1 
4 6 0 0 0 0
#3 1 1 0
0 1 min.44 2 1 0
1 3 min.28 1 1 0
2 4 min.38 2 3 0
#3 1 1 1
0 1 min.44 2 1 2
1 3 min.28 1 1 2
2 4 min.38 2 3 1
#3 1 1 2
0 1 min.44 2 1 2
1 3 min.28 1 1 0
2 4 min.38 2 3 2
#3 1 1 3
0 1 min.44 2 1 0
1 3 min.28 1 1 2
2 4 min.38 2 3 3
#3 1 2 0
0 1 min.44 2 2 0
1 3 min.28 1 5 0
2 4 min.38 2 4 0
#3 1 2 1
0 1 min.44 2 2 1
1 3 min.28 1 5 0
2 4 min.38 2 4 1
#3 2 1 0
0 1 min.44 1 1 0
1 3 min.28 1 3 0
2 4 min.38 2 3 0
#3 2 1 1
0 1 min.44 1 1 1
1 3 min.28 1 3 2
2 4 min.38 2 3 1
#3 2 1 2
0 1 min.44 1 1 2
1 3 min.28 1 3 0
2 4 min.38 2 3 2
#3 2 1 3
0 1 min.44 1 1 3
1 3 min.28 1 3 2
2 4 min.38 2 3 3
#3 2 2 0
0 1 min.44 1 2 0
1 3 min.28 1 6 0
2 4 min.38 2 4 0
#3 2 2 1
0 1 min.44 1 2 2
1 3 min.28 1 6 0
2 4 min.38 2 4 1
#3 3 1 0
0 1 min.44 3 1 0
1 3 min.28 1 2 0
2 4 min.38 2 3 0
#3 3 1 1
0 1 min.44 3 1 1
1 3 min.28 1 2 2
2 4 min.38 2 3 1
#3 3 1 2
0 1 min.44 3 1 1
1 3 min.28 1 2 0
2 4 min.38 2 3 2
#3 3 1 3
0 1 min.44 3 1 0
1 3 min.28 1 2 2
2 4 min.38 2 3 3
