#7
3x2
1 3 
1 2 
1 4
3x2
1 3 
1 1 
1 4
3x3
1 3 0 
2 1 2 
1 4 0
3x2
1 2 
1 1 
1 4
3x3
2 1 3 
1 2 0 
1 4 0
3x3
2 2 3 
1 1 0 
1 4 0
3x3
2 1 3 
2 1 2 
1 4 0
#3 1 1 0
0 1 min.22 1 1 0
1 3 min.21 1 1 0
2 3 min.19 1 1 0
#5 1 1 1
0 1 min.22 1 1 0
1 1 min.21 1 1 4
2 1 min.19 1 1 0
3 2 min.21 1 1 1
4 2 min.19 1 1 1
#5 1 1 10
0 1 min.22 1 1 1
1 2 min.21 1 1 1
2 2 min.19 1 1 0
3 1 min.21 1 1 12
4 1 min.19 1 1 4
#3 1 1 104
0 1 min.22 1 1 11
1 3 min.21 1 1 8
2 3 min.19 1 1 7
#5 1 1 105
0 1 min.22 1 1 11
1 1 min.21 1 1 12
2 1 min.19 1 1 7
3 2 min.21 1 1 9
4 2 min.19 1 1 5
#5 1 1 107
0 1 min.22 1 1 11
1 2 min.21 1 1 13
2 2 min.19 1 1 5
5 1 min.21 1 1 9
6 1 min.19 1 1 4
#7 1 1 11
0 1 min.22 1 1 1
1 1 min.21 1 1 5
2 1 min.19 1 1 0
3 1 min.21 1 1 13
4 1 min.19 1 1 5
5 1 min.21 1 1 1
6 1 min.19 1 1 1
#3 1 1 111
0 1 min.22 1 1 11
1 3 min.21 1 1 13
2 3 min.19 1 1 4
#5 1 1 120
0 1 min.22 1 1 15
1 1 min.21 1 1 8
2 1 min.19 1 1 7
3 2 min.21 1 1 24
4 2 min.19 1 1 7
#5 1 1 121
0 1 min.22 1 1 15
1 1 min.21 1 1 12
2 1 min.19 1 1 7
3 2 min.21 1 1 25
4 2 min.19 1 1 5
#7 1 1 122
0 1 min.22 1 1 15
1 1 min.21 1 1 9
2 1 min.19 1 1 5
3 1 min.21 1 1 28
4 1 min.19 1 1 7
5 1 min.21 1 1 25
6 1 min.19 1 1 5
#7 1 1 123
0 1 min.22 1 1 15
1 1 min.21 1 1 13
2 1 min.19 1 1 5
3 1 min.21 1 1 29
4 1 min.19 1 1 5
5 1 min.21 1 1 25
6 1 min.19 1 1 4
#5 1 1 126
0 1 min.22 1 1 15
1 1 min.21 1 1 9
2 1 min.19 1 1 4
3 2 min.21 1 1 29
4 2 min.19 1 1 5
#5 1 1 127
0 1 min.22 1 1 15
1 1 min.21 1 1 13
2 1 min.19 1 1 4
3 2 min.21 1 1 29
4 2 min.19 1 1 4
#5 1 1 13
0 1 min.22 1 1 1
1 2 min.21 1 1 5
2 2 min.19 1 1 3
3 1 min.21 1 1 9
4 1 min.19 1 1 7
#5 1 1 15
0 1 min.22 1 1 1
1 2 min.21 1 1 5
2 2 min.19 1 1 1
3 1 min.21 1 1 13
4 1 min.19 1 1 7
#5 1 1 16
0 1 min.22 1 1 4
1 1 min.21 1 1 0
2 1 min.19 1 1 0
3 2 min.21 1 1 16
4 2 min.19 1 1 4
#5 1 1 17
0 1 min.22 1 1 4
1 1 min.21 1 1 4
2 1 min.19 1 1 0
3 2 min.21 1 1 17
4 2 min.19 1 1 5
#7 1 1 18
0 1 min.22 1 1 4
1 1 min.21 1 1 1
2 1 min.19 1 1 1
3 1 min.21 1 1 20
4 1 min.19 1 1 4
5 1 min.21 1 1 17
6 1 min.19 1 1 5
#7 1 1 19
0 1 min.22 1 1 4
1 1 min.21 1 1 5
2 1 min.19 1 1 1
3 1 min.21 1 1 21
4 1 min.19 1 1 5
5 1 min.21 1 1 17
6 1 min.19 1 1 7
#5 1 1 22
0 1 min.22 1 1 4
1 1 min.21 1 1 1
2 1 min.19 1 1 3
3 2 min.21 1 1 21
4 2 min.19 1 1 5
#5 1 1 23
0 1 min.22 1 1 4
1 1 min.21 1 1 5
2 1 min.19 1 1 3
3 2 min.21 1 1 21
4 2 min.19 1 1 7
#7 1 1 24
0 1 min.22 1 1 5
1 1 min.21 1 1 0
2 1 min.19 1 1 1
3 1 min.21 1 1 24
4 1 min.19 1 1 4
5 1 min.21 1 1 16
6 1 min.19 1 1 5
#7 1 1 25
0 1 min.22 1 1 5
1 1 min.21 1 1 4
2 1 min.19 1 1 1
3 1 min.21 1 1 25
4 1 min.19 1 1 5
5 1 min.21 1 1 17
6 1 min.19 1 1 7
#7 1 1 26
0 1 min.22 1 1 5
1 1 min.21 1 1 1
2 1 min.19 1 1 0
3 1 min.21 1 1 28
4 1 min.19 1 1 4
5 1 min.21 1 1 17
6 1 min.19 1 1 4
#7 1 1 27
0 1 min.22 1 1 5
1 1 min.21 1 1 5
2 1 min.19 1 1 0
3 1 min.21 1 1 29
4 1 min.19 1 1 5
5 1 min.21 1 1 17
6 1 min.19 1 1 5
#7 1 1 28
0 1 min.22 1 1 5
1 1 min.21 1 1 1
2 1 min.19 1 1 3
3 1 min.21 1 1 25
4 1 min.19 1 1 5
5 1 min.21 1 1 20
6 1 min.19 1 1 5
#7 1 1 29
0 1 min.22 1 1 5
1 1 min.21 1 1 5
2 1 min.19 1 1 3
3 1 min.21 1 1 25
4 1 min.19 1 1 7
5 1 min.21 1 1 21
6 1 min.19 1 1 7
#5 1 1 3
0 1 min.22 1 1 0
1 2 min.21 1 1 5
2 2 min.19 1 1 1
5 1 min.21 1 1 1
6 1 min.19 1 1 3
#7 1 1 30
0 1 min.22 1 1 5
1 1 min.21 1 1 1
2 1 min.19 1 1 1
3 1 min.21 1 1 29
4 1 min.19 1 1 5
5 1 min.21 1 1 21
6 1 min.19 1 1 4
#7 1 1 31
0 1 min.22 1 1 5
1 1 min.21 1 1 5
2 1 min.19 1 1 1
3 1 min.21 1 1 29
4 1 min.19 1 1 7
5 1 min.21 1 1 21
6 1 min.19 1 1 5
#5 1 1 40
0 1 min.22 1 1 3
1 1 min.21 1 1 0
2 1 min.19 1 1 3
3 2 min.21 1 1 8
4 2 min.19 1 1 5
#5 1 1 41
0 1 min.22 1 1 3
1 1 min.21 1 1 4
2 1 min.19 1 1 3
3 2 min.21 1 1 9
4 2 min.19 1 1 7
#7 1 1 42
0 1 min.22 1 1 3
1 1 min.21 1 1 1
2 1 min.19 1 1 1
3 1 min.21 1 1 12
4 1 min.19 1 1 5
5 1 min.21 1 1 9
6 1 min.19 1 1 4
#7 1 1 43
0 1 min.22 1 1 3
1 1 min.21 1 1 5
2 1 min.19 1 1 1
3 1 min.21 1 1 13
4 1 min.19 1 1 7
5 1 min.21 1 1 9
6 1 min.19 1 1 5
#5 1 1 46
0 1 min.22 1 1 3
1 1 min.21 1 1 1
2 1 min.19 1 1 0
3 2 min.21 1 1 13
4 2 min.19 1 1 4
#5 1 1 47
0 1 min.22 1 1 3
1 1 min.21 1 1 5
2 1 min.19 1 1 0
3 2 min.21 1 1 13
4 2 min.19 1 1 5
#5 1 1 56
0 1 min.22 1 1 7
1 1 min.21 1 1 0
2 1 min.19 1 1 3
3 2 min.21 1 1 24
4 2 min.19 1 1 5
#5 1 1 57
0 1 min.22 1 1 7
1 1 min.21 1 1 4
2 1 min.19 1 1 3
3 2 min.21 1 1 25
4 2 min.19 1 1 7
#7 1 1 58
0 1 min.22 1 1 7
1 1 min.21 1 1 1
2 1 min.19 1 1 1
3 1 min.21 1 1 28
4 1 min.19 1 1 5
5 1 min.21 1 1 25
6 1 min.19 1 1 4
#7 1 1 59
0 1 min.22 1 1 7
1 1 min.21 1 1 5
2 1 min.19 1 1 1
3 1 min.21 1 1 29
4 1 min.19 1 1 7
5 1 min.21 1 1 25
6 1 min.19 1 1 5
#5 1 1 62
0 1 min.22 1 1 7
1 1 min.21 1 1 1
2 1 min.19 1 1 0
3 2 min.21 1 1 29
4 2 min.19 1 1 4
#5 1 1 63
0 1 min.22 1 1 7
1 1 min.21 1 1 5
2 1 min.19 1 1 0
3 2 min.21 1 1 29
4 2 min.19 1 1 5
#3 1 1 7
0 1 min.22 1 1 0
1 3 min.21 1 1 5
2 3 min.19 1 1 3
#5 1 1 8
0 1 min.22 1 1 1
1 2 min.21 1 1 0
2 2 min.19 1 1 1
3 1 min.21 1 1 8
4 1 min.19 1 1 4
#5 1 1 80
0 1 min.22 1 1 12
1 1 min.21 1 1 8
2 1 min.19 1 1 4
3 2 min.21 1 1 16
4 2 min.19 1 1 5
#5 1 1 81
0 1 min.22 1 1 12
1 1 min.21 1 1 12
2 1 min.19 1 1 4
3 2 min.21 1 1 17
4 2 min.19 1 1 4
#7 1 1 82
0 1 min.22 1 1 12
1 1 min.21 1 1 9
2 1 min.19 1 1 5
3 1 min.21 1 1 20
4 1 min.19 1 1 5
5 1 min.21 1 1 17
6 1 min.19 1 1 7
#7 1 1 83
0 1 min.22 1 1 12
1 1 min.21 1 1 13
2 1 min.19 1 1 5
3 1 min.21 1 1 21
4 1 min.19 1 1 4
5 1 min.21 1 1 17
6 1 min.19 1 1 5
#5 1 1 86
0 1 min.22 1 1 12
1 1 min.21 1 1 9
2 1 min.19 1 1 7
3 2 min.21 1 1 21
4 2 min.19 1 1 7
#5 1 1 87
0 1 min.22 1 1 12
1 1 min.21 1 1 13
2 1 min.19 1 1 7
3 2 min.21 1 1 21
4 2 min.19 1 1 5
#7 1 1 88
0 1 min.22 1 1 13
1 1 min.21 1 1 8
2 1 min.19 1 1 5
3 1 min.21 1 1 24
4 1 min.19 1 1 5
5 1 min.21 1 1 16
6 1 min.19 1 1 7
#7 1 1 89
0 1 min.22 1 1 13
1 1 min.21 1 1 12
2 1 min.19 1 1 5
3 1 min.21 1 1 25
4 1 min.19 1 1 4
5 1 min.21 1 1 17
6 1 min.19 1 1 5
#7 1 1 9
0 1 min.22 1 1 1
1 1 min.21 1 1 4
2 1 min.19 1 1 1
3 1 min.21 1 1 9
4 1 min.19 1 1 5
5 1 min.21 1 1 1
6 1 min.19 1 1 3
#7 1 1 90
0 1 min.22 1 1 13
1 1 min.21 1 1 9
2 1 min.19 1 1 4
3 1 min.21 1 1 28
4 1 min.19 1 1 5
5 1 min.21 1 1 17
6 1 min.19 1 1 5
#7 1 1 91
0 1 min.22 1 1 13
1 1 min.21 1 1 13
2 1 min.19 1 1 4
3 1 min.21 1 1 29
4 1 min.19 1 1 4
5 1 min.21 1 1 17
6 1 min.19 1 1 4
#7 1 1 92
0 1 min.22 1 1 13
1 1 min.21 1 1 9
2 1 min.19 1 1 7
3 1 min.21 1 1 25
4 1 min.19 1 1 7
5 1 min.21 1 1 20
6 1 min.19 1 1 7
#7 1 1 93
0 1 min.22 1 1 13
1 1 min.21 1 1 13
2 1 min.19 1 1 7
3 1 min.21 1 1 25
4 1 min.19 1 1 5
5 1 min.21 1 1 21
6 1 min.19 1 1 5
#7 1 1 94
0 1 min.22 1 1 13
1 1 min.21 1 1 9
2 1 min.19 1 1 5
3 1 min.21 1 1 29
4 1 min.19 1 1 7
5 1 min.21 1 1 21
6 1 min.19 1 1 5
#7 1 1 95
0 1 min.22 1 1 13
1 1 min.21 1 1 13
2 1 min.19 1 1 5
3 1 min.21 1 1 29
4 1 min.19 1 1 5
5 1 min.21 1 1 21
6 1 min.19 1 1 4
#5 1 10 0
0 1 min.22 1 10 0
1 2 min.21 1 7 0
2 2 min.19 1 6 0
5 1 min.21 1 5 0
6 1 min.19 1 5 0
#5 1 10 1
0 1 min.22 1 10 1
1 2 min.21 1 7 0
2 2 min.19 1 6 0
5 1 min.21 1 5 0
6 1 min.19 1 5 2
#5 1 10 2
0 1 min.22 1 10 0
1 2 min.21 1 7 1
2 2 min.19 1 6 0
5 1 min.21 1 5 1
6 1 min.19 1 5 2
#5 1 10 3
0 1 min.22 1 10 1
1 2 min.21 1 7 1
2 2 min.19 1 6 0
5 1 min.21 1 5 1
6 1 min.19 1 5 0
#5 1 11 0
0 1 min.22 1 11 0
1 1 min.21 1 6 0
2 1 min.19 1 4 0
3 2 min.21 1 7 0
4 2 min.19 1 6 0
#5 1 11 1
0 1 min.22 1 11 0
1 1 min.21 1 6 1
2 1 min.19 1 4 0
3 2 min.21 1 7 1
4 2 min.19 1 6 0
#5 1 11 2
0 1 min.22 1 11 1
1 1 min.21 1 6 4
2 1 min.19 1 4 1
3 2 min.21 1 7 0
4 2 min.19 1 6 0
#5 1 11 3
0 1 min.22 1 11 1
1 1 min.21 1 6 5
2 1 min.19 1 4 1
3 2 min.21 1 7 1
4 2 min.19 1 6 0
#3 1 12 0
0 1 min.22 1 12 0
1 3 min.21 1 6 0
2 3 min.19 1 5 0
#5 1 12 1
0 1 min.22 1 12 0
1 2 min.21 1 6 2
2 2 min.19 1 5 2
3 1 min.21 1 6 1
4 1 min.19 1 5 0
#5 1 12 13
0 1 min.22 1 12 3
1 1 min.21 1 6 1
2 1 min.19 1 5 0
3 2 min.21 1 6 6
4 2 min.19 1 5 1
#3 1 12 18
0 1 min.22 1 12 6
1 3 min.21 1 6 4
2 3 min.19 1 5 1
#5 1 12 19
0 1 min.22 1 12 6
1 2 min.21 1 6 6
2 2 min.19 1 5 1
3 1 min.21 1 6 5
4 1 min.19 1 5 1
#5 1 12 2
0 1 min.22 1 12 1
1 2 min.21 1 6 0
2 2 min.19 1 5 2
3 1 min.21 1 6 4
4 1 min.19 1 5 1
#5 1 12 3
0 1 min.22 1 12 1
1 2 min.21 1 6 2
2 2 min.19 1 5 0
3 1 min.21 1 6 5
4 1 min.19 1 5 1
#5 1 12 4
0 1 min.22 1 12 3
1 1 min.21 1 6 0
2 1 min.19 1 5 0
3 2 min.21 1 6 4
4 2 min.19 1 5 1
#7 1 12 5
0 1 min.22 1 12 3
1 1 min.21 1 6 2
2 1 min.19 1 5 2
3 1 min.21 1 6 5
4 1 min.19 1 5 1
5 1 min.21 1 6 6
6 1 min.19 1 5 1
#7 1 12 7
0 1 min.22 1 12 1
1 1 min.21 1 6 2
2 1 min.19 1 5 0
3 1 min.21 1 6 1
4 1 min.19 1 5 2
5 1 min.21 1 6 6
6 1 min.19 1 5 1
#5 1 2 0
0 1 min.22 1 2 0
1 2 min.21 1 2 0
2 2 min.19 1 2 0
5 1 min.21 1 1 0
6 1 min.19 1 3 0
#7 1 2 1
0 1 min.22 1 2 2
1 1 min.21 1 2 0
2 1 min.19 1 2 0
3 1 min.21 1 2 2
4 1 min.19 1 2 1
5 1 min.21 1 1 16
6 1 min.19 1 3 1
#5 1 2 11
0 1 min.22 1 2 7
1 2 min.21 1 2 2
2 2 min.19 1 2 3
5 1 min.21 1 1 8
6 1 min.19 1 3 1
#5 1 2 13
0 1 min.22 1 2 6
1 2 min.21 1 2 6
2 2 min.19 1 2 3
5 1 min.21 1 1 4
6 1 min.19 1 3 0
#5 1 2 15
0 1 min.22 1 2 7
1 2 min.21 1 2 6
2 2 min.19 1 2 1
5 1 min.21 1 1 12
6 1 min.19 1 3 1
#5 1 2 16
0 1 min.22 1 2 0
1 2 min.21 1 2 1
2 2 min.19 1 2 0
5 1 min.21 1 1 1
6 1 min.19 1 3 0
#7 1 2 17
0 1 min.22 1 2 2
1 1 min.21 1 2 1
2 1 min.19 1 2 0
3 1 min.21 1 2 3
4 1 min.19 1 2 1
5 1 min.21 1 1 17
6 1 min.19 1 3 1
#5 1 2 18
0 1 min.22 1 2 1
1 2 min.21 1 2 1
2 2 min.19 1 2 2
5 1 min.21 1 1 9
6 1 min.19 1 3 1
#7 1 2 19
0 1 min.22 1 2 3
1 1 min.21 1 2 1
2 1 min.19 1 2 2
3 1 min.21 1 2 3
4 1 min.19 1 2 3
5 1 min.21 1 1 25
6 1 min.19 1 3 1
#5 1 2 2
0 1 min.22 1 2 1
1 2 min.21 1 2 0
2 2 min.19 1 2 2
5 1 min.21 1 1 8
6 1 min.19 1 3 1
#5 1 2 20
0 1 min.22 1 2 0
1 2 min.21 1 2 4
2 2 min.19 1 2 2
5 1 min.21 1 1 5
6 1 min.19 1 3 0
#7 1 2 21
0 1 min.22 1 2 2
1 1 min.21 1 2 4
2 1 min.19 1 2 2
3 1 min.21 1 2 6
4 1 min.19 1 2 3
5 1 min.21 1 1 21
6 1 min.19 1 3 1
#5 1 2 22
0 1 min.22 1 2 1
1 2 min.21 1 2 4
2 2 min.19 1 2 0
5 1 min.21 1 1 13
6 1 min.19 1 3 1
#7 1 2 23
0 1 min.22 1 2 3
1 1 min.21 1 2 4
2 1 min.19 1 2 0
3 1 min.21 1 2 6
4 1 min.19 1 2 1
5 1 min.21 1 1 29
6 1 min.19 1 3 1
#5 1 2 25
0 1 min.22 1 2 6
1 2 min.21 1 2 3
2 2 min.19 1 2 1
5 1 min.21 1 1 1
6 1 min.19 1 3 0
#5 1 2 27
0 1 min.22 1 2 7
1 2 min.21 1 2 3
2 2 min.19 1 2 3
5 1 min.21 1 1 9
6 1 min.19 1 3 1
#5 1 2 29
0 1 min.22 1 2 6
1 2 min.21 1 2 6
2 2 min.19 1 2 3
5 1 min.21 1 1 5
6 1 min.19 1 3 0
#7 1 2 3
0 1 min.22 1 2 3
1 1 min.21 1 2 0
2 1 min.19 1 2 2
3 1 min.21 1 2 2
4 1 min.19 1 2 3
5 1 min.21 1 1 24
6 1 min.19 1 3 1
#5 1 2 31
0 1 min.22 1 2 7
1 2 min.21 1 2 6
2 2 min.19 1 2 1
5 1 min.21 1 1 13
6 1 min.19 1 3 1
#5 1 2 4
0 1 min.22 1 2 0
1 2 min.21 1 2 4
2 2 min.19 1 2 2
5 1 min.21 1 1 4
6 1 min.19 1 3 0
#7 1 2 5
0 1 min.22 1 2 2
1 1 min.21 1 2 4
2 1 min.19 1 2 2
3 1 min.21 1 2 6
4 1 min.19 1 2 3
5 1 min.21 1 1 20
6 1 min.19 1 3 1
#5 1 2 6
0 1 min.22 1 2 1
1 2 min.21 1 2 4
2 2 min.19 1 2 0
5 1 min.21 1 1 12
6 1 min.19 1 3 1
#7 1 2 7
0 1 min.22 1 2 3
1 1 min.21 1 2 4
2 1 min.19 1 2 0
3 1 min.21 1 2 6
4 1 min.19 1 2 1
5 1 min.21 1 1 28
6 1 min.19 1 3 1
#5 1 2 9
0 1 min.22 1 2 6
1 2 min.21 1 2 2
2 2 min.19 1 2 1
5 1 min.21 1 1 0
6 1 min.19 1 3 0
#5 1 3 0
0 1 min.22 1 4 0
1 1 min.21 1 4 0
2 1 min.19 1 1 0
3 2 min.21 1 3 0
4 2 min.19 1 2 0
#7 1 3 1
0 1 min.22 1 4 1
1 1 min.21 1 4 0
2 1 min.19 1 1 1
3 1 min.21 1 3 2
4 1 min.19 1 2 1
5 1 min.21 1 3 0
6 1 min.19 1 2 2
#5 1 3 12
0 1 min.22 1 4 0
1 1 min.21 1 4 1
2 1 min.19 1 1 3
3 2 min.21 1 3 5
4 2 min.19 1 2 2
#7 1 3 13
0 1 min.22 1 4 1
1 1 min.21 1 4 1
2 1 min.19 1 1 1
3 1 min.21 1 3 7
4 1 min.19 1 2 3
5 1 min.21 1 3 5
6 1 min.19 1 2 0
#5 1 3 15
0 1 min.22 1 4 3
1 1 min.21 1 4 1
2 1 min.19 1 1 0
3 2 min.21 1 3 7
4 2 min.19 1 2 1
#5 1 3 16
0 1 min.22 1 4 4
1 1 min.21 1 4 4
2 1 min.19 1 1 4
3 2 min.21 1 3 0
4 2 min.19 1 2 0
#7 1 3 17
0 1 min.22 1 4 5
1 1 min.21 1 4 4
2 1 min.19 1 1 5
3 1 min.21 1 3 2
4 1 min.19 1 2 1
5 1 min.21 1 3 0
6 1 min.19 1 2 2
#5 1 3 19
0 1 min.22 1 4 7
1 1 min.21 1 4 4
2 1 min.19 1 1 7
3 2 min.21 1 3 2
4 2 min.19 1 2 3
#7 1 3 20
0 1 min.22 1 4 4
1 1 min.21 1 4 5
2 1 min.19 1 1 5
3 1 min.21 1 3 1
4 1 min.19 1 2 2
5 1 min.21 1 3 4
6 1 min.19 1 2 0
#7 1 3 21
0 1 min.22 1 4 5
1 1 min.21 1 4 5
2 1 min.19 1 1 7
3 1 min.21 1 3 3
4 1 min.19 1 2 3
5 1 min.21 1 3 4
6 1 min.19 1 2 2
#7 1 3 22
0 1 min.22 1 4 5
1 1 min.21 1 4 5
2 1 min.19 1 1 4
3 1 min.21 1 3 1
4 1 min.19 1 2 0
5 1 min.21 1 3 6
6 1 min.19 1 2 1
#7 1 3 23
0 1 min.22 1 4 7
1 1 min.21 1 4 5
2 1 min.19 1 1 5
3 1 min.21 1 3 3
4 1 min.19 1 2 1
5 1 min.21 1 3 6
6 1 min.19 1 2 3
#5 1 3 28
0 1 min.22 1 4 4
1 1 min.21 1 4 5
2 1 min.19 1 1 7
3 2 min.21 1 3 5
4 2 min.19 1 2 2
#7 1 3 29
0 1 min.22 1 4 5
1 1 min.21 1 4 5
2 1 min.19 1 1 5
3 1 min.21 1 3 7
4 1 min.19 1 2 3
5 1 min.21 1 3 5
6 1 min.19 1 2 0
#5 1 3 3
0 1 min.22 1 4 3
1 1 min.21 1 4 0
2 1 min.19 1 1 3
3 2 min.21 1 3 2
4 2 min.19 1 2 3
#5 1 3 31
0 1 min.22 1 4 7
1 1 min.21 1 4 5
2 1 min.19 1 1 4
3 2 min.21 1 3 7
4 2 min.19 1 2 1
#7 1 3 4
0 1 min.22 1 4 0
1 1 min.21 1 4 1
2 1 min.19 1 1 1
3 1 min.21 1 3 1
4 1 min.19 1 2 2
5 1 min.21 1 3 4
6 1 min.19 1 2 0
#7 1 3 5
0 1 min.22 1 4 1
1 1 min.21 1 4 1
2 1 min.19 1 1 3
3 1 min.21 1 3 3
4 1 min.19 1 2 3
5 1 min.21 1 3 4
6 1 min.19 1 2 2
#7 1 3 6
0 1 min.22 1 4 1
1 1 min.21 1 4 1
2 1 min.19 1 1 0
3 1 min.21 1 3 1
4 1 min.19 1 2 0
5 1 min.21 1 3 6
6 1 min.19 1 2 1
#7 1 3 7
0 1 min.22 1 4 3
1 1 min.21 1 4 1
2 1 min.19 1 1 1
3 1 min.21 1 3 3
4 1 min.19 1 2 1
5 1 min.21 1 3 6
6 1 min.19 1 2 3
#5 1 4 0
0 1 min.22 1 5 0
1 2 min.21 1 5 0
2 2 min.19 1 2 0
5 1 min.21 1 3 0
6 1 min.19 1 4 0
#5 1 4 1
0 1 min.22 1 5 1
1 2 min.21 1 5 0
2 2 min.19 1 2 2
5 1 min.21 1 3 2
6 1 min.19 1 4 1
#5 1 4 2
0 1 min.22 1 5 0
1 2 min.21 1 5 1
2 2 min.19 1 2 2
5 1 min.21 1 3 4
6 1 min.19 1 4 0
#5 1 4 3
0 1 min.22 1 5 1
1 2 min.21 1 5 1
2 2 min.19 1 2 0
5 1 min.21 1 3 6
6 1 min.19 1 4 1
#5 1 4 4
0 1 min.22 1 5 2
1 2 min.21 1 5 2
2 2 min.19 1 2 1
5 1 min.21 1 3 1
6 1 min.19 1 4 0
#5 1 4 5
0 1 min.22 1 5 3
1 2 min.21 1 5 2
2 2 min.19 1 2 3
5 1 min.21 1 3 3
6 1 min.19 1 4 1
#5 1 4 6
0 1 min.22 1 5 2
1 2 min.21 1 5 2
2 2 min.19 1 2 3
5 1 min.21 1 3 5
6 1 min.19 1 4 0
#5 1 4 7
0 1 min.22 1 5 3
1 2 min.21 1 5 2
2 2 min.19 1 2 1
5 1 min.21 1 3 7
6 1 min.19 1 4 1
#3 1 5 0
0 1 min.22 1 3 0
1 3 min.21 1 2 0
2 3 min.19 1 4 0
#5 1 5 1
0 1 min.22 1 3 1
1 1 min.21 1 2 0
2 1 min.19 1 4 0
3 2 min.21 1 2 2
4 2 min.19 1 4 1
#3 1 5 4
0 1 min.22 1 3 0
1 3 min.21 1 2 1
2 3 min.19 1 4 0
#5 1 5 5
0 1 min.22 1 3 1
1 1 min.21 1 2 1
2 1 min.19 1 4 0
3 2 min.21 1 2 3
4 2 min.19 1 4 1
#3 1 6 0
0 1 min.22 1 6 0
1 3 min.21 1 5 0
2 3 min.19 1 4 0
#5 1 6 1
0 1 min.22 1 6 1
1 1 min.21 1 5 1
2 1 min.19 1 4 0
3 2 min.21 1 5 2
4 2 min.19 1 4 1
#5 1 7 0
0 1 min.22 1 8 0
1 2 min.21 1 6 0
2 2 min.19 1 2 0
5 1 min.21 1 3 0
6 1 min.19 1 5 0
#5 1 7 1
0 1 min.22 1 8 2
1 2 min.21 1 6 0
2 2 min.19 1 2 2
5 1 min.21 1 3 2
6 1 min.19 1 5 1
#5 1 7 10
0 1 min.22 1 8 0
1 2 min.21 1 6 2
2 2 min.19 1 2 2
5 1 min.21 1 3 5
6 1 min.19 1 5 2
#5 1 7 11
0 1 min.22 1 8 2
1 2 min.21 1 6 2
2 2 min.19 1 2 0
5 1 min.21 1 3 7
6 1 min.19 1 5 1
#7 1 7 12
0 1 min.22 1 8 1
1 1 min.21 1 6 1
2 1 min.19 1 2 0
3 1 min.21 1 6 5
4 1 min.19 1 2 1
5 1 min.21 1 3 1
6 1 min.19 1 5 0
#7 1 7 13
0 1 min.22 1 8 3
1 1 min.21 1 6 1
2 1 min.19 1 2 2
3 1 min.21 1 6 5
4 1 min.19 1 2 3
5 1 min.21 1 3 3
6 1 min.19 1 5 1
#7 1 7 14
0 1 min.22 1 8 1
1 1 min.21 1 6 2
2 1 min.19 1 2 2
3 1 min.21 1 6 6
4 1 min.19 1 2 3
5 1 min.21 1 3 5
6 1 min.19 1 5 0
#7 1 7 15
0 1 min.22 1 8 3
1 1 min.21 1 6 2
2 1 min.19 1 2 0
3 1 min.21 1 6 6
4 1 min.19 1 2 1
5 1 min.21 1 3 7
6 1 min.19 1 5 1
#5 1 7 2
0 1 min.22 1 8 0
1 2 min.21 1 6 2
2 2 min.19 1 2 2
5 1 min.21 1 3 4
6 1 min.19 1 5 0
#5 1 7 20
0 1 min.22 1 8 5
1 2 min.21 1 6 4
2 2 min.19 1 2 1
5 1 min.21 1 3 0
6 1 min.19 1 5 0
#5 1 7 21
0 1 min.22 1 8 7
1 2 min.21 1 6 4
2 2 min.19 1 2 3
5 1 min.21 1 3 2
6 1 min.19 1 5 1
#5 1 7 22
0 1 min.22 1 8 5
1 2 min.21 1 6 6
2 2 min.19 1 2 3
5 1 min.21 1 3 4
6 1 min.19 1 5 0
#5 1 7 23
0 1 min.22 1 8 7
1 2 min.21 1 6 6
2 2 min.19 1 2 1
5 1 min.21 1 3 6
6 1 min.19 1 5 1
#5 1 7 28
0 1 min.22 1 8 5
1 2 min.21 1 6 5
2 2 min.19 1 2 1
5 1 min.21 1 3 1
6 1 min.19 1 5 2
#5 1 7 29
0 1 min.22 1 8 7
1 2 min.21 1 6 5
2 2 min.19 1 2 3
5 1 min.21 1 3 3
6 1 min.19 1 5 1
#5 1 7 3
0 1 min.22 1 8 2
1 2 min.21 1 6 2
2 2 min.19 1 2 0
5 1 min.21 1 3 6
6 1 min.19 1 5 1
#5 1 7 30
0 1 min.22 1 8 5
1 2 min.21 1 6 6
2 2 min.19 1 2 3
5 1 min.21 1 3 5
6 1 min.19 1 5 2
#5 1 7 31
0 1 min.22 1 8 7
1 2 min.21 1 6 6
2 2 min.19 1 2 1
5 1 min.21 1 3 7
6 1 min.19 1 5 1
#7 1 7 4
0 1 min.22 1 8 1
1 1 min.21 1 6 0
2 1 min.19 1 2 0
3 1 min.21 1 6 4
4 1 min.19 1 2 1
5 1 min.21 1 3 0
6 1 min.19 1 5 2
#7 1 7 5
0 1 min.22 1 8 3
1 1 min.21 1 6 0
2 1 min.19 1 2 2
3 1 min.21 1 6 4
4 1 min.19 1 2 3
5 1 min.21 1 3 2
6 1 min.19 1 5 1
#7 1 7 6
0 1 min.22 1 8 1
1 1 min.21 1 6 2
2 1 min.19 1 2 2
3 1 min.21 1 6 6
4 1 min.19 1 2 3
5 1 min.21 1 3 4
6 1 min.19 1 5 2
#7 1 7 7
0 1 min.22 1 8 3
1 1 min.21 1 6 2
2 1 min.19 1 2 0
3 1 min.21 1 6 6
4 1 min.19 1 2 1
5 1 min.21 1 3 6
6 1 min.19 1 5 1
#5 1 7 8
0 1 min.22 1 8 0
1 2 min.21 1 6 1
2 2 min.19 1 2 0
5 1 min.21 1 3 1
6 1 min.19 1 5 2
#5 1 7 9
0 1 min.22 1 8 2
1 2 min.21 1 6 1
2 2 min.19 1 2 2
5 1 min.21 1 3 3
6 1 min.19 1 5 1
#3 1 8 0
0 1 min.22 1 7 0
1 3 min.21 1 2 0
2 3 min.19 1 5 0
#5 1 8 1
0 1 min.22 1 7 2
1 1 min.21 1 2 0
2 1 min.19 1 5 0
3 2 min.21 1 2 2
4 2 min.19 1 5 1
#5 1 8 10
0 1 min.22 1 7 2
1 2 min.21 1 2 6
2 2 min.19 1 5 1
3 1 min.21 1 2 1
4 1 min.19 1 5 0
#5 1 8 14
0 1 min.22 1 7 3
1 2 min.21 1 2 6
2 2 min.19 1 5 1
3 1 min.21 1 2 1
4 1 min.19 1 5 2
#5 1 8 2
0 1 min.22 1 7 0
1 2 min.21 1 2 4
2 2 min.19 1 5 2
3 1 min.21 1 2 1
4 1 min.19 1 5 0
#7 1 8 3
0 1 min.22 1 7 2
1 1 min.21 1 2 4
2 1 min.19 1 5 2
3 1 min.21 1 2 3
4 1 min.19 1 5 1
5 1 min.21 1 2 6
6 1 min.19 1 5 1
#3 1 8 4
0 1 min.22 1 7 1
1 3 min.21 1 2 0
2 3 min.19 1 5 2
#5 1 8 5
0 1 min.22 1 7 3
1 1 min.21 1 2 0
2 1 min.19 1 5 2
3 2 min.21 1 2 2
4 2 min.19 1 5 1
#5 1 8 6
0 1 min.22 1 7 1
1 2 min.21 1 2 4
2 2 min.19 1 5 0
3 1 min.21 1 2 1
4 1 min.19 1 5 2
#7 1 8 7
0 1 min.22 1 7 3
1 1 min.21 1 2 4
2 1 min.19 1 5 0
3 1 min.21 1 2 3
4 1 min.19 1 5 1
5 1 min.21 1 2 6
6 1 min.19 1 5 1
#5 1 9 0
0 1 min.22 1 9 0
1 2 min.21 1 7 0
2 2 min.19 1 6 0
5 1 min.21 1 4 0
6 1 min.19 1 3 0
#5 1 9 1
0 1 min.22 1 9 0
1 2 min.21 1 7 1
2 2 min.19 1 6 0
5 1 min.21 1 4 1
6 1 min.19 1 3 0
#5 1 9 2
0 1 min.22 1 9 1
1 2 min.21 1 7 0
2 2 min.19 1 6 0
5 1 min.21 1 4 4
6 1 min.19 1 3 1
#5 1 9 3
0 1 min.22 1 9 1
1 2 min.21 1 7 1
2 2 min.19 1 6 0
5 1 min.21 1 4 5
6 1 min.19 1 3 1
