32
min.6 3 1,1,1 1 (3)^1 1 1 1 1 1
group.5 3 1,1,1 2 (3)^1 1 1 0 2 1
min.7 3 1,1;1 2 (1)^1(8)^1 2 3 1 2 2
min.8 3 1,1;1 2 (1)^1(8)^1 2 4 2 2 2
group.6 3 1,1;1 4 (1)^1(8)^1 2 6 0 4 2
min.10 3 1;1;1 4 (1)^1(4)^2 4 9 1 4 3
min.9 3 1;1;1 4 (1)^1(4)^2 5 22 2 4 3
group.7 3 1;1;1 8 (1)^1(4)^2 4 28 0 8 3
group.8 3 2-1;1 16 (1)^1(2)^2(4)^2 2 20 0 10 2
min.11 3 2-1;1 4 (1)^1(4)^2 2 5 1 4 2
min.12 3 2-1;1 4 (1)^1(4)^2 2 2 0 4 2
group.10 3 2-1;1 8 (1)^1(2)^2(4)^2 2 12 0 5 2
group.11 3 2-1;1 8 (1)^1(2)^2(4)^2 2 8 0 5 2
group.9 3 2-1;1 8 (1)^1(2)^2(4)^2 4 12 0 5 2
group.12 3 2-1;1 8 (1)^1(4)^2 2 6 0 8 2
group.13 3 2-2;1 12 (1)^2(3)^1 1 2 0 12 2
group.14 3 2-2;1 12 (1)^2(3)^2(9)^1 3 6 0 6 2
group.15 3 2-2;1 12 (1)^3(3)^2 1 4 0 6 2
group.16 3 2-2;1 12 (1)^3(3)^2 2 4 0 6 2
group.17 3 2-2;1 12 (1)^3(3)^2 1 4 0 6 2
max.4 3 2-2;1 24 (1)^3(3)^2 1 4 0 12 2
min.13 3 2-2;1 3 (3)^3 2 3 1 3 2
group.18 3 2-2;1 6 (1)^2(3)^1 1 4 1 6 2
group.19 3 2-2;1 6 (1)^2(3)^1 1 1 0 6 2
group.20 3 2-2;1 6 (1)^2(3)^2(9)^1 3 5 0 3 2
group.21 3 2-2;1 6 (1)^2(3)^2(9)^1 3 6 0 3 2
group.22 3 2-2;1 6 (3)^3 2 2 0 6 2
min.14 3 3 12 (1)^3(4)^6 3 5 0 4 1
group.23 3 3 24 (1)^3(4)^6 3 7 0 8 1
group.24 3 3 24 (1)^5(4)^4 3 6 0 5 1
group.25 3 3 24 (1)^5(4)^4 3 7 0 5 1
max.5 3 3 48 (1)^5(4)^4 3 10 0 10 1
