#5
5x10
9 1 1 1 1 2 1 2 1 2 
6 1 1 2 1 1 2 0 0 0 
8 1 1 1 1 2 1 2 1 0 
8 1 1 1 1 2 1 1 2 0 
1 24 0 0 0 0 0 0 0 0
5x9
3 1 1 1 0 0 0 0 0 
6 1 1 2 1 1 2 0 0 
8 1 1 1 1 2 1 2 1 
8 1 1 1 1 2 1 1 2 
1 24 0 0 0 0 0 0 0
5x9
6 1 2 1 2 1 2 0 0 
6 1 1 2 1 1 2 0 0 
8 1 1 1 1 2 1 2 1 
8 1 1 1 1 2 1 1 2 
1 24 0 0 0 0 0 0 0
5x10
9 1 1 1 1 2 1 2 1 2 
3 1 1 1 0 0 0 0 0 0 
8 1 1 1 1 2 1 2 1 0 
8 1 1 1 1 2 1 1 2 0 
1 16 0 0 0 0 0 0 0 0
4x10
9 1 1 1 1 2 1 2 1 2 
3 1 1 1 0 0 0 0 0 0 
6 1 1 2 1 1 2 0 0 0 
4 12 0 0 0 0 0 0 0 0
