#9
7x9
1 3 0 0 0 0 0 0 0 
3 1 1 1 0 0 0 0 0 
8 1 1 1 1 1 3 1 3 
8 1 1 1 2 1 1 2 1 
6 1 1 2 1 1 2 0 0 
6 1 2 1 1 2 1 0 0 
1 96 0 0 0 0 0 0 0
7x10
1 3 0 0 0 0 0 0 0 0 
9 1 1 1 2 1 1 2 1 2 
8 1 1 1 1 1 3 1 3 0 
8 1 1 1 2 1 1 2 1 0 
6 1 1 2 1 1 2 0 0 0 
6 1 2 1 1 2 1 0 0 0 
1 96 0 0 0 0 0 0 0 0
7x9
1 3 0 0 0 0 0 0 0 
6 2 1 1 2 1 2 0 0 
8 1 1 1 1 1 3 1 3 
8 1 1 1 2 1 1 2 1 
6 1 1 2 1 1 2 0 0 
6 1 2 1 1 2 1 0 0 
1 96 0 0 0 0 0 0 0
7x10
3 1 1 1 0 0 0 0 0 0 
9 1 1 1 2 1 1 2 1 2 
8 1 1 1 1 1 3 1 3 0 
8 1 1 1 2 1 1 2 1 0 
6 1 1 2 1 1 2 0 0 0 
6 1 2 1 1 2 1 0 0 0 
1 96 0 0 0 0 0 0 0 0
7x13
12 1 1 1 1 2 1 1 2 1 2 3 1 
3 1 1 1 0 0 0 0 0 0 0 0 0 
8 1 1 1 1 1 3 1 3 0 0 0 0 
8 1 1 1 2 1 1 2 1 0 0 0 0 
6 1 1 2 1 1 2 0 0 0 0 0 0 
6 1 2 1 1 2 1 0 0 0 0 0 0 
1 96 0 0 0 0 0 0 0 0 0 0 0
7x10
4 1 1 3 1 0 0 0 0 0 
9 1 1 1 2 1 1 2 1 2 
8 1 1 1 1 1 3 1 3 0 
8 1 1 1 2 1 1 2 1 0 
6 1 1 2 1 1 2 0 0 0 
6 1 2 1 1 2 1 0 0 0 
1 96 0 0 0 0 0 0 0 0
7x13
12 1 1 1 1 2 1 1 2 1 2 3 1 
6 2 1 1 2 1 2 0 0 0 0 0 0 
8 1 1 1 1 1 3 1 3 0 0 0 0 
8 1 1 1 2 1 1 2 1 0 0 0 0 
6 1 1 2 1 1 2 0 0 0 0 0 0 
6 1 2 1 1 2 1 0 0 0 0 0 0 
1 96 0 0 0 0 0 0 0 0 0 0 0
7x10
1 3 0 0 0 0 0 0 0 0 
3 1 1 1 0 0 0 0 0 0 
9 1 1 1 2 1 1 2 1 2 
8 1 1 1 1 1 3 1 3 0 
6 1 1 2 1 1 2 0 0 0 
6 1 2 1 1 2 1 0 0 0 
3 64 0 0 0 0 0 0 0 0
6x10
1 3 0 0 0 0 0 0 0 0 
3 1 1 1 0 0 0 0 0 0 
9 1 1 1 2 1 1 2 1 2 
8 1 1 1 1 1 3 1 3 0 
8 1 1 1 2 1 1 2 1 0 
4 48 0 0 0 0 0 0 0 0
