#5
6x9
3 2 2 2 0 0 0 0 0 
8 1 2 2 1 2 2 2 2 
4 2 1 2 1 0 0 0 0 
8 1 2 1 2 2 1 2 1 
6 2 2 2 2 2 2 0 0 
1 48 0 0 0 0 0 0 0
6x10
9 1 2 2 1 2 2 2 2 1 
8 1 2 2 1 2 2 2 2 0 
4 2 1 2 1 0 0 0 0 0 
8 1 2 1 2 2 1 2 1 0 
6 2 2 2 2 2 2 0 0 0 
1 48 0 0 0 0 0 0 0 0
6x9
8 1 2 1 2 2 1 2 2 
8 1 2 2 1 2 2 2 2 
4 2 1 2 1 0 0 0 0 
8 1 2 1 2 2 1 2 1 
6 2 2 2 2 2 2 0 0 
1 48 0 0 0 0 0 0 0
6x10
3 2 2 2 0 0 0 0 0 0 
9 1 2 2 1 2 2 2 2 1 
4 2 1 2 1 0 0 0 0 0 
8 1 2 1 2 2 1 2 1 0 
6 2 2 2 2 2 2 0 0 0 
3 32 0 0 0 0 0 0 0 0
5x10
3 2 2 2 0 0 0 0 0 0 
9 1 2 2 1 2 2 2 2 1 
8 1 2 2 1 2 2 2 2 0 
6 2 2 2 2 2 2 0 0 0 
4 24 0 0 0 0 0 0 0 0
#4 1 1 0
0 1 group.166 1 1 0
1 2 group.167 1 1 0
3 3 group.163 1 1 0
4 4 group.198 1 1 0
#4 1 1 1
0 1 group.166 1 1 1
1 2 group.167 1 1 1
3 3 group.163 1 1 1
4 4 group.198 1 1 0
