#6
6x13
4 1 2 2 2 0 0 0 0 0 0 0 0 
6 1 1 2 1 1 2 0 0 0 0 0 0 
12 1 1 1 1 1 2 1 2 2 2 2 2 
6 2 2 2 2 2 2 0 0 0 0 0 0 
8 1 2 1 2 2 2 2 2 0 0 0 0 
1 72 0 0 0 0 0 0 0 0 0 0 0
6x13
3 1 1 1 0 0 0 0 0 0 0 0 0 
6 1 1 2 1 1 2 0 0 0 0 0 0 
12 1 1 1 1 1 2 1 2 2 2 2 2 
6 2 2 2 2 2 2 0 0 0 0 0 0 
8 1 2 1 2 2 2 2 2 0 0 0 0 
1 72 0 0 0 0 0 0 0 0 0 0 0
6x13
7 1 1 1 1 2 2 2 0 0 0 0 0 
6 1 1 2 1 1 2 0 0 0 0 0 0 
12 1 1 1 1 1 2 1 2 2 2 2 2 
6 2 2 2 2 2 2 0 0 0 0 0 0 
8 1 2 1 2 2 2 2 2 0 0 0 0 
1 72 0 0 0 0 0 0 0 0 0 0 0
6x13
4 1 2 2 2 0 0 0 0 0 0 0 0 
3 1 1 1 0 0 0 0 0 0 0 0 0 
12 1 1 1 1 1 2 1 2 2 2 2 2 
6 2 2 2 2 2 2 0 0 0 0 0 0 
8 1 2 1 2 2 2 2 2 0 0 0 0 
1 48 0 0 0 0 0 0 0 0 0 0 0
6x9
4 1 2 2 2 0 0 0 0 
3 1 1 1 0 0 0 0 0 
6 1 1 2 1 1 2 0 0 
6 2 2 2 2 2 2 0 0 
8 1 2 1 2 2 2 2 2 
3 48 0 0 0 0 0 0 0
5x13
4 1 2 2 2 0 0 0 0 0 0 0 0 
3 1 1 1 0 0 0 0 0 0 0 0 0 
6 1 1 2 1 1 2 0 0 0 0 0 0 
12 1 1 1 1 1 2 1 2 2 2 2 2 
4 36 0 0 0 0 0 0 0 0 0 0 0
