#5
5x13
3 2 2 2 0 0 0 0 0 0 0 0 0 
12 1 2 1 2 1 2 1 2 1 2 1 2 
8 1 2 1 2 1 2 1 2 0 0 0 0 
10 2 1 2 1 2 1 2 1 2 2 0 0 
1 36 0 0 0 0 0 0 0 0 0 0 0
5x13
7 2 1 2 1 2 1 2 0 0 0 0 0 
12 1 2 1 2 1 2 1 2 1 2 1 2 
8 1 2 1 2 1 2 1 2 0 0 0 0 
10 2 1 2 1 2 1 2 1 2 2 0 0 
1 36 0 0 0 0 0 0 0 0 0 0 0
5x13
8 1 2 1 2 1 2 2 2 0 0 0 0 
12 1 2 1 2 1 2 1 2 1 2 1 2 
8 1 2 1 2 1 2 1 2 0 0 0 0 
10 2 1 2 1 2 1 2 1 2 2 0 0 
1 36 0 0 0 0 0 0 0 0 0 0 0
5x13
3 2 2 2 0 0 0 0 0 0 0 0 0 
7 2 1 2 1 2 1 2 0 0 0 0 0 
12 1 2 1 2 1 2 1 2 1 2 1 2 
2 2 2 0 0 0 0 0 0 0 0 0 0 
3 24 0 0 0 0 0 0 0 0 0 0 0
5x13
3 2 2 2 0 0 0 0 0 0 0 0 0 
7 2 1 2 1 2 1 2 0 0 0 0 0 
12 1 2 1 2 1 2 1 2 1 2 1 2 
8 1 2 1 2 1 2 1 2 0 0 0 0 
3 24 0 0 0 0 0 0 0 0 0 0 0
#5 1 1 0
0 1 group.188 1 1 0
1 1 group.120 2 1 0
2 1 group.187 1 1 0
3 3 group.185 2 1 0
4 3 group.198 1 1 0
