#9
5x9
8 1 3 1 3 1 3 3 3 
2 1 2 0 0 0 0 0 0 
4 1 3 3 1 0 0 0 0 
6 1 3 1 3 3 3 0 0 
1 36 0 0 0 0 0 0 0
5x9
8 1 3 1 3 1 3 3 3 
1 1 0 0 0 0 0 0 0 
4 1 3 3 1 0 0 0 0 
6 1 3 1 3 3 3 0 0 
1 36 0 0 0 0 0 0 0
5x9
8 1 3 1 3 1 3 3 3 
1 2 0 0 0 0 0 0 0 
4 1 3 3 1 0 0 0 0 
6 1 3 1 3 3 3 0 0 
1 36 0 0 0 0 0 0 0
5x7
2 1 2 0 0 0 0 
1 1 0 0 0 0 0 
4 1 3 3 1 0 0 
6 1 3 1 3 3 3 
1 36 0 0 0 0 0
5x8
7 3 1 3 1 3 3 3 
2 1 2 0 0 0 0 0 
4 1 3 3 1 0 0 0 
6 1 3 1 3 3 3 0 
1 36 0 0 0 0 0 0
5x9
8 2 3 1 3 1 3 3 3 
1 1 0 0 0 0 0 0 0 
4 1 3 3 1 0 0 0 0 
6 1 3 1 3 3 3 0 0 
1 36 0 0 0 0 0 0 0
5x8
7 3 1 3 1 3 3 3 
1 2 0 0 0 0 0 0 
4 1 3 3 1 0 0 0 
6 1 3 1 3 3 3 0 
1 36 0 0 0 0 0 0
5x9
8 1 3 1 3 1 3 3 3 
2 1 2 0 0 0 0 0 0 
1 1 0 0 0 0 0 0 0 
4 1 3 3 1 0 0 0 0 
3 24 0 0 0 0 0 0 0
5x9
8 1 3 1 3 1 3 3 3 
2 1 2 0 0 0 0 0 0 
1 1 0 0 0 0 0 0 0 
4 1 3 1 3 0 0 0 0 
3 24 0 0 0 0 0 0 0
#9 1 1 0
0 1 group.125 2 1 0
1 1 group.125 4 1 0
2 1 group.123 1 1 0
3 1 group.127 2 1 0
4 1 group.126 2 1 0
5 1 group.126 1 1 0
6 1 group.122 1 1 0
7 3 group.85 1 2 0
8 3 group.87 1 2 0
#9 1 1 1
0 1 group.125 2 1 1
1 1 group.125 4 1 1
2 1 group.123 1 1 1
3 1 group.127 2 1 1
4 1 group.126 2 1 1
5 1 group.126 1 1 1
6 1 group.122 1 1 1
7 3 group.85 1 2 0
8 3 group.87 1 2 2
#9 2 1 0
0 1 group.125 1 1 0
1 1 group.125 3 1 0
2 1 group.123 2 1 0
3 1 group.127 1 1 0
4 1 group.126 3 1 0
5 1 group.126 2 1 0
6 1 group.122 1 1 0
7 3 group.85 2 2 0
8 3 group.87 1 2 0
