#5
8x15
5 2 2 2 2 2 0 0 0 0 0 0 0 0 0 
8 1 1 1 1 1 1 2 2 0 0 0 0 0 0 
12 1 1 1 1 1 1 1 2 1 2 2 2 0 0 
8 1 1 1 2 2 2 1 2 0 0 0 0 0 0 
14 1 1 1 1 1 1 2 1 1 1 1 1 1 2 
8 1 2 1 1 1 2 2 2 0 0 0 0 0 0 
8 2 1 2 1 1 1 2 2 0 0 0 0 0 0 
1 320 0 0 0 0 0 0 0 0 0 0 0 0 0
8x15
11 1 1 1 1 1 2 1 2 1 1 1 0 0 0 
8 1 1 1 1 1 1 2 2 0 0 0 0 0 0 
12 1 1 1 1 1 1 1 2 1 2 2 2 0 0 
8 1 1 1 2 2 2 1 2 0 0 0 0 0 0 
14 1 1 1 1 1 1 2 1 1 1 1 1 1 2 
8 1 2 1 1 1 2 2 2 0 0 0 0 0 0 
8 2 1 2 1 1 1 2 2 0 0 0 0 0 0 
1 320 0 0 0 0 0 0 0 0 0 0 0 0 0
8x15
10 1 1 2 1 2 1 2 2 1 2 0 0 0 0 
8 1 1 1 1 1 1 2 2 0 0 0 0 0 0 
12 1 1 1 1 1 1 1 2 1 2 2 2 0 0 
8 1 1 1 2 2 2 1 2 0 0 0 0 0 0 
14 1 1 1 1 1 1 2 1 1 1 1 1 1 2 
8 1 2 1 1 1 2 2 2 0 0 0 0 0 0 
8 2 1 2 1 1 1 2 2 0 0 0 0 0 0 
1 320 0 0 0 0 0 0 0 0 0 0 0 0 0
8x15
5 2 2 2 2 2 0 0 0 0 0 0 0 0 0 
11 1 1 1 1 1 2 1 2 1 1 1 0 0 0 
8 1 1 1 1 1 1 2 2 0 0 0 0 0 0 
8 1 1 1 2 2 2 1 2 0 0 0 0 0 0 
14 1 1 1 1 1 1 2 1 1 1 1 1 1 2 
8 1 2 1 1 1 2 2 2 0 0 0 0 0 0 
8 2 1 2 1 1 1 2 2 0 0 0 0 0 0 
5 128 0 0 0 0 0 0 0 0 0 0 0 0 0
5x13
5 2 2 2 2 2 0 0 0 0 0 0 0 
11 1 1 1 1 1 2 1 2 1 1 1 0 
8 1 1 1 1 1 1 2 2 0 0 0 0 
12 1 1 1 1 1 1 1 2 1 2 2 2 
16 40 0 0 0 0 0 0 0 0 0 0 0
