#8
5x7
3 3 3 3 0 0 0 
1 1 0 0 0 0 0 
6 1 2 3 1 2 3 
2 3 3 0 0 0 0 
1 24 0 0 0 0 0
5x7
3 3 3 3 0 0 0 
3 3 3 2 0 0 0 
6 1 2 3 1 2 3 
2 3 3 0 0 0 0 
1 24 0 0 0 0 0
5x7
3 3 3 3 0 0 0 
4 1 3 3 2 0 0 
6 1 2 3 1 2 3 
2 3 3 0 0 0 0 
1 24 0 0 0 0 0
5x7
1 1 0 0 0 0 0 
3 3 3 2 0 0 0 
6 1 2 3 1 2 3 
2 3 3 0 0 0 0 
1 24 0 0 0 0 0
5x7
2 2 3 0 0 0 0 
1 1 0 0 0 0 0 
6 1 2 3 1 2 3 
2 3 3 0 0 0 0 
1 24 0 0 0 0 0
5x7
4 3 1 3 3 0 0 
3 3 3 2 0 0 0 
6 1 2 3 1 2 3 
2 3 3 0 0 0 0 
1 24 0 0 0 0 0
5x7
2 2 3 0 0 0 0 
4 1 3 3 2 0 0 
6 1 2 3 1 2 3 
2 3 3 0 0 0 0 
1 24 0 0 0 0 0
5x7
3 3 3 3 0 0 0 
1 1 0 0 0 0 0 
3 3 3 2 0 0 0 
6 1 2 3 1 2 3 
3 16 0 0 0 0 0
