#16
5x4
3 4 4 4 
1 3 0 0 
1 2 0 0 
2 4 4 0 
1 24 0 0
5x4
3 4 4 4 
1 3 0 0 
1 1 0 0 
2 4 4 0 
1 24 0 0
5x4
3 4 4 4 
1 3 0 0 
2 1 2 0 
2 4 4 0 
1 24 0 0
5x4
3 4 4 4 
1 2 0 0 
1 1 0 0 
2 4 4 0 
1 24 0 0
5x4
3 4 4 4 
2 1 3 0 
1 2 0 0 
2 4 4 0 
1 24 0 0
5x4
3 4 4 4 
2 2 3 0 
1 1 0 0 
2 4 4 0 
1 24 0 0
5x4
3 4 4 4 
2 1 3 0 
2 1 2 0 
2 4 4 0 
1 24 0 0
5x3
1 3 0 
1 2 0 
1 1 0 
2 4 4 
1 24 0
5x5
4 1 4 4 4 
1 3 0 0 0 
1 2 0 0 0 
2 4 4 0 0 
1 24 0 0 0
5x5
4 2 4 4 4 
1 3 0 0 0 
1 1 0 0 0 
2 4 4 0 0 
1 24 0 0 0
5x5
4 1 4 4 4 
1 3 0 0 0 
2 1 2 0 0 
2 4 4 0 0 
1 24 0 0 0
5x5
4 3 4 4 4 
1 2 0 0 0 
1 1 0 0 0 
2 4 4 0 0 
1 24 0 0 0
5x5
4 1 4 4 4 
2 1 3 0 0 
1 2 0 0 0 
2 4 4 0 0 
1 24 0 0 0
5x5
4 2 4 4 4 
2 2 3 0 0 
1 1 0 0 0 
2 4 4 0 0 
1 24 0 0 0
5x5
4 1 4 4 4 
2 1 3 0 0 
2 1 2 0 0 
2 4 4 0 0 
1 24 0 0 0
5x4
3 4 4 4 
1 3 0 0 
1 2 0 0 
1 1 0 0 
1 16 0 0
