#4
4x7
6 2 2 2 2 2 1 
6 2 2 2 2 2 2 
6 1 2 2 2 2 1 
1 12 0 0 0 0 0
4x7
5 1 2 2 2 2 0 
6 2 2 2 2 2 2 
6 1 2 2 2 2 1 
1 12 0 0 0 0 0
4x7
5 1 2 2 2 1 0 
6 2 2 2 2 2 2 
6 1 2 2 2 2 1 
1 12 0 0 0 0 0
4x7
6 2 2 2 2 2 1 
5 1 2 2 2 2 0 
6 2 2 2 2 2 2 
3 8 0 0 0 0 0
#4 1 1 0
0 1 group.82 1 1 0
1 1 group.82 1 2 0
2 1 min.40 1 1 0
3 3 min.29 1 4 0
#4 1 1 1
0 1 group.82 1 1 3
1 1 group.82 1 2 0
2 1 min.40 1 1 0
3 3 min.29 1 4 1
#4 2 1 0
0 1 group.82 2 1 0
1 1 group.82 2 2 0
2 1 min.40 1 1 0
3 3 min.29 1 4 0
#4 2 1 1
0 1 group.82 2 1 3
1 1 group.82 2 2 0
2 1 min.40 1 1 0
3 3 min.29 1 4 1
