#8
5x7
3 3 3 3 0 0 0 
1 2 0 0 0 0 0 
6 1 2 3 1 2 3 
2 3 3 0 0 0 0 
1 24 0 0 0 0 0
5x7
3 3 3 3 0 0 0 
5 2 3 1 2 3 0 
6 1 2 3 1 2 3 
2 3 3 0 0 0 0 
1 24 0 0 0 0 0
5x7
3 3 3 3 0 0 0 
4 3 1 2 3 0 0 
6 1 2 3 1 2 3 
2 3 3 0 0 0 0 
1 24 0 0 0 0 0
5x7
1 2 0 0 0 0 0 
5 2 3 1 2 3 0 
6 1 2 3 1 2 3 
2 3 3 0 0 0 0 
1 24 0 0 0 0 0
5x7
6 1 2 3 2 3 3 
1 2 0 0 0 0 0 
6 1 2 3 1 2 3 
2 3 3 0 0 0 0 
1 24 0 0 0 0 0
5x7
4 3 2 3 3 0 0 
5 2 3 1 2 3 0 
6 1 2 3 1 2 3 
2 3 3 0 0 0 0 
1 24 0 0 0 0 0
5x7
6 1 2 3 2 3 3 
4 3 1 2 3 0 0 
6 1 2 3 1 2 3 
2 3 3 0 0 0 0 
1 24 0 0 0 0 0
5x7
3 3 3 3 0 0 0 
1 2 0 0 0 0 0 
5 2 3 1 2 3 0 
6 1 2 3 1 2 3 
3 16 0 0 0 0 0
