#5
7x11
7 1 1 2 2 2 1 1 0 0 0 
10 1 2 2 2 1 1 1 2 2 2 
10 1 1 2 2 2 1 1 1 2 1 
8 1 2 2 1 1 1 2 2 0 0 
8 1 1 1 2 1 1 1 2 0 0 
6 2 2 2 2 2 2 0 0 0 0 
1 96 0 0 0 0 0 0 0 0 0
7x11
9 1 1 1 2 1 1 2 2 2 0 
10 1 2 2 2 1 1 1 2 2 2 
10 1 1 2 2 2 1 1 1 2 1 
8 1 2 2 1 1 1 2 2 0 0 
8 1 1 1 2 1 1 1 2 0 0 
6 2 2 2 2 2 2 0 0 0 0 
1 96 0 0 0 0 0 0 0 0 0
7x11
8 1 1 2 1 1 1 2 2 0 0 
10 1 2 2 2 1 1 1 2 2 2 
10 1 1 2 2 2 1 1 1 2 1 
8 1 2 2 1 1 1 2 2 0 0 
8 1 1 1 2 1 1 1 2 0 0 
6 2 2 2 2 2 2 0 0 0 0 
1 96 0 0 0 0 0 0 0 0 0
7x11
7 1 1 2 2 2 1 1 0 0 0 
9 1 1 1 2 1 1 2 2 2 0 
10 1 2 2 2 1 1 1 2 2 2 
8 1 2 2 1 1 1 2 2 0 0 
8 1 1 1 2 1 1 1 2 0 0 
6 2 2 2 2 2 2 0 0 0 0 
3 64 0 0 0 0 0 0 0 0 0
6x11
7 1 1 2 2 2 1 1 0 0 0 
9 1 1 1 2 1 1 2 2 2 0 
10 1 2 2 2 1 1 1 2 2 2 
10 1 1 2 2 2 1 1 1 2 1 
6 2 2 2 2 2 2 0 0 0 0 
4 48 0 0 0 0 0 0 0 0 0
#5 1 1 0
0 1 group.178 1 1 0
1 1 group.177 1 1 0
2 1 group.179 1 1 0
3 3 group.172 1 1 0
4 4 group.168 1 1 0
#5 1 1 1
0 1 group.178 1 1 1
1 1 group.177 1 1 1
2 1 group.179 1 1 1
3 3 group.172 1 1 3
4 4 group.168 1 1 0
