11x20	% 
 1  1  4 4 6 12 12 12 12 12 12 24 24 24 32 32 32 32 48 48
 1  2  2 2 2  2  2  2  4  4  4  2  4  4  3  6  6  6  4  8
 5 -3 -1 3 1 -1  1  3 -1  1  3  1  1  1  2  0  0  2  1  1
 5  5  5 5 5  5  5  5  1 -3  1  5  1  1  2  2  2  2  1  1
 5 -3 -1 3 1 -1  1  3 -1  1  3  1  1  1  5 -3  3 -1  1  1
 0  4  3 1 2  3  2  1  4  4  2  2  3  3  2  4  3  3  3  4
 5  1  2 4 3  2  3  4  3  5  5  3  4  4  5  3  4  4  4  5
 0  4  3 1 2  3  2  1  4  4  2  2  3  3  2  4  3  3  3  4
 5  1  2 4 3  2  3  4  3  5  5  3  4  4  5  3  4  4  4  5
 1  1  1 1 1  1  1  1  1  1  1  1  1  1  1  1  1  1  1  1
 4 -4 -2 2 0 -2  0  2 -2  0  2  0  0  0  1 -1 -1  1  0  0
