#5
8x13
11 2 2 1 2 2 2 1 2 2 2 2 0 
8 2 1 2 2 2 2 2 1 0 0 0 0 
8 2 1 2 2 2 1 2 2 0 0 0 0 
8 1 2 2 2 1 2 2 2 0 0 0 0 
12 1 2 2 2 1 2 1 2 1 2 2 2 
12 2 1 2 2 2 1 2 1 2 1 2 2 
8 1 2 1 2 1 2 1 2 0 0 0 0 
1 192 0 0 0 0 0 0 0 0 0 0 0
8x13
7 2 1 2 2 2 2 2 0 0 0 0 0 
8 2 1 2 2 2 2 2 1 0 0 0 0 
8 2 1 2 2 2 1 2 2 0 0 0 0 
8 1 2 2 2 1 2 2 2 0 0 0 0 
12 1 2 2 2 1 2 1 2 1 2 2 2 
12 2 1 2 2 2 1 2 1 2 1 2 2 
8 1 2 1 2 1 2 1 2 0 0 0 0 
1 192 0 0 0 0 0 0 0 0 0 0 0
8x13
12 2 1 2 1 2 2 2 1 2 2 2 2 
8 2 1 2 2 2 2 2 1 0 0 0 0 
8 2 1 2 2 2 1 2 2 0 0 0 0 
8 1 2 2 2 1 2 2 2 0 0 0 0 
12 1 2 2 2 1 2 1 2 1 2 2 2 
12 2 1 2 2 2 1 2 1 2 1 2 2 
8 1 2 1 2 1 2 1 2 0 0 0 0 
1 192 0 0 0 0 0 0 0 0 0 0 0
8x13
11 2 2 1 2 2 2 1 2 2 2 2 0 
7 2 1 2 2 2 2 2 0 0 0 0 0 
8 2 1 2 2 2 1 2 2 0 0 0 0 
8 1 2 2 2 1 2 2 2 0 0 0 0 
12 1 2 2 2 1 2 1 2 1 2 2 2 
12 2 1 2 2 2 1 2 1 2 1 2 2 
8 1 2 1 2 1 2 1 2 0 0 0 0 
3 128 0 0 0 0 0 0 0 0 0 0 0
7x12
11 2 2 1 2 2 2 1 2 2 2 2 
7 2 1 2 2 2 2 2 0 0 0 0 
8 2 1 2 2 2 2 2 1 0 0 0 
8 2 1 2 2 2 1 2 2 0 0 0 
8 1 2 2 2 1 2 2 2 0 0 0 
8 1 2 1 2 1 2 1 2 0 0 0 
4 96 0 0 0 0 0 0 0 0 0 0
