-0.548737 -0.906825 0.548737 0.906825
0.911184 0.518292
0 2.52485e-08
0.1 0.2
0.0911184 0.103658
1
529
82 69 3
0 -2.98023e-08 0 2
0.00151753 0.0175542 0 2
0.00505787 0.0552601 0 2
0.0117798 0.118672 0 2
0.0224906 0.203696 0 2
0.0295394 0.251137 0 2
0.0377938 0.299498 0 2
0.0580554 0.390788 0 2
0.0700886 0.429573 0 2
0.0765783 0.446401 0 2
0.07994 0.454079 0 2
0.0833791 0.461234 0 2
0.0904871 0.473882 0 2
0.0978967 0.484182 0 2
0.105601 0.491994 0 2
0.109562 0.494932 0 2
0.111569 0.496154 0 2
0.113594 0.49721 0 2
0.117695 0.498818 0 2
0.121865 0.499749 0 2
0.126102 0.499999 0 2
0.128246 0.499867 0 2
0.130406 0.499564 0 2
0.139205 0.49664 0 2
0.143698 0.494154 0 2
0.145967 0.492657 0 2
0.148251 0.490993 0 2
0.167033 0.471763 0 2
0.186638 0.442655 0 2
0.206939 0.404918 0 2
0.217307 0.383316 0 2
0.227796 0.360203 0 2
0.270557 0.257908 0 2
0.292125 0.204755 0 2
0.313583 0.153234 0 2
0.355421 0.0630458 0 2
0.375421 0.0275847 0 2
0.385108 0.012765 0 2
0.394554 -2.98023e-08 0 2
0.412632 -0.0192127 0 2
0.421216 -0.0256623 0 2
0.429468 -0.0300608 0 2
0.437364 -0.0324857 0 2
0.441172 -0.0329901 0 2
0.444883 -0.033043 0 2
0.452004 -0.0318648 0 2
0.455409 -0.030673 0 2
0.457071 -0.0299356 0 2
0.458706 -0.0291077 0 2
0.464969 -0.0249493 0 2
0.470774 -0.0195859 0 2
0.476103 -0.0132289 0 2
0.480937 -0.00610146 0 2
0.489056 0.00953543 0 2
0.49231 0.017573 0 2
0.495008 0.0254448 0 2
0.498686 0.0397969 0 2
0.499643 0.0458596 0 2
0.499998 0.050928 0 2
0.499745 0.0548372 0 2
0.498874 0.0574449 0 2
0.497381 0.0586337 0 2
0.4964 0.0586666 0 2
0.49585 0.0585385 0 2
0.495261 0.0583128 0 2
0.492511 0.0564193 0 2
0.489127 0.0529196 0 2
0.480461 0.0411147 0 2
0.469272 0.0232179 0 2
0.455592 -2.98023e-08 0 2
0.420994 -0.0573756 0 2
0.377345 -0.118247 0 2
0.352429 -0.145367 0 2
0.325651 -0.167887 0 2
0.297182 -0.184263 0 2
0.282373 -0.18975 0 2
0.274835 -0.191763 0 2
0.271034 -0.192581 0 2
0.267212 -0.193273 0 2
0.251727 -0.194742 0 2
0.235943 -0.194098 0 2
0.219888 -0.19131 0 2
0.211768 -0.189112 0 2
0.20359 -0.18638 0 2
0.170382 -0.170252 0 2
0.15353 -0.159209 0 2
0.136554 -0.146334 0 2
0.0680221 -0.0798696 0 2
0.0338206 -0.0406217 0 2
0.0168468 -0.02035 0 2
0 -2.98023e-08 0 2
-0.0654914 0.0768215 0 2
-0.0966694 0.108909 0 2
-0.111762 0.122569 0 2
-0.126485 0.134383 0 2
-0.140811 0.14419 0 2
-0.154713 0.151857 0 2
-0.168163 0.157277 0 2
-0.174712 0.159121 0 2
-0.181138 0.160378 0 2
-0.193611 0.161115 0 2
-0.20556 0.159477 0 2
-0.216962 0.155488 0 2
-0.222452 0.152627 0 2
-0.225142 0.150984 0 2
-0.226474 0.15011 0 2
-0.227796 0.149201 0 2
-0.247677 0.130102 0 2
-0.265056 0.103213 0 2
-0.279805 0.0699795 0 2
-0.291817 0.0321813 0 2
-0.307318 -0.0489709 0 2
-0.310711 -0.0880999 0 2
-0.311309 -0.106414 0 2
-0.311175 -0.123587 0 2
-0.308722 -0.153704 0 2
-0.30339 -0.177064 0 2
-0.299663 -0.18589 0 2
-0.29524 -0.1927 0 2
-0.290135 -0.197448 0 2
-0.287329 -0.199042 0 2
-0.285865 -0.199645 0 2
-0.285117 -0.199898 0 2
-0.284358 -0.200118 0 2
-0.277926 -0.200725 0 2
-0.274469 -0.200269 0 2
-0.270853 -0.199316 0 2
-0.263157 -0.195967 0 2
-0.254856 -0.190782 0 2
-0.23652 -0.175453 0 2
-0.216016 -0.154657 0 2
-0.16929 -0.103384 0 2
-0.116398 -0.0517131 0 2
-0.0882386 -0.0302895 0 2
-0.0592756 -0.0138529 0 2
-0.0297732 -0.00352287 0 2
-0.0149035 -0.000884473 0 2
-0.00745389 -0.000221372 0 2
-0.00372723 -5.53727e-05 0 2
0 -2.98023e-08 0 2
0.0297732 -0.00352287 0 2
0.0445751 -0.00787032 0 2
0.0592756 -0.0138529 0 2
0.0882386 -0.0302895 0 2
0.116398 -0.0517131 0 2
0.16929 -0.103384 0 2
0.216016 -0.154657 0 2
0.23652 -0.175453 0 2
0.254856 -0.190782 0 2
0.263157 -0.195967 0 2
0.270853 -0.199316 0 2
0.277926 -0.200725 0 2
0.281223 -0.200677 0 2
0.282811 -0.200462 0 2
0.284358 -0.200118 0 2
0.290135 -0.197448 0 2
0.292772 -0.195334 0 2
0.29524 -0.1927 0 2
0.299663 -0.18589 0 2
0.30339 -0.177064 0 2
0.308722 -0.153704 0 2
0.310312 -0.139413 0 2
0.311175 -0.123587 0 2
0.307318 -0.0489709 0 2
0.301008 -0.00817487 0 2
0.291817 0.0321813 0 2
0.279805 0.0699795 0 2
0.265056 0.103213 0 2
0.247677 0.130102 0 2
0.238041 0.1407 0 2
0.232993 0.145221 0 2
0.230413 0.147279 0 2
0.227796 0.149201 0 2
0.216963 0.155488 0 2
0.20556 0.159477 0 2
0.193611 0.161115 0 2
0.187439 0.161043 0 2
0.181138 0.160378 0 2
0.168163 0.157277 0 2
0.154713 0.151857 0 2
0.140811 0.14419 0 2
0.133699 0.139546 0 2
0.126485 0.134383 0 2
0.0654914 0.0768215 0 2
0.0331871 0.0398559 0 2
0.0166884 0.0201583 0 2
0 -2.98023e-08 0 2
-0.0680221 -0.0798696 0 2
-0.102351 -0.115711 0 2
-0.136554 -0.146334 0 2
-0.170382 -0.170252 0 2
-0.20359 -0.18638 0 2
-0.219888 -0.19131 0 2
-0.235943 -0.194098 0 2
-0.251727 -0.194742 0 2
-0.259508 -0.194268 0 2
-0.26337 -0.193835 0 2
-0.265294 -0.19357 0 2
-0.267212 -0.193273 0 2
-0.297182 -0.184263 0 2
-0.325651 -0.167887 0 2
-0.377345 -0.118247 0 2
-0.420994 -0.0573756 0 2
-0.455592 -2.98023e-08 0 2
-0.480461 0.0411147 0 2
-0.489127 0.0529196 0 2
-0.492511 0.0564193 0 2
-0.495261 0.0583128 0 2
-0.497381 0.0586337 0 2
-0.498874 0.0574449 0 2
-0.499745 0.0548372 0 2
-0.499998 0.050928 0 2
-0.498686 0.0397969 0 2
-0.497137 0.0329247 0 2
-0.496145 0.0292475 0 2
-0.495008 0.0254448 0 2
-0.489056 0.00953543 0 2
-0.480937 -0.00610146 0 2
-0.476103 -0.0132289 0 2
-0.470774 -0.0195859 0 2
-0.464969 -0.0249493 0 2
-0.461894 -0.0271918 0 2
-0.460314 -0.028192 0 2
-0.459513 -0.0286606 0 2
-0.458706 -0.0291077 0 2
-0.452004 -0.0318648 0 2
-0.448495 -0.0326616 0 2
-0.444883 -0.033043 0 2
-0.437364 -0.0324857 0 2
-0.433461 -0.031514 0 2
-0.429468 -0.0300608 0 2
-0.412632 -0.0192127 0 2
-0.403737 -0.0106642 0 2
-0.39918 -0.00559637 0 2
-0.394554 -2.98023e-08 0 2
-0.355421 0.0630458 0 2
-0.334744 0.105402 0 2
-0.313583 0.153234 0 2
-0.270557 0.257908 0 2
-0.249056 0.310476 0 2
-0.227796 0.360203 0 2
-0.186638 0.442655 0 2
-0.167033 0.471763 0 2
-0.157532 0.482673 0 2
-0.148251 0.490993 0 2
-0.139205 0.49664 0 2
-0.134774 0.498444 0 2
-0.130406 0.499564 0 2
-0.126102 0.499999 0 2
-0.121865 0.499749 0 2
-0.117695 0.498818 0 2
-0.115636 0.498098 0 2
-0.114613 0.497675 0 2
-0.113594 0.49721 0 2
-0.105601 0.491994 0 2
-0.0978967 0.484182 0 2
-0.0904871 0.473882 0 2
-0.086895 0.467842 0 2
-0.0833791 0.461234 0 2
-0.0580553 0.390788 0 2
-0.0472919 0.346747 0 2
-0.0377938 0.299498 0 2
-0.0224906 0.203696 0 2
-0.0117798 0.118672 0 2
0 -2.98023e-08 0 2
0.00151753 -0.0175543 0 2
0.00505787 -0.0552601 0 2
0.0117798 -0.118672 0 2
0.0224906 -0.203696 0 2
0.0295394 -0.251137 0 2
0.0377938 -0.299498 0 2
0.0580554 -0.390788 0 2
0.0700886 -0.429573 0 2
0.0765783 -0.446401 0 2
0.07994 -0.454079 0 2
0.0833791 -0.461234 0 2
0.0904871 -0.473882 0 2
0.0978967 -0.484182 0 2
0.105601 -0.491994 0 2
0.109562 -0.494932 0 2
0.111569 -0.496154 0 2
0.113594 -0.49721 0 2
0.117695 -0.498818 0 2
0.121865 -0.499749 0 2
0.126102 -0.499999 0 2
0.128246 -0.499867 0 2
0.130406 -0.499564 0 2
0.139205 -0.49664 0 2
0.143698 -0.494154 0 2
0.145967 -0.492657 0 2
0.148251 -0.490993 0 2
0.167033 -0.471763 0 2
0.186638 -0.442655 0 2
0.206939 -0.404918 0 2
0.217307 -0.383316 0 2
0.227796 -0.360203 0 2
0.270557 -0.257908 0 2
0.292125 -0.204755 0 2
0.313583 -0.153234 0 2
0.355421 -0.0630458 0 2
0.375421 -0.0275847 0 2
0.385108 -0.0127651 0 2
0.394554 -2.98023e-08 0 2
0.412632 0.0192126 0 2
0.421216 0.0256622 0 2
0.429468 0.0300608 0 2
0.437364 0.0324857 0 2
0.441172 0.0329901 0 2
0.444883 0.0330429 0 2
0.452004 0.0318648 0 2
0.455409 0.0306729 0 2
0.457071 0.0299355 0 2
0.458706 0.0291076 0 2
0.464969 0.0249493 0 2
0.470774 0.0195858 0 2
0.476103 0.0132289 0 2
0.480937 0.00610143 0 2
0.489056 -0.00953546 0 2
0.49231 -0.017573 0 2
0.495008 -0.0254448 0 2
0.498686 -0.039797 0 2
0.499643 -0.0458597 0 2
0.499998 -0.050928 0 2
0.499745 -0.0548372 0 2
0.498874 -0.057445 0 2
0.497381 -0.0586338 0 2
0.4964 -0.0586666 0 2
0.49585 -0.0585385 0 2
0.495261 -0.0583128 0 2
0.492511 -0.0564194 0 2
0.489127 -0.0529197 0 2
0.480461 -0.0411148 0 2
0.469272 -0.0232179 0 2
0.455592 -2.98023e-08 0 2
0.420994 0.0573756 0 2
0.377345 0.118247 0 2
0.352429 0.145367 0 2
0.325651 0.167887 0 2
0.297182 0.184263 0 2
0.282373 0.18975 0 2
0.274835 0.191763 0 2
0.271034 0.192581 0 2
0.267212 0.193273 0 2
0.251727 0.194742 0 2
0.235943 0.194098 0 2
0.219888 0.19131 0 2
0.211768 0.189112 0 2
0.20359 0.18638 0 2
0.170382 0.170252 0 2
0.15353 0.159209 0 2
0.136554 0.146334 0 2
0.0680221 0.0798695 0 2
0.0338206 0.0406217 0 2
0.0168468 0.0203499 0 2
0 -2.98023e-08 0 2
-0.0654914 -0.0768216 0 2
-0.0966694 -0.108909 0 2
-0.111762 -0.122569 0 2
-0.126485 -0.134383 0 2
-0.140811 -0.14419 0 2
-0.154713 -0.151857 0 2
-0.168163 -0.157277 0 2
-0.174712 -0.159121 0 2
-0.181138 -0.160378 0 2
-0.193611 -0.161115 0 2
-0.20556 -0.159477 0 2
-0.216962 -0.155488 0 2
-0.222452 -0.152627 0 2
-0.225142 -0.150984 0 2
-0.226474 -0.15011 0 2
-0.227796 -0.149201 0 2
-0.247677 -0.130102 0 2
-0.265056 -0.103213 0 2
-0.279805 -0.0699795 0 2
-0.291817 -0.0321814 0 2
-0.307318 0.0489709 0 2
-0.310711 0.0880998 0 2
-0.311309 0.106414 0 2
-0.311175 0.123587 0 2
-0.308722 0.153704 0 2
-0.30339 0.177064 0 2
-0.299663 0.18589 0 2
-0.29524 0.1927 0 2
-0.290135 0.197448 0 2
-0.287329 0.199042 0 2
-0.285865 0.199645 0 2
-0.285117 0.199898 0 2
-0.284358 0.200118 0 2
-0.277926 0.200725 0 2
-0.274469 0.200269 0 2
-0.270853 0.199316 0 2
-0.263157 0.195967 0 2
-0.254856 0.190782 0 2
-0.23652 0.175453 0 2
-0.216016 0.154657 0 2
-0.16929 0.103384 0 2
-0.116398 0.051713 0 2
-0.0882386 0.0302895 0 2
-0.0592756 0.0138528 0 2
-0.0297732 0.00352281 0 2
-0.0149035 0.000884414 0 2
-0.00745389 0.000221312 0 2
-0.00372723 5.53131e-05 0 2
0 -2.98023e-08 0 2
0.0297732 0.00352281 0 2
0.0445751 0.00787026 0 2
0.0592756 0.0138528 0 2
0.0882386 0.0302895 0 2
0.116398 0.051713 0 2
0.16929 0.103384 0 2
0.216016 0.154657 0 2
0.23652 0.175453 0 2
0.254856 0.190782 0 2
0.263157 0.195967 0 2
0.270853 0.199316 0 2
0.277926 0.200725 0 2
0.281223 0.200677 0 2
0.282811 0.200462 0 2
0.284358 0.200118 0 2
0.290135 0.197448 0 2
0.292772 0.195333 0 2
0.29524 0.1927 0 2
0.299663 0.18589 0 2
0.30339 0.177064 0 2
0.308722 0.153704 0 2
0.310312 0.139413 0 2
0.311175 0.123587 0 2
0.307318 0.0489709 0 2
0.301008 0.00817484 0 2
0.291817 -0.0321814 0 2
0.279805 -0.0699795 0 2
0.265056 -0.103213 0 2
0.247677 -0.130102 0 2
0.238041 -0.140701 0 2
0.232993 -0.145221 0 2
0.230413 -0.147279 0 2
0.227796 -0.149201 0 2
0.216963 -0.155488 0 2
0.20556 -0.159477 0 2
0.193611 -0.161115 0 2
0.187439 -0.161043 0 2
0.181138 -0.160378 0 2
0.168163 -0.157277 0 2
0.154713 -0.151857 0 2
0.140811 -0.14419 0 2
0.133699 -0.139546 0 2
0.126485 -0.134383 0 2
0.0654914 -0.0768216 0 2
0.0331871 -0.039856 0 2
0.0166884 -0.0201583 0 2
0 -2.98023e-08 0 2
-0.0680221 0.0798695 0 2
-0.102351 0.115711 0 2
-0.136554 0.146334 0 2
-0.170382 0.170252 0 2
-0.20359 0.18638 0 2
-0.219888 0.19131 0 2
-0.235943 0.194098 0 2
-0.251727 0.194742 0 2
-0.259508 0.194268 0 2
-0.26337 0.193835 0 2
-0.265294 0.19357 0 2
-0.267212 0.193273 0 2
-0.297182 0.184263 0 2
-0.325651 0.167887 0 2
-0.377345 0.118247 0 2
-0.420994 0.0573756 0 2
-0.455592 -2.98023e-08 0 2
-0.480461 -0.0411148 0 2
-0.489127 -0.0529197 0 2
-0.492511 -0.0564194 0 2
-0.495261 -0.0583128 0 2
-0.497381 -0.0586338 0 2
-0.498874 -0.057445 0 2
-0.499745 -0.0548372 0 2
-0.499998 -0.050928 0 2
-0.498686 -0.039797 0 2
-0.497137 -0.0329247 0 2
-0.496145 -0.0292475 0 2
-0.495008 -0.0254448 0 2
-0.489056 -0.00953546 0 2
-0.480937 0.00610143 0 2
-0.476103 0.0132289 0 2
-0.470774 0.0195858 0 2
-0.464969 0.0249493 0 2
-0.461894 0.0271917 0 2
-0.460314 0.028192 0 2
-0.459513 0.0286606 0 2
-0.458706 0.0291076 0 2
-0.452004 0.0318648 0 2
-0.448495 0.0326615 0 2
-0.444883 0.0330429 0 2
-0.437364 0.0324857 0 2
-0.433461 0.0315139 0 2
-0.429468 0.0300608 0 2
-0.412632 0.0192126 0 2
-0.403737 0.0106642 0 2
-0.39918 0.00559634 0 2
-0.394554 -2.98023e-08 0 2
-0.355421 -0.0630458 0 2
-0.334744 -0.105402 0 2
-0.313583 -0.153234 0 2
-0.270557 -0.257908 0 2
-0.249056 -0.310476 0 2
-0.227796 -0.360203 0 2
-0.186638 -0.442655 0 2
-0.167033 -0.471763 0 2
-0.157532 -0.482673 0 2
-0.148251 -0.490993 0 2
-0.139205 -0.49664 0 2
-0.134774 -0.498444 0 2
-0.130406 -0.499564 0 2
-0.126102 -0.499999 0 2
-0.121865 -0.499749 0 2
-0.117695 -0.498818 0 2
-0.115636 -0.498098 0 2
-0.114613 -0.497675 0 2
-0.113594 -0.49721 0 2
-0.105601 -0.491994 0 2
-0.0978967 -0.484182 0 2
-0.0904871 -0.473882 0 2
-0.086895 -0.467842 0 2
-0.0833791 -0.461234 0 2
-0.0580553 -0.390788 0 2
-0.0472919 -0.346747 0 2
-0.0377938 -0.299498 0 2
-0.0224906 -0.203696 0 2
-0.0117798 -0.118672 0 2
0 -2.98023e-08 0 2
