#10
7x11
1 3 0 0 0 0 0 0 0 0 0 
9 1 1 1 1 2 1 2 1 2 0 
10 1 1 1 1 1 2 1 1 2 1 
8 1 1 2 1 1 2 1 1 0 0 
8 1 1 1 1 2 1 1 2 0 0 
8 1 1 2 1 1 1 2 1 0 0 
1 144 0 0 0 0 0 0 0 0 0
7x11
1 3 0 0 0 0 0 0 0 0 0 
3 1 1 1 0 0 0 0 0 0 0 
10 1 1 1 1 1 2 1 1 2 1 
8 1 1 2 1 1 2 1 1 0 0 
8 1 1 1 1 2 1 1 2 0 0 
8 1 1 2 1 1 1 2 1 0 0 
1 144 0 0 0 0 0 0 0 0 0
7x11
1 3 0 0 0 0 0 0 0 0 0 
6 1 2 1 2 1 2 0 0 0 0 
10 1 1 1 1 1 2 1 1 2 1 
8 1 1 2 1 1 2 1 1 0 0 
8 1 1 1 1 2 1 1 2 0 0 
8 1 1 2 1 1 1 2 1 0 0 
1 144 0 0 0 0 0 0 0 0 0
7x11
9 1 1 1 1 2 1 2 1 2 0 
3 1 1 1 0 0 0 0 0 0 0 
10 1 1 1 1 1 2 1 1 2 1 
8 1 1 2 1 1 2 1 1 0 0 
8 1 1 1 1 2 1 1 2 0 0 
8 1 1 2 1 1 1 2 1 0 0 
1 144 0 0 0 0 0 0 0 0 0
7x11
4 1 1 1 3 0 0 0 0 0 0 
9 1 1 1 1 2 1 2 1 2 0 
10 1 1 1 1 1 2 1 1 2 1 
8 1 1 2 1 1 2 1 1 0 0 
8 1 1 1 1 2 1 1 2 0 0 
8 1 1 2 1 1 1 2 1 0 0 
1 144 0 0 0 0 0 0 0 0 0
7x11
10 1 1 1 1 2 1 2 1 2 3 
3 1 1 1 0 0 0 0 0 0 0 
10 1 1 1 1 1 2 1 1 2 1 
8 1 1 2 1 1 2 1 1 0 0 
8 1 1 1 1 2 1 1 2 0 0 
8 1 1 2 1 1 1 2 1 0 0 
1 144 0 0 0 0 0 0 0 0 0
7x11
4 1 1 1 3 0 0 0 0 0 0 
6 1 2 1 2 1 2 0 0 0 0 
10 1 1 1 1 1 2 1 1 2 1 
8 1 1 2 1 1 2 1 1 0 0 
8 1 1 1 1 2 1 1 2 0 0 
8 1 1 2 1 1 1 2 1 0 0 
1 144 0 0 0 0 0 0 0 0 0
7x10
1 3 0 0 0 0 0 0 0 0 
9 1 1 1 1 2 1 2 1 2 
3 1 1 1 0 0 0 0 0 0 
8 1 1 2 1 1 2 1 1 0 
8 1 1 1 1 2 1 1 2 0 
8 1 1 2 1 1 1 2 1 0 
1 96 0 0 0 0 0 0 0 0
6x11
1 3 0 0 0 0 0 0 0 0 0 
9 1 1 1 1 2 1 2 1 2 0 
3 1 1 1 0 0 0 0 0 0 0 
10 1 1 1 1 1 2 1 1 2 1 
8 1 1 2 1 1 1 2 1 0 0 
4 72 0 0 0 0 0 0 0 0 0
7x11
1 3 0 0 0 0 0 0 0 0 0 
9 1 1 1 1 2 1 2 1 2 0 
3 1 1 1 0 0 0 0 0 0 0 
10 1 1 1 1 1 2 1 1 2 1 
8 1 1 2 1 1 2 1 1 0 0 
8 1 1 1 1 2 1 1 2 0 0 
3 96 0 0 0 0 0 0 0 0 0
