#8
7x17
15 2 2 2 2 2 1 2 1 2 1 2 1 2 2 2 0 
16 1 2 2 2 2 2 1 2 1 2 1 2 1 2 2 2 
10 1 2 1 2 1 2 1 2 1 2 0 0 0 0 0 0 
8 1 2 2 1 2 2 2 2 0 0 0 0 0 0 0 0 
6 1 2 2 2 2 1 0 0 0 0 0 0 0 0 0 0 
16 1 2 1 2 1 2 2 2 1 2 2 2 2 2 1 2 
15 96 0 0 0 0 0 0 0 0 0 0 0 0 0 0 0
7x17
15 2 2 2 2 2 1 2 1 2 1 2 1 2 2 2 0 
10 1 2 1 2 1 2 1 2 1 2 0 0 0 0 0 0 
8 1 2 2 1 2 2 2 2 0 0 0 0 0 0 0 0 
13 2 2 2 1 2 2 1 2 1 2 2 1 2 0 0 0 
8 2 1 2 1 2 2 2 2 0 0 0 0 0 0 0 0 
16 1 2 2 2 2 2 1 2 1 2 1 2 1 2 2 2 
15 96 0 0 0 0 0 0 0 0 0 0 0 0 0 0 0
7x19
10 1 2 1 2 1 2 1 2 1 2 0 0 0 0 0 0 0 0 
10 1 2 1 2 2 1 2 1 2 2 0 0 0 0 0 0 0 0 
10 2 1 2 2 1 2 1 2 2 1 0 0 0 0 0 0 0 0 
15 2 2 2 2 2 1 2 1 2 1 2 1 2 2 2 0 0 0 
16 1 2 2 2 2 2 1 2 1 2 1 2 1 2 2 2 0 0 
18 2 2 1 2 2 1 2 1 2 1 2 2 2 2 1 2 1 2 
10 144 0 0 0 0 0 0 0 0 0 0 0 0 0 0 0 0 0
5x17
16 1 2 1 2 1 2 1 2 2 2 2 1 2 1 2 2 
16 1 2 2 1 2 1 2 2 2 2 2 1 2 2 2 2 
15 2 2 2 2 2 1 2 1 2 1 2 1 2 2 2 0 
16 1 2 2 2 2 2 1 2 1 2 1 2 1 2 2 2 
6 240 0 0 0 0 0 0 0 0 0 0 0 0 0 0 0
5x18
10 1 2 1 2 2 1 2 1 2 2 0 0 0 0 0 0 0 
16 1 2 2 1 2 1 2 2 2 2 2 1 2 2 2 2 0 
16 1 2 2 1 2 1 2 1 2 2 2 2 2 1 2 2 0 
17 1 2 1 2 2 2 1 2 2 2 2 2 1 2 2 2 2 
6 240 0 0 0 0 0 0 0 0 0 0 0 0 0 0 0 0
6x17
8 2 2 2 2 2 1 2 1 0 0 0 0 0 0 0 0 
14 2 2 2 2 2 1 2 2 2 2 2 1 2 2 0 0 
8 2 2 2 1 2 1 2 2 0 0 0 0 0 0 0 0 
16 1 2 1 2 1 2 2 1 2 1 2 2 1 2 2 2 
15 2 2 2 2 2 1 2 1 2 1 2 1 2 2 2 0 
1 720 0 0 0 0 0 0 0 0 0 0 0 0 0 0 0
6x17
8 2 2 2 2 2 1 2 1 0 0 0 0 0 0 0 0 
14 2 2 2 2 2 1 2 2 2 2 2 1 2 2 0 0 
8 2 2 2 1 2 1 2 2 0 0 0 0 0 0 0 0 
16 1 2 1 2 1 2 2 1 2 1 2 2 1 2 2 2 
16 1 2 2 2 2 2 1 2 1 2 1 2 1 2 2 2 
1 720 0 0 0 0 0 0 0 0 0 0 0 0 0 0 0
6x17
8 2 2 2 2 2 1 2 1 0 0 0 0 0 0 0 0 
14 2 2 2 2 2 1 2 2 2 2 2 1 2 2 0 0 
8 2 2 2 1 2 1 2 2 0 0 0 0 0 0 0 0 
16 1 2 1 2 1 2 2 1 2 1 2 2 1 2 2 2 
13 2 1 2 1 2 2 1 2 2 1 2 1 2 0 0 0 
1 720 0 0 0 0 0 0 0 0 0 0 0 0 0 0 0
