#8
6x8
7 1 3 3 3 3 1 3 
3 3 1 3 0 0 0 0 
4 1 3 1 3 0 0 0 
6 3 3 3 3 3 3 0 
4 3 3 3 3 0 0 0 
1 48 0 0 0 0 0 0
6x8
7 1 3 3 3 3 1 3 
1 2 0 0 0 0 0 0 
4 1 3 1 3 0 0 0 
6 3 3 3 3 3 3 0 
4 3 3 3 3 0 0 0 
1 48 0 0 0 0 0 0
6x8
7 1 3 3 3 3 1 3 
4 2 3 1 3 0 0 0 
4 1 3 1 3 0 0 0 
6 3 3 3 3 3 3 0 
4 3 3 3 3 0 0 0 
1 48 0 0 0 0 0 0
6x7
3 3 1 3 0 0 0 
1 2 0 0 0 0 0 
4 1 3 1 3 0 0 
6 3 3 3 3 3 3 
4 3 3 3 3 0 0 
1 48 0 0 0 0 0
6x9
8 1 2 3 3 3 3 1 3 
3 3 1 3 0 0 0 0 0 
4 1 3 1 3 0 0 0 0 
6 3 3 3 3 3 3 0 0 
4 3 3 3 3 0 0 0 0 
1 48 0 0 0 0 0 0 0
6x7
4 1 3 3 3 0 0 
1 2 0 0 0 0 0 
4 1 3 1 3 0 0 
6 3 3 3 3 3 3 
4 3 3 3 3 0 0 
1 48 0 0 0 0 0
6x9
8 1 2 3 3 3 3 1 3 
4 2 3 1 3 0 0 0 0 
4 1 3 1 3 0 0 0 0 
6 3 3 3 3 3 3 0 0 
4 3 3 3 3 0 0 0 0 
1 48 0 0 0 0 0 0 0
6x8
7 1 3 3 3 3 1 3 
3 3 1 3 0 0 0 0 
1 2 0 0 0 0 0 0 
4 1 3 1 3 0 0 0 
6 3 3 3 3 3 3 0 
3 32 0 0 0 0 0 0
