AT 4
3.162369563372018945e-10
0
0
0
DERIV 1
-7.744303514897069852e-10
0
0
0
DERIV 2
9.936702841342300369e-10
0
0
0
DERIV 3
-8.918997094917507032e-10
0
0
0
DERIV 4
6.306845323409810568e-10
0
0
0
DERIV 5
-3.750415192592141404e-10
0
0
0
DERIV 6
1.9544690214540115164e-10
0
0
0
DERIV 7
-9.182166428866042049e-11
0
0
0
DERIV 8
3.969276972825869999e-11
0
0
0
DERIV 9
-1.6031970193145834537e-11
0
0
0
DERIV 10
6.122017545524357945e-12
0
0
0
DERIV 11
-2.2307552686356382146e-12
0
0
0
DERIV 12
7.813704432073496115e-13
0
0
0
DERIV 13
-2.646588122190821396e-13
0
0
0
DERIV 14
8.710383605051261257e-14
0
0
0
DERIV 15
-2.7966101755240187899e-14
0
0
0
DERIV 16
8.788116330163473649e-15
0
0
0
DERIV 17
-2.7102999484300874112e-15
0
0
0
DERIV 18
8.222316538019117309e-16
0
0
0
DERIV 19
-2.458492791311759851e-16
0
0
0
DERIV 20
7.257008018862269375e-17
0
0
0
DERIV 21
-2.1177369780735379815e-17
0
0
0
DERIV 22
6.116990590958625892e-18
0
0
0
DERIV 23
-1.7506883107185520483e-18
0
0
0
DERIV 24
4.969112750627434602e-19
0
0
0
DERIV 25
-1.3998808878085072162e-19
0
0
0
DERIV 26
3.916931562185217927e-20
0
0
0
DERIV 27
-1.0892000602901323816e-20
0
0
0
DERIV 28
3.0116824554285791555e-21
0
0
0
DERIV 29
-8.284322736903543652e-22
0
0
0
DERIV 30
2.267956306211857373e-22
0
0
0
DERIV 31
-6.181671307561805082e-23
0
0
0
DERIV 32
1.6780974700616637137e-23
0
0
0
DERIV 33
-4.538371048926568647e-24
0
0
0
DERIV 34
1.2231303389871671678e-24
0
0
0
DERIV 35
-3.285808610487037490e-25
0
0
0
AT 33/8
2.333605033661847360e-10
0
0
0
DERIV 1
-5.633176920405570905e-10
0
0
0
DERIV 2
7.116704205606764543e-10
0
0
0
DERIV 3
-6.282446183329675034e-10
0
0
0
DERIV 4
4.364358507376970565e-10
0
0
0
DERIV 5
-2.546936750180879682e-10
0
0
0
DERIV 6
1.3012326103163914225e-10
0
0
0
DERIV 7
-5.987446814432690291e-11
0
0
0
DERIV 8
2.5327402938216776416e-11
0
0
0
DERIV 9
-1.0002125386572091241e-11
0
0
0
DERIV 10
3.731649792582051509e-12
0
0
0
DERIV 11
-1.3275919441508230400e-12
0
0
0
DERIV 12
4.537438296368121984e-13
0
0
0
DERIV 13
-1.4987982127569576829e-13
0
0
0
DERIV 14
4.808218203506608554e-14
0
0
0
DERIV 15
-1.5041066137857698705e-14
0
0
0
DERIV 16
4.603332897866550994e-15
0
0
0
DERIV 17
-1.3822038583980064701e-15
0
0
0
DERIV 18
4.081233703142383516e-16
0
0
0
DERIV 19
-1.1873734958261361275e-16
0
0
0
DERIV 20
3.409481412442027355e-17
0
0
0
DERIV 21
-9.676477793028712907e-18
0
0
0
DERIV 22
2.7177509931014463737e-18
0
0
0
DERIV 23
-7.561846552790858465e-19
0
0
0
DERIV 24
2.0862832163202838864e-19
0
0
0
DERIV 25
-5.712100027009615624e-20
0
0
0
DERIV 26
1.5531087877221721170e-20
0
0
0
DERIV 27
-4.196245285393912027e-21
0
0
0
DERIV 28
1.1272248036394054500e-21
0
0
0
DERIV 29
-3.012045479734203400e-22
0
0
0
DERIV 30
8.009420552925187263e-23
0
0
0
DERIV 31
-2.1202950664107270238e-23
0
0
0
DERIV 32
5.589804656124421795e-24
0
0
0
DERIV 33
-1.4680345317607950084e-24
0
0
0
DERIV 34
3.841811278608203372e-25
0
0
0
DERIV 35
-1.0020859072436945938e-25
0
0
0
AT 17/4
1.7293785026835345516e-10
0
0
0
DERIV 1
-4.117279846901005086e-10
0
0
0
DERIV 2
5.124607608197229391e-10
0
0
0
DERIV 3
-4.452109821691949520e-10
0
0
0
DERIV 4
3.040541360732793707e-10
0
0
0
DERIV 5
-1.7425851818195751578e-10
0
0
0
DERIV 6
8.734695333633483556e-11
0
0
0
DERIV 7
-3.939555550489149139e-11
0
0
0
DERIV 8
1.6320446908384542827e-11
0
0
0
DERIV 9
-6.306983812162250635e-12
0
0
0
DERIV 10
2.3009131806512716437e-12
0
0
0
DERIV 11
-7.999171991853780406e-13
0
0
0
DERIV 12
2.670000923527062810e-13
0
0
0
DERIV 13
-8.608541572860918702e-14
0
0
0
DERIV 14
2.6943006819485234874e-14
0
0
0
DERIV 15
-8.219167253986008745e-15
0
0
0
DERIV 16
2.4521137354951632964e-15
0
0
0
DERIV 17
-7.174784813847650059e-16
0
0
0
DERIV 18
2.0637740484359874749e-16
0
0
0
DERIV 19
-5.847514600171326728e-17
0
0
0
DERIV 20
1.6348478968355481065e-17
0
0
0
DERIV 21
-4.516625907234545810e-18
0
0
0
DERIV 22
1.2346011189534918944e-18
0
0
0
DERIV 23
-3.342612078219187253e-19
0
0
0
DERIV 24
8.972241747112463003e-20
0
0
0
DERIV 25
-2.3896166369793536973e-20
0
0
0
DERIV 26
6.319461740174741935e-21
0
0
0
DERIV 27
-1.6604705067272571947e-21
0
0
0
DERIV 28
4.337344314553585746e-22
0
0
0
DERIV 29
-1.1268681114034757033e-22
0
0
0
DERIV 30
2.913196098828236257e-23
0
0
0
DERIV 31
-7.496942295157664685e-24
0
0
0
DERIV 32
1.9211837850240550872e-24
0
0
0
DERIV 33
-4.904117055626742458e-25
0
0
0
DERIV 34
1.2473350841065995959e-25
0
0
0
DERIV 35
-3.161892391379099005e-26
0
0
0
AT 35/8
1.2867872823397863874e-10
0
0
0
DERIV 1
-3.023043534861429944e-10
0
0
0
DERIV 2
3.709044985854408836e-10
0
0
0
DERIV 3
-3.173104545565685571e-10
0
0
0
DERIV 4
2.1317783582675624777e-10
0
0
0
DERIV 5
-1.2006755475618812279e-10
0
0
0
DERIV 6
5.908886208151526497e-11
0
0
0
DERIV 7
-2.6142025927100501072e-11
0
0
0
DERIV 8
1.0614304824705821452e-11
0
0
0
DERIV 9
-4.017070097569377858e-12
0
0
0
DERIV 10
1.4341840770099630438e-12
0
0
0
DERIV 11
-4.876220372985711822e-13
0
0
0
DERIV 12
1.5908413187955222661e-13
0
0
0
DERIV 13
-5.010615588108387440e-14
0
0
0
DERIV 14
1.5312496864552445291e-14
0
0
0
DERIV 15
-4.559110271819299412e-15
0
0
0
DERIV 16
1.3270232356172282656e-15
0
0
0
DERIV 17
-3.786894309238378661e-16
0
0
0
DERIV 18
1.0620357584377165390e-16
0
0
0
DERIV 19
-2.933128667251007040e-17
0
0
0
DERIV 20
7.991205880562930308e-18
0
0
0
DERIV 21
-2.1509357787945744835e-18
0
0
0
DERIV 22
5.727051728784037198e-19
0
0
0
DERIV 23
-1.5100897514835270864e-19
0
0
0
DERIV 24
3.946924366311899424e-20
0
0
0
DERIV 25
-1.0234401988990550435e-20
0
0
0
DERIV 26
2.6347047487245466285e-21
0
0
0
DERIV 27
-6.738249864677468838e-22
0
0
0
DERIV 28
1.7129907906441668897e-22
0
0
0
DERIV 29
-4.330865068537570878e-23
0
0
0
DERIV 30
1.0894333796787769698e-23
0
0
0
DERIV 31
-2.7277640340303714322e-24
0
0
0
DERIV 32
6.800619470610831121e-25
0
0
0
DERIV 33
-1.6887496012318870413e-25
0
0
0
DERIV 34
4.178138129023900434e-26
0
0
0
DERIV 35
-1.0301832901807215073e-26
0
0
0
AT 9/2
9.611491460078958739e-11
0
0
0
DERIV 1
-2.2292311153013383482e-10
0
0
0
DERIV 2
2.697541354935468136e-10
0
0
0
DERIV 3
-2.2738038497796530776e-10
0
0
0
DERIV 4
1.5036454052962626737e-10
0
0
0
DERIV 5
-8.328116627967166177e-11
0
0
0
DERIV 6
4.026647441374533849e-11
0
0
0
DERIV 7
-1.7486931622338127353e-11
0
0
0
DERIV 8
6.963787480063802520e-12
0
0
0
DERIV 9
-2.5829250681983585426e-12
0
0
0
DERIV 10
9.031319101075498191e-13
0
0
0
DERIV 11
-3.005353172545345195e-13
0
0
0
DERIV 12
9.590753512051160522e-14
0
0
0
DERIV 13
-2.953267924921476493e-14
0
0
0
DERIV 14
8.819392218668799898e-15
0
0
0
DERIV 15
-2.5648945023037362684e-15
0
0
0
DERIV 16
7.289530598027161265e-16
0
0
0
DERIV 17
-2.0304289132401160950e-16
0
0
0
DERIV 18
5.556413243021821978e-17
0
0
0
DERIV 19
-1.4969873829453229979e-17
0
0
0
DERIV 20
3.977625487962567489e-18
0
0
0
DERIV 21
-1.0439199200251846973e-18
0
0
0
DERIV 22
2.709643317067392122e-19
0
0
0
DERIV 23
-6.963804390590325626e-20
0
0
0
DERIV 24
1.7737578450627270401e-20
0
0
0
DERIV 25
-4.481519072055300450e-21
0
0
0
DERIV 26
1.1239923804703558696e-21
0
0
0
DERIV 27
-2.800230260609945114e-22
0
0
0
DERIV 28
6.933748739930816425e-23
0
0
0
DERIV 29
-1.7072987257424307284e-23
0
0
0
DERIV 30
4.182311545295150357e-24
0
0
0
DERIV 31
-1.0196842291242102899e-24
0
0
0
DERIV 32
2.475232004744766559e-25
0
0
0
DERIV 33
-5.984243248945948719e-26
0
0
0
DERIV 34
1.4413642090412695991e-26
0
0
0
DERIV 35
-3.459592924653733893e-27
0
0
0
AT 37/8
7.205464592823222623e-11
0
0
0
DERIV 1
-1.6506304050592164757e-10
0
0
0
DERIV 2
1.9709353669994530673e-10
0
0
0
DERIV 3
-1.6377619003497677634e-10
0
0
0
DERIV 4
1.0666562784310387250e-10
0
0
0
DERIV 5
-5.813055097562946131e-11
0
0
0
DERIV 6
2.7630686364500931317e-11
0
0
0
DERIV 7
-1.1786442738209703977e-11
0
0
0
DERIV 8
4.606683344969913717e-12
0
0
0
DERIV 9
-1.6757341284414113564e-12
0
0
0
DERIV 10
5.742445120639662244e-13
0
0
0
DERIV 11
-1.8716332224502322878e-13
0
0
0
DERIV 12
5.846681478835934906e-14
0
0
0
DERIV 13
-1.7614344997793512332e-14
0
0
0
DERIV 14
5.144068813598461795e-15
0
0
0
DERIV 15
-1.4623789588056355004e-15
0
0
0
DERIV 16
4.061146642207903193e-16
0
0
0
DERIV 17
-1.1049654323708911248e-16
0
0
0
DERIV 18
2.952809011833295792e-17
0
0
0
DERIV 19
-7.766411619230950468e-18
0
0
0
DERIV 20
2.0141001112479508416e-18
0
0
0
DERIV 21
-5.158023218951229825e-19
0
0
0
DERIV 22
1.3061727419718615557e-19
0
0
0
DERIV 23
-3.274380913601326345e-20
0
0
0
DERIV 24
8.133926832744555399e-21
0
0
0
DERIV 25
-2.0039652153088465412e-21
0
0
0
DERIV 26
4.900369394700767477e-22
0
0
0
DERIV 27
-1.1901629381959709673e-22
0
0
0
DERIV 28
2.872627568555360817e-23
0
0
0
DERIV 29
-6.894054753268482060e-24
0
0
0
DERIV 30
1.6458668902189077513e-24
0
0
0
DERIV 31
-3.910385532354672270e-25
0
0
0
DERIV 32
9.249339749761382260e-26
0
0
0
DERIV 33
-2.1787784584464966241e-26
0
0
0
DERIV 34
5.112779430716787696e-27
0
0
0
DERIV 35
-1.1955299604738309847e-27
0
0
0
AT 19/4
5.420584445928163505e-11
0
0
0
DERIV 1
-1.2269953885361795611e-10
0
0
0
DERIV 2
1.4463610349949304857e-10
0
0
0
DERIV 3
-1.1854029835374551050e-10
0
0
0
DERIV 4
7.607697788570871092e-11
0
0
0
DERIV 5
-4.081854806267541972e-11
0
0
0
DERIV 6
1.9085042748944493307e-11
0
0
0
DERIV 7
-8.001544634637475356e-12
0
0
0
DERIV 8
3.0713604200377327961e-12
0
0
0
DERIV 9
-1.0964358508572056417e-12
0
0
0
DERIV 10
3.684841504081106220e-13
0
0
0
DERIV 11
-1.1771147800906527069e-13
0
0
0
DERIV 12
3.601965535311403917e-14
0
0
0
DERIV 13
-1.0624471009009004011e-14
0
0
0
DERIV 14
3.0363951275885041646e-15
0
0
0
DERIV 15
-8.443877338590883346e-16
0
0
0
DERIV 16
2.292973239444433537e-16
0
0
0
DERIV 17
-6.098479738486109752e-17
0
0
0
DERIV 18
1.5925747622829080965e-17
0
0
0
DERIV 19
-4.092216997785292130e-18
0
0
0
DERIV 20
1.0365423650930070734e-18
0
0
0
DERIV 21
-2.592158161832828260e-19
0
0
0
DERIV 22
6.408623700298308519e-20
0
0
0
DERIV 23
-1.5681995232499566053e-20
0
0
0
DERIV 24
3.801978753810838544e-21
0
0
0
DERIV 25
-9.140559275372555584e-22
0
0
0
DERIV 26
2.180852174688104024e-22
0
0
0
DERIV 27
-5.167321253076234062e-23
0
0
0
DERIV 28
1.2166100673584542842e-23
0
0
0
DERIV 29
-2.8478385932992345442e-24
0
0
0
DERIV 30
6.630756947053589417e-25
0
0
0
DERIV 31
-1.5363077733070997990e-25
0
0
0
DERIV 32
3.543440031789572412e-26
0
0
0
DERIV 33
-8.138629001692340627e-27
0
0
0
DERIV 34
1.8620424778808630183e-27
0
0
0
DERIV 35
-4.244827394354894972e-28
0
0
0
AT 39/8
4.091421416069135665e-11
0
0
0
DERIV 1
-9.154927333768406146e-11
0
0
0
DERIV 2
1.0658354477506766440e-10
0
0
0
DERIV 3
-8.619765308256723577e-11
0
0
0
DERIV 4
5.454001236268297505e-11
0
0
0
DERIV 5
-2.8825431860606316758e-11
0
0
0
DERIV 6
1.3264878533405569345e-11
0
0
0
DERIV 7
-5.469243790759904247e-12
0
0
0
DERIV 8
2.0629941743373659921e-12
0
0
0
DERIV 9
-7.231958235258432837e-13
0
0
0
DERIV 10
2.385125179668007689e-13
0
0
0
DERIV 11
-7.472536489181935992e-14
0
0
0
DERIV 12
2.2413285884546988876e-14
0
0
0
DERIV 13
-6.476968690226709404e-15
0
0
0
DERIV 14
1.8126906912360592015e-15
0
0
0
DERIV 15
-4.934349761024472207e-16
0
0
0
DERIV 16
1.3111395297342311614e-16
0
0
0
DERIV 17
-3.411055528253323235e-17
0
0
0
DERIV 18
8.710722302889986466e-18
0
0
0
DERIV 19
-2.1881797141057925684e-18
0
0
0
DERIV 20
5.417212350885946815e-19
0
0
0
DERIV 21
-1.3237915487996552171e-19
0
0
0
DERIV 22
3.197468198413590332e-20
0
0
0
DERIV 23
-7.642727550679127724e-21
0
0
0
DERIV 24
1.8096386861253466686e-21
0
0
0
DERIV 25
-4.248406711566482910e-22
0
0
0
DERIV 26
9.896746498552885595e-23
0
0
0
DERIV 27
-2.2892408527398165163e-23
0
0
0
DERIV 28
5.261247462911791308e-24
0
0
0
DERIV 29
-1.2020418292678899271e-24
0
0
0
DERIV 30
2.731451289534524238e-25
0
0
0
DERIV 31
-6.175857487954527926e-26
0
0
0
DERIV 32
1.3899472329483760345e-26
0
0
0
DERIV 33
-3.1149195111024662371e-27
0
0
0
DERIV 34
6.953093624943079250e-28
0
0
0
DERIV 35
-1.5463727192067888515e-28
0
0
0
AT 5
3.098005195109818421e-11
0
0
0
DERIV 1
-6.855070525431343358e-11
0
0
0
DERIV 2
7.885483522605841610e-11
0
0
0
DERIV 3
-6.295688873679905411e-11
0
0
0
DERIV 4
3.929185461262863615e-11
0
0
0
DERIV 5
-2.0466264776242439422e-11
0
0
0
DERIV 6
9.274449725091965450e-12
0
0
0
DERIV 7
-3.762664133057406406e-12
0
0
0
DERIV 8
1.3954951632723436427e-12
0
0
0
DERIV 9
-4.806702045984859731e-13
0
0
0
DERIV 10
1.5566233183028539818e-13
0
0
0
DERIV 11
-4.785897986492459489e-14
0
0
0
DERIV 12
1.4079514742900549076e-14
0
0
0
DERIV 13
-3.988646265255504671e-15
0
0
0
DERIV 14
1.0938400433740762569e-15
0
0
0
DERIV 15
-2.916486338366767975e-16
0
0
0
DERIV 16
7.587864650831368383e-17
0
0
0
DERIV 17
-1.9322199804113249663e-17
0
0
0
DERIV 18
4.828250114348329204e-18
0
0
0
DERIV 19
-1.1865058621335434600e-18
0
0
0
DERIV 20
2.872824112021534150e-19
0
0
0
DERIV 21
-6.864426607480175587e-20
0
0
0
DERIV 22
1.6209018452506173805e-20
0
0
0
DERIV 23
-3.786928857007520693e-21
0
0
0
DERIV 24
8.762915505205881574e-22
0
0
0
DERIV 25
-2.0101893193947132039e-22
0
0
0
DERIV 26
4.575086609834803980e-23
0
0
0
DERIV 27
-1.0338114860977607593e-23
0
0
0
DERIV 28
2.3207755887048408506e-24
0
0
0
DERIV 29
-5.178621837038292818e-25
0
0
0
DERIV 30
1.1492052006728545666e-25
0
0
0
DERIV 31
-2.5373097175645466853e-26
0
0
0
DERIV 32
5.575863910886562006e-27
0
0
0
DERIV 33
-1.2200187794424978839e-27
0
0
0
DERIV 34
2.658729757864484994e-28
0
0
0
DERIV 35
-5.772440933254654922e-29
0
0
0
AT 41/8
2.3529359743286846584e-11
0
0
0
DERIV 1
-5.150451342138606101e-11
0
0
0
DERIV 2
5.856157546218977856e-11
0
0
0
DERIV 3
-4.617644446591771767e-11
0
0
0
DERIV 4
2.8439042990617565843e-11
0
0
0
DERIV 5
-1.4606087818458679519e-11
0
0
0
DERIV 6
6.521140301319049741e-12
0
0
0
DERIV 7
-2.6046025515065094424e-12
0
0
0
DERIV 8
9.503244919145372155e-13
0
0
0
DERIV 9
-3.218059206987027082e-13
0
0
0
DERIV 10
1.0239044171763650549e-13
0
0
0
DERIV 11
-3.091114022795098347e-14
0
0
0
DERIV 12
8.924470612424301628e-15
0
0
0
DERIV 13
-2.4799977104474128019e-15
0
0
0
DERIV 14
6.668339794700600110e-16
0
0
0
DERIV 15
-1.7425583718004411138e-16
0
0
0
DERIV 16
4.441734571131291360e-17
0
0
0
DERIV 17
-1.1077781148614189767e-17
0
0
0
DERIV 18
2.7103206762602820388e-18
0
0
0
DERIV 19
-6.519580313038919533e-19
0
0
0
DERIV 20
1.5448028589738024856e-19
0
0
0
DERIV 21
-3.611504324527126538e-20
0
0
0
DERIV 22
8.342093388746783418e-21
0
0
0
DERIV 23
-1.9061742944229402419e-21
0
0
0
DERIV 24
4.313314019873011974e-22
0
0
0
DERIV 25
-9.674369427902471690e-23
0
0
0
DERIV 26
2.1525351525609046225e-23
0
0
0
DERIV 27
-4.754497034096996248e-24
0
0
0
DERIV 28
1.0431825004247687006e-24
0
0
0
DERIV 29
-2.274892915383207960e-25
0
0
0
DERIV 30
4.933138459629945904e-26
0
0
0
DERIV 31
-1.0642429779239657518e-26
0
0
0
DERIV 32
2.2850022774236886697e-27
0
0
0
DERIV 33
-4.884457972713481768e-28
0
0
0
DERIV 34
1.0398485069680917807e-28
0
0
0
DERIV 35
-2.2053330232124183819e-29
0
0
0
AT 21/4
1.7922652885960015704e-11
0
0
0
DERIV 1
-3.882316209790444893e-11
0
0
0
DERIV 2
4.364860207870579581e-11
0
0
0
DERIV 3
-3.400512173375580512e-11
0
0
0
DERIV 4
2.0675662254059193429e-11
0
0
0
DERIV 5
-1.0475089227991403675e-11
0
0
0
DERIV 6
4.609926980850864757e-12
0
0
0
DERIV 7
-1.8135860320118619006e-12
0
0
0
DERIV 8
6.513127630457167156e-13
0
0
0
DERIV 9
-2.1694266477452234982e-13
0
0
0
DERIV 10
6.785392829666326869e-14
0
0
0
DERIV 11
-2.0125489083812110113e-14
0
0
0
DERIV 12
5.705594255197411367e-15
0
0
0
DERIV 13
-1.5561355506551013462e-15
0
0
0
DERIV 14
4.104885639803416677e-16
0
0
0
DERIV 15
-1.0519255560158961369e-16
0
0
0
DERIV 16
2.6285009944303030153e-17
0
0
0
DERIV 17
-6.424285115515896958e-18
0
0
0
DERIV 18
1.5398609984811823319e-18
0
0
0
DERIV 19
-3.627889392410223402e-19
0
0
0
DERIV 20
8.417379901674160050e-20
0
0
0
DERIV 21
-1.9264928029819399191e-20
0
0
0
DERIV 22
4.355565642453480971e-21
0
0
0
DERIV 23
-9.739692883452550936e-22
0
0
0
DERIV 24
2.156437520059793118e-22
0
0
0
DERIV 25
-4.731817607060274653e-23
0
0
0
DERIV 26
1.0298575745086342433e-23
0
0
0
DERIV 27
-2.2248473514122389867e-24
0
0
0
DERIV 28
4.773933115934562185e-25
0
0
0
DERIV 29
-1.0180125531585709453e-25
0
0
0
DERIV 30
2.1584947720904029641e-26
0
0
0
DERIV 31
-4.552675173812116536e-27
0
0
0
DERIV 32
9.556003133545901859e-28
0
0
0
DERIV 33
-1.9968160044584429505e-28
0
0
0
DERIV 34
4.155223761370609473e-29
0
0
0
DERIV 35
-8.613387929586553980e-30
0
0
0
AT 43/8
1.3690095630523855078e-11
0
0
0
DERIV 1
-2.935546197438388386e-11
0
0
0
DERIV 2
3.264621898160353553e-11
0
0
0
DERIV 3
-2.5138397715803982611e-11
0
0
0
DERIV 4
1.5095555507647993781e-11
0
0
0
DERIV 5
-7.547674706771705376e-12
0
0
0
DERIV 6
3.2756103755161766850e-12
0
0
0
DERIV 7
-1.2698933409657188083e-12
0
0
0
DERIV 8
4.491091037039157399e-13
0
0
0
DERIV 9
-1.4721740842895692787e-13
0
0
0
DERIV 10
4.528745130555229027e-14
0
0
0
DERIV 11
-1.3203639464972500520e-14
0
0
0
DERIV 12
3.677622863861252726e-15
0
0
0
DERIV 13
-9.849777528764224282e-16
0
0
0
DERIV 14
2.550377629622667784e-16
0
0
0
DERIV 15
-6.412712510061841340e-17
0
0
0
DERIV 16
1.5716764863070220073e-17
0
0
0
DERIV 17
-3.766497847363849028e-18
0
0
0
DERIV 18
8.849637342986759454e-19
0
0
0
DERIV 19
-2.0432164539199903426e-19
0
0
0
DERIV 20
4.644618187429732445e-20
0
0
0
DERIV 21
-1.0412607424489413612e-20
0
0
0
DERIV 22
2.3055301952062853253e-21
0
0
0
DERIV 23
-5.048109027638629704e-22
0
0
0
DERIV 24
1.0942277087766674786e-22
0
0
0
DERIV 25
-2.3502966065969338371e-23
0
0
0
DERIV 26
5.006541661143100390e-24
0
0
0
DERIV 27
-1.0584590776782327397e-24
0
0
0
DERIV 28
2.222363472239403925e-25
0
0
0
DERIV 29
-4.636738196662069813e-26
0
0
0
DERIV 30
9.618127619095798742e-27
0
0
0
DERIV 31
-1.9844902490883364762e-27
0
0
0
DERIV 32
4.074431072780729082e-28
0
0
0
DERIV 33
-8.327322726989427031e-29
0
0
0
DERIV 34
1.6947634131091814878e-29
0
0
0
DERIV 35
-3.435649208928639482e-30
0
0
0
AT 11/2
1.0485128639522503647e-11
0
0
0
DERIV 1
-2.2262981554761723160e-11
0
0
0
DERIV 2
2.4498340012564224843e-11
0
0
0
DERIV 3
-1.8652118929823641622e-11
0
0
0
DERIV 4
1.1066314309390739546e-11
0
0
0
DERIV 5
-5.462731702992058345e-12
0
0
0
DERIV 6
2.3389339858820794439e-12
0
0
0
DERIV 7
-8.939607186629329503e-13
0
0
0
DERIV 8
3.114856687074242731e-13
0
0
0
DERIV 9
-1.0053224357663365143e-13
0
0
0
DERIV 10
3.043169102580036595e-14
0
0
0
DERIV 11
-8.725771583909634385e-15
0
0
0
DERIV 12
2.3890081973616555610e-15
0
0
0
DERIV 13
-6.286567151910176820e-16
0
0
0
DERIV 14
1.5986091358279736299e-16
0
0
0
DERIV 15
-3.946034561202795022e-17
0
0
0
DERIV 16
9.490953492286871062e-18
0
0
0
DERIV 17
-2.2313756278351611661e-18
0
0
0
DERIV 18
5.141888180847239250e-19
0
0
0
DERIV 19
-1.1640179231376134956e-19
0
0
0
DERIV 20
2.5938225261492061245e-20
0
0
0
DERIV 21
-5.699034437423676448e-21
0
0
0
DERIV 22
1.2364584565953458806e-21
0
0
0
DERIV 23
-2.652330368616175620e-22
0
0
0
DERIV 24
5.631538594813988979e-23
0
0
0
DERIV 25
-1.1846746028471573562e-23
0
0
0
DERIV 26
2.4712318881878399395e-24
0
0
0
DERIV 27
-5.115596089739045712e-25
0
0
0
DERIV 28
1.0515635764165277340e-25
0
0
0
DERIV 29
-2.1477666406706732024e-26
0
0
0
DERIV 30
4.360924398769689965e-27
0
0
0
DERIV 31
-8.806699770741542791e-28
0
0
0
DERIV 32
1.7695915143937063063e-28
0
0
0
DERIV 33
-3.539334074204819760e-29
0
0
0
DERIV 34
7.048651216431312348e-30
0
0
0
DERIV 35
-1.3981680444904917763e-30
0
0
0
AT 45/8
8.051156129537806193e-12
0
0
0
DERIV 1
-1.6932521882824759536e-11
0
0
0
DERIV 2
1.8442592544750464986e-11
0
0
0
DERIV 3
-1.3888286050008807502e-11
0
0
0
DERIV 4
8.144143797932652540e-12
0
0
0
DERIV 5
-3.970666363138054332e-12
0
0
0
DERIV 6
1.6779448922627226094e-12
0
0
0
DERIV 7
-6.325411392514059082e-13
0
0
0
DERIV 8
2.1723789781896869421e-13
0
0
0
DERIV 9
-6.906548923872853350e-14
0
0
0
DERIV 10
2.0581977849158706282e-14
0
0
0
DERIV 11
-5.806766662742033270e-15
0
0
0
DERIV 12
1.5635055639332392229e-15
0
0
0
DERIV 13
-4.044322731512019967e-16
0
0
0
DERIV 14
1.0105112787198947185e-16
0
0
0
DERIV 15
-2.4499587011441635870e-17
0
0
0
DERIV 16
5.785678873595516423e-18
0
0
0
DERIV 17
-1.3351359435450667389e-18
0
0
0
DERIV 18
3.018967609612323463e-19
0
0
0
DERIV 19
-6.704479200266105632e-20
0
0
0
DERIV 20
1.4652524156682773756e-20
0
0
0
DERIV 21
-3.1568009860830243035e-21
0
0
0
DERIV 22
6.714517467213008978e-22
0
0
0
DERIV 23
-1.4118081297688096781e-22
0
0
0
DERIV 24
2.937773596149294138e-23
0
0
0
DERIV 25
-6.055781674444787361e-24
0
0
0
DERIV 26
1.2376754648725864966e-24
0
0
0
DERIV 27
-2.509914780574439357e-25
0
0
0
DERIV 28
5.053816900109456647e-26
0
0
0
DERIV 29
-1.0109929472351544576e-26
0
0
0
DERIV 30
2.0103705035081980980e-27
0
0
0
DERIV 31
-3.975666573705802103e-28
0
0
0
DERIV 32
7.822303218548976396e-29
0
0
0
DERIV 33
-1.5318502721214085972e-29
0
0
0
DERIV 34
2.9867893874068328284e-30
0
0
0
DERIV 35
-5.800088337363342415e-31
0
0
0
AT 23/4
6.197504096931455318e-12
0
0
0
DERIV 1
-1.2913816893313190095e-11
0
0
0
DERIV 2
1.3926208192115539837e-11
0
0
0
DERIV 3
-1.0376140814282926737e-11
0
0
0
DERIV 4
6.015968146518488491e-12
0
0
0
DERIV 5
-2.8979758219911936811e-12
0
0
0
DERIV 6
1.2091604742364520544e-12
0
0
0
DERIV 7
-4.497612095636406344e-13
0
0
0
DERIV 8
1.5231375544503525716e-13
0
0
0
DERIV 9
-4.772125034038017068e-14
0
0
0
DERIV 10
1.4006740673332830008e-14
0
0
0
DERIV 11
-3.890021149370615847e-15
0
0
0
DERIV 12
1.0305516245947645743e-15
0
0
0
DERIV 13
-2.621626301897529215e-16
0
0
0
DERIV 14
6.439307283142973902e-17
0
0
0
DERIV 15
-1.5341358886908143226e-17
0
0
0
DERIV 16
3.558896764860567932e-18
0
0
0
DERIV 17
-8.065017030101393341e-19
0
0
0
DERIV 18
1.7903274148201439245e-19
0
0
0
DERIV 19
-3.902297511493674449e-20
0
0
0
DERIV 20
8.368483877326875118e-21
0
0
0
DERIV 21
-1.7687554733945535458e-21
0
0
0
DERIV 22
3.690094725673422152e-22
0
0
0
DERIV 23
-7.608938866050652569e-23
0
0
0
DERIV 24
1.5524691803952401061e-23
0
0
0
DERIV 25
-3.1373854813595014074e-24
0
0
0
DERIV 26
6.285499578227903937e-25
0
0
0
DERIV 27
-1.2493228373890202156e-25
0
0
0
DERIV 28
2.4652996153705120044e-26
0
0
0
DERIV 29
-4.832687074201365367e-27
0
0
0
DERIV 30
9.416000094755435017e-28
0
0
0
DERIV 31
-1.8243695608735454461e-28
0
0
0
DERIV 32
3.516540826221087388e-29
0
0
0
DERIV 33
-6.745960213626623072e-30
0
0
0
DERIV 34
1.2883954240654471976e-30
0
0
0
DERIV 35
-2.450581436933878885e-31
0
0
0
AT 47/8
4.781992798125166368e-12
0
0
0
DERIV 1
-9.874974312547112887e-12
0
0
0
DERIV 2
1.0546706635764575962e-11
0
0
0
DERIV 3
-7.777330031457303416e-12
0
0
0
DERIV 4
4.459815006117083646e-12
0
0
0
DERIV 5
-2.1233908017605953282e-12
0
0
0
DERIV 6
8.750941183229545942e-13
0
0
0
DERIV 7
-3.212979405990027057e-13
0
0
0
DERIV 8
1.0733715645460201811e-13
0
0
0
DERIV 9
-3.315509995228293931e-14
0
0
0
DERIV 10
9.588707967081253241e-15
0
0
0
DERIV 11
-2.6225986264862552703e-15
0
0
0
DERIV 12
6.839036604746930675e-16
0
0
0
DERIV 13
-1.7117718511933490071e-16
0
0
0
DERIV 14
4.135086956370637553e-17
0
0
0
DERIV 15
-9.685353763188620294e-18
0
0
0
DERIV 16
2.2081238899967160422e-18
0
0
0
DERIV 17
-4.916244396252814686e-19
0
0
0
DERIV 18
1.0719067445130767517e-19
0
0
0
DERIV 19
-2.2941878402166210386e-20
0
0
0
DERIV 20
4.829893472608053932e-21
0
0
0
DERIV 21
-1.0019551921428919090e-21
0
0
0
DERIV 22
2.0512747843306386085e-22
0
0
0
DERIV 23
-4.149922688879039284e-23
0
0
0
DERIV 24
8.306137922046745451e-24
0
0
0
DERIV 25
-1.6464218263085279537e-24
0
0
0
DERIV 26
3.234837785738199232e-25
0
0
0
DERIV 27
-6.304842315967616607e-26
0
0
0
DERIV 28
1.2198542485705184060e-26
0
0
0
DERIV 29
-2.3443445921649580433e-27
0
0
0
DERIV 30
4.477681815820418505e-28
0
0
0
DERIV 31
-8.503863988250001661e-29
0
0
0
DERIV 32
1.6065768472668061599e-29
0
0
0
DERIV 33
-3.0205098104436649203e-30
0
0
0
DERIV 34
5.653364095798546932e-31
0
0
0
DERIV 35
-1.0537099139579806810e-31
0
0
0
AT 6
3.698250414991972224e-12
0
0
0
DERIV 1
-7.570457676597147939e-12
0
0
0
DERIV 2
8.009852755024588084e-12
0
0
0
DERIV 3
-5.847591105541466248e-12
0
0
0
DERIV 4
3.3175463873454231170e-12
0
0
0
DERIV 5
-1.5617066411684037384e-12
0
0
0
DERIV 6
6.359358274890356654e-13
0
0
0
DERIV 7
-2.305589942797477939e-13
0
0
0
DERIV 8
7.601092781256449643e-14
0
0
0
DERIV 9
-2.3156673784617832549e-14
0
0
0
DERIV 10
6.601573074463157220e-15
0
0
0
DERIV 11
-1.7789224456761718055e-15
0
0
0
DERIV 12
4.568247836893964733e-16
0
0
0
DERIV 13
-1.1254790183429091461e-16
0
0
0
DERIV 14
2.6750724948144057986e-17
0
0
0
DERIV 15
-6.162589051689565226e-18
0
0
0
DERIV 16
1.3814001164506365078e-18
0
0
0
DERIV 17
-3.023030905195604775e-19
0
0
0
DERIV 18
6.476735959507238591e-20
0
0
0
DERIV 19
-1.3617785472184109415e-20
0
0
0
DERIV 20
2.8157360039406637810e-21
0
0
0
DERIV 21
-5.735713160447773821e-22
0
0
0
DERIV 22
1.1528266888478570192e-22
0
0
0
DERIV 23
-2.2893129525938674326e-23
0
0
0
DERIV 24
4.496970547091568518e-24
0
0
0
DERIV 25
-8.746910505412108408e-25
0
0
0
DERIV 26
1.6861693091110897694e-25
0
0
0
DERIV 27
-3.224077018741697590e-26
0
0
0
DERIV 28
6.118901806896670552e-27
0
0
0
DERIV 29
-1.1533927364971619242e-27
0
0
0
DERIV 30
2.160521930674154374e-28
0
0
0
DERIV 31
-4.023779266977185392e-29
0
0
0
DERIV 32
7.454137056711960190e-30
0
0
0
DERIV 33
-1.3741129171729759984e-30
0
0
0
DERIV 34
2.521541348533771071e-31
0
0
0
DERIV 35
-4.607549385198894350e-32
0
0
0
AT 49/8
2.8664406870429904309e-12
0
0
0
DERIV 1
-5.817977805216060141e-12
0
0
0
DERIV 2
6.099712828183059742e-12
0
0
0
DERIV 3
-4.409840597627369800e-12
0
0
0
DERIV 4
2.4759813213363517115e-12
0
0
0
DERIV 5
-1.1527577863572551966e-12
0
0
0
DERIV 6
4.639672476161785848e-13
0
0
0
DERIV 7
-1.6615942696519207850e-13
0
0
0
DERIV 8
5.407919051225942126e-14
0
0
0
DERIV 9
-1.6255299614662209522e-14
0
0
0
DERIV 10
4.569798974604901788e-15
0
0
0
DERIV 11
-1.2137178322147728685e-15
0
0
0
DERIV 12
3.070551079653940597e-16
0
0
0
DERIV 13
-7.449375598480665012e-17
0
0
0
DERIV 14
1.7428439379723410471e-17
0
0
0
DERIV 15
-3.950624000604265361e-18
0
0
0
DERIV 16
8.710725522639879333e-19
0
0
0
DERIV 17
-1.8744571104503287722e-19
0
0
0
DERIV 18
3.947889071606247657e-20
0
0
0
DERIV 19
-8.157928453842512147e-21
0
0
0
DERIV 20
1.6574061851093119487e-21
0
0
0
DERIV 21
-3.316624053447537803e-22
0
0
0
DERIV 22
6.547284015998469690e-23
0
0
0
DERIV 23
-1.2767760858462819766e-23
0
0
0
DERIV 24
2.4624811120162418390e-24
0
0
0
DERIV 25
-4.702056331267998228e-25
0
0
0
DERIV 26
8.897276574108501285e-26
0
0
0
DERIV 27
-1.6696733353111517081e-26
0
0
0
DERIV 28
3.1097225907987897378e-27
0
0
0
DERIV 29
-5.751793703207211773e-28
0
0
0
DERIV 30
1.0571147953074359603e-28
0
0
0
DERIV 31
-1.9315133020030947081e-29
0
0
0
DERIV 32
3.510157745261562809e-30
0
0
0
DERIV 33
-6.347250687538566298e-31
0
0
0
DERIV 34
1.1424414317496738297e-31
0
0
0
DERIV 35
-2.0474593501558223203e-32
0
0
0
AT 25/4
2.2264595064983796634e-12
0
0
0
DERIV 1
-4.481743731280908786e-12
0
0
0
DERIV 2
4.657229173826898621e-12
0
0
0
DERIV 3
-3.3351769780289683943e-12
0
0
0
DERIV 4
1.8537566522389437127e-12
0
0
0
DERIV 5
-8.538554269417628098e-13
0
0
0
DERIV 6
3.397887131999422438e-13
0
0
0
DERIV 7
-1.2024361979769936497e-13
0
0
0
DERIV 8
3.864834864357045902e-14
0
0
0
DERIV 9
-1.1466161710062841271e-14
0
0
0
DERIV 10
3.1798979507944166901e-15
0
0
0
DERIV 11
-8.327426279007995369e-16
0
0
0
DERIV 12
2.0762727085115486652e-16
0
0
0
DERIV 13
-4.962212432529126033e-17
0
0
0
DERIV 14
1.1432155521978174109e-17
0
0
0
DERIV 15
-2.5508807962658055852e-18
0
0
0
DERIV 16
5.534618850033857776e-19
0
0
0
DERIV 17
-1.1716139394553692514e-19
0
0
0
DERIV 18
2.4267670801961630359e-20
0
0
0
DERIV 19
-4.930450093363150587e-21
0
0
0
DERIV 20
9.846423968984309223e-22
0
0
0
DERIV 21
-1.9364095367025124559e-22
0
0
0
DERIV 22
3.756040728941730182e-23
0
0
0
DERIV 23
-7.195752708952182543e-24
0
0
0
DERIV 24
1.3631942803581969306e-24
0
0
0
DERIV 25
-2.556425194396543155e-25
0
0
0
DERIV 26
4.750127790648039001e-26
0
0
0
DERIV 27
-8.752459374613368761e-27
0
0
0
DERIV 28
1.6003777559982626069e-27
0
0
0
DERIV 29
-2.905777026722433092e-28
0
0
0
DERIV 30
5.242020490418721685e-29
0
0
0
DERIV 31
-9.400577451117328176e-30
0
0
0
DERIV 32
1.6765995158001954613e-30
0
0
0
DERIV 33
-2.975106220152297585e-31
0
0
0
DERIV 34
5.254549998372420346e-32
0
0
0
DERIV 35
-9.240052389958064549e-33
0
0
0
AT 51/8
1.7329244892897173535e-12
0
0
0
DERIV 1
-3.4602735410650419924e-12
0
0
0
DERIV 2
3.5648218519036859102e-12
0
0
0
DERIV 3
-2.5294054887425097382e-12
0
0
0
DERIV 4
1.3921340379529233447e-12
0
0
0
DERIV 5
-6.345713235641542540e-13
0
0
0
DERIV 6
2.497550153833932239e-13
0
0
0
DERIV 7
-8.736207833169994094e-14
0
0
0
DERIV 8
2.7739684391393751901e-14
0
0
0
DERIV 9
-8.125722073556141822e-15
0
0
0
DERIV 10
2.2238498037518233260e-15
0
0
0
DERIV 11
-5.744326307373345498e-16
0
0
0
DERIV 12
1.4120492392584262550e-16
0
0
0
DERIV 13
-3.325774995229113621e-17
0
0
0
DERIV 14
7.547905656447595107e-18
0
0
0
DERIV 15
-1.6584853679800100913e-18
0
0
0
DERIV 16
3.542319109182290300e-19
0
0
0
DERIV 17
-7.379563375734859971e-20
0
0
0
DERIV 18
1.5038331262106587734e-20
0
0
0
DERIV 19
-3.0052007292494921056e-21
0
0
0
DERIV 20
5.901747330214551412e-22
0
0
0
DERIV 21
-1.1410987959136761975e-22
0
0
0
DERIV 22
2.1756911877891348050e-23
0
0
0
DERIV 23
-4.096457922765765167e-24
0
0
0
DERIV 24
7.625817590347466619e-25
0
0
0
DERIV 25
-1.4050612513357827992e-25
0
0
0
DERIV 26
2.5647411299420015464e-26
0
0
0
DERIV 27
-4.641858399607549586e-27
0
0
0
DERIV 28
8.336038515059765002e-28
0
0
0
DERIV 29
-1.4863831371616797803e-28
0
0
0
DERIV 30
2.633042777997046243e-29
0
0
0
DERIV 31
-4.636252936108295650e-30
0
0
0
DERIV 32
8.118221660572269261e-31
0
0
0
DERIV 33
-1.4142339330612428349e-31
0
0
0
DERIV 34
2.4519529564632787417e-32
0
0
0
DERIV 35
-4.232350724449157627e-33
0
0
0
AT 13/2
1.3514718167666146966e-12
0
0
0
DERIV 1
-2.6774890362378835239e-12
0
0
0
DERIV 2
2.7352748602670169459e-12
0
0
0
DERIV 3
-1.9234357611845571575e-12
0
0
0
DERIV 4
1.0485357922108966680e-12
0
0
0
DERIV 5
-4.731205363065906387e-13
0
0
0
DERIV 6
1.8422257102334457213e-13
0
0
0
DERIV 7
-6.371497083058365952e-14
0
0
0
DERIV 8
1.9992611520846878657e-14
0
0
0
DERIV 9
-5.784263047006627147e-15
0
0
0
DERIV 10
1.5627477194853954814e-15
0
0
0
DERIV 11
-3.983007810970881792e-16
0
0
0
DERIV 12
9.656386844644956917e-17
0
0
0
DERIV 13
-2.2421664146367597871e-17
0
0
0
DERIV 14
5.014670194405246741e-18
0
0
0
DERIV 15
-1.0854564422773908558e-18
0
0
0
DERIV 16
2.283126001968119970e-19
0
0
0
DERIV 17
-4.682555862381195468e-20
0
0
0
DERIV 18
9.391652925961161799e-21
0
0
0
DERIV 19
-1.8467005110047414826e-21
0
0
0
DERIV 20
3.567667747639140685e-22
0
0
0
DERIV 21
-6.784485777435455156e-23
0
0
0
DERIV 22
1.2720319726518556346e-23
0
0
0
DERIV 23
-2.3547287705091507128e-24
0
0
0
DERIV 24
4.309050666351559121e-25
0
0
0
DERIV 25
-7.803517775199564023e-26
0
0
0
DERIV 26
1.3998492904160619239e-26
0
0
0
DERIV 27
-2.4895433454120052177e-27
0
0
0
DERIV 28
4.392678886534684083e-28
0
0
0
DERIV 29
-7.694817092769555125e-29
0
0
0
DERIV 30
1.3390064154940060608e-29
0
0
0
DERIV 31
-2.3158569436180643041e-30
0
0
0
DERIV 32
3.982822444052623412e-31
0
0
0
DERIV 33
-6.814044025507093255e-32
0
0
0
DERIV 34
1.1601657834800667806e-32
0
0
0
DERIV 35
-1.9664665755687778074e-33
0
0
0
AT 53/8
1.0560098720153108017e-12
0
0
0
DERIV 1
-2.0761851225119916482e-12
0
0
0
DERIV 2
2.1036818953922058113e-12
0
0
0
DERIV 3
-1.4664087949294998972e-12
0
0
0
DERIV 4
7.919777273513053434e-13
0
0
0
DERIV 5
-3.538399737717189031e-13
0
0
0
DERIV 6
1.3634458696157822394e-13
0
0
0
DERIV 7
-4.663963296214477434e-14
0
0
0
DERIV 8
1.4466607284907812040e-14
0
0
0
DERIV 9
-4.135252948180111061e-15
0
0
0
DERIV 10
1.1032736300336467081e-15
0
0
0
DERIV 11
-2.775496367902129932e-16
0
0
0
DERIV 12
6.638751185108723159e-17
0
0
0
DERIV 13
-1.5202032631494832944e-17
0
0
0
DERIV 14
3.3517454211497920378e-18
0
0
0
DERIV 15
-7.149593916972676226e-19
0
0
0
DERIV 16
1.4814842025580844721e-19
0
0
0
DERIV 17
-2.992388029622804279e-20
0
0
0
DERIV 18
5.909156572973420719e-21
0
0
0
DERIV 19
-1.1437194846429339779e-21
0
0
0
DERIV 20
2.174441174481940348e-22
0
0
0
DERIV 21
-4.068457658422677287e-23
0
0
0
DERIV 22
7.503742016450402420e-24
0
0
0
DERIV 23
-1.3661942016043364004e-24
0
0
0
DERIV 24
2.458533354074448577e-25
0
0
0
DERIV 25
-4.377691230399818917e-26
0
0
0
DERIV 26
7.720382418076163987e-27
0
0
0
DERIV 27
-1.3496698476022367916e-27
0
0
0
DERIV 28
2.340666344969076233e-28
0
0
0
DERIV 29
-4.029641319202495157e-29
0
0
0
DERIV 30
6.890776909405751523e-30
0
0
0
DERIV 31
-1.1710551080921879853e-30
0
0
0
DERIV 32
1.978801212692408653e-31
0
0
0
DERIV 33
-3.326059065703359831e-32
0
0
0
DERIV 34
5.563261144267195681e-33
0
0
0
DERIV 35
-9.263030055427677447e-34
0
0
0
AT 27/4
8.266757365405769472e-13
0
0
0
DERIV 1
-1.6132233958633671060e-12
0
0
0
DERIV 2
1.6215864683640107289e-12
0
0
0
DERIV 3
-1.1207565401566660132e-12
0
0
0
DERIV 4
5.998274233078048621e-13
0
0
0
DERIV 5
-2.654220659828285939e-13
0
0
0
DERIV 6
1.0123848212274241642e-13
0
0
0
DERIV 7
-3.426137658917351084e-14
0
0
0
DERIV 8
1.0508204420808512057e-14
0
0
0
DERIV 9
-2.9686160255721482254e-15
0
0
0
DERIV 10
7.823710970166349764e-16
0
0
0
DERIV 11
-1.9433280603603977802e-16
0
0
0
DERIV 12
4.587517683203458472e-17
0
0
0
DERIV 13
-1.0363374183068665594e-17
0
0
0
DERIV 14
2.2532709232477840842e-18
0
0
0
DERIV 15
-4.738203344494378473e-19
0
0
0
DERIV 16
9.675610080648346311e-20
0
0
0
DERIV 17
-1.9253905937280482581e-20
0
0
0
DERIV 18
3.744790269971907774e-21
0
0
0
DERIV 19
-7.136975561794751281e-22
0
0
0
DERIV 20
1.3357835016583548572e-22
0
0
0
DERIV 21
-2.4599236464351158791e-23
0
0
0
DERIV 22
4.464684217038779280e-24
0
0
0
DERIV 23
-7.997811057415136298e-25
0
0
0
DERIV 24
1.4158329869856462477e-25
0
0
0
DERIV 25
-2.4796795897086318983e-26
0
0
0
DERIV 26
4.300772130594325747e-27
0
0
0
DERIV 27
-7.393325828346421441e-28
0
0
0
DERIV 28
1.2606901685068288193e-28
0
0
0
DERIV 29
-2.1337700821755560608e-29
0
0
0
DERIV 30
3.586915785309998146e-30
0
0
0
DERIV 31
-5.991901823685220190e-31
0
0
0
DERIV 32
9.951519711852351135e-32
0
0
0
DERIV 33
-1.6439372464584820494e-32
0
0
0
DERIV 34
2.7022361942172314225e-33
0
0
0
DERIV 35
-4.421383919733564526e-34
0
0
0
AT 55/8
6.483098366942819559e-13
0
0
0
DERIV 1
-1.2559824311607029204e-12
0
0
0
DERIV 2
1.2527024250941344967e-12
0
0
0
DERIV 3
-8.586361089240940136e-13
0
0
0
DERIV 4
4.554930811124990677e-13
0
0
0
DERIV 5
-1.9967151261691649275e-13
0
0
0
DERIV 6
7.540760395894683888e-14
0
0
0
DERIV 7
-2.5254262678470908895e-14
0
0
0
DERIV 8
7.661150679893297227e-15
0
0
0
DERIV 9
-2.1396248346750166841e-15
0
0
0
DERIV 10
5.571933773981192759e-16
0
0
0
DERIV 11
-1.3669432738402900943e-16
0
0
0
DERIV 12
3.185709782023197718e-17
0
0
0
DERIV 13
-7.101962186000517462e-18
0
0
0
DERIV 14
1.5232667185209360912e-18
0
0
0
DERIV 15
-3.158713368362153807e-19
0
0
0
DERIV 16
6.358712315129201723e-20
0
0
0
DERIV 17
-1.2470259971359249780e-20
0
0
0
DERIV 18
2.3896384729753143907e-21
0
0
0
DERIV 19
-4.485998559959582799e-22
0
0
0
DERIV 20
8.268422498693787996e-23
0
0
0
DERIV 21
-1.4992010173677319460e-23
0
0
0
DERIV 22
2.6785420400712084190e-24
0
0
0
DERIV 23
-4.722514572962071844e-25
0
0
0
DERIV 24
8.226973601060040479e-26
0
0
0
DERIV 25
-1.4177083897486560718e-26
0
0
0
DERIV 26
2.4190437725892413200e-27
0
0
0
DERIV 27
-4.090633791328749078e-28
0
0
0
DERIV 28
6.860637120962804706e-29
0
0
0
DERIV 29
-1.1419966637136856348e-29
0
0
0
DERIV 30
1.8878126230632909828e-30
0
0
0
DERIV 31
-3.100883598692755380e-31
0
0
0
DERIV 32
5.063592413762483178e-32
0
0
0
DERIV 33
-8.223775579952591365e-33
0
0
0
DERIV 34
1.3289129004079525319e-33
0
0
0
DERIV 35
-2.137427124548280870e-34
0
0
0
AT 7
5.093138732001158675e-13
0
0
0
DERIV 1
-9.797274324219281642e-13
0
0
0
DERIV 2
9.697772760804182167e-13
0
0
0
DERIV 3
-6.593459907422820540e-13
0
0
0
DERIV 4
3.467688036200221193e-13
0
0
0
DERIV 5
-1.5062618911863239524e-13
0
0
0
DERIV 6
5.633759185156658872e-14
0
0
0
DERIV 7
-1.8676345870161188548e-14
0
0
0
DERIV 8
5.605384959025811486e-15
0
0
0
DERIV 9
-1.5480685615761277111e-15
0
0
0
DERIV 10
3.984693458185915087e-16
0
0
0
DERIV 11
-9.657859255129557240e-17
0
0
0
DERIV 12
2.2227656321532328551e-17
0
0
0
DERIV 13
-4.891588044129535316e-18
0
0
0
DERIV 14
1.0353092349320665550e-18
0
0
0
DERIV 15
-2.1177618877939364791e-19
0
0
0
DERIV 16
4.204074439182285836e-20
0
0
0
DERIV 17
-8.127997131613089473e-21
0
0
0
DERIV 18
1.5350763514495688196e-21
0
0
0
DERIV 19
-2.839483748699467663e-22
0
0
0
DERIV 20
5.155695437045768531e-23
0
0
0
DERIV 21
-9.207020069214638893e-24
0
0
0
DERIV 22
1.6198334017038001713e-24
0
0
0
DERIV 23
-2.811790522106655905e-25
0
0
0
DERIV 24
4.821909873375780661e-26
0
0
0
DERIV 25
-8.178480677364203876e-27
0
0
0
DERIV 26
1.3733426254759028354e-27
0
0
0
DERIV 27
-2.285192229943847732e-28
0
0
0
DERIV 28
3.770903399127304866e-29
0
0
0
DERIV 29
-6.175191044394766388e-30
0
0
0
DERIV 30
1.0041726492620943373e-30
0
0
0
DERIV 31
-1.6224131351876676680e-31
0
0
0
DERIV 32
2.605713563438132897e-32
0
0
0
DERIV 33
-4.161972609424295238e-33
0
0
0
DERIV 34
6.613860038904353046e-34
0
0
0
DERIV 35
-1.0460512569920242152e-34
0
0
0
AT 57/8
4.007932017817395988e-13
0
0
0
DERIV 1
-7.656548598670635659e-13
0
0
0
DERIV 2
7.522851064510805394e-13
0
0
0
DERIV 3
-5.074467265748784289e-13
0
0
0
DERIV 4
2.646450023579483412e-13
0
0
0
DERIV 5
-1.1393280126908572516e-13
0
0
0
DERIV 6
4.221330732321878768e-14
0
0
0
DERIV 7
-1.3855632377521619376e-14
0
0
0
DERIV 8
4.115362947555600240e-15
0
0
0
DERIV 9
-1.1242226112959711424e-15
0
0
0
DERIV 10
2.860984595663513628e-16
0
0
0
DERIV 11
-6.852802325441849840e-17
0
0
0
DERIV 12
1.5579954079047671066e-17
0
0
0
DERIV 13
-3.3856091448225194465e-18
0
0
0
DERIV 14
7.073134708574556840e-19
0
0
0
DERIV 15
-1.4276625121945308359e-19
0
0
0
DERIV 16
2.795684522741934910e-20
0
0
0
DERIV 17
-5.330207289662225849e-21
0
0
0
DERIV 18
9.924691029524775001e-22
0
0
0
DERIV 19
-1.8094481657601131953e-22
0
0
0
DERIV 20
3.237546611191493239e-23
0
0
0
DERIV 21
-5.696137596351708376e-24
0
0
0
DERIV 22
9.871487136307199738e-25
0
0
0
DERIV 23
-1.6876069436120735207e-25
0
0
0
DERIV 24
2.849805265482420108e-26
0
0
0
DERIV 25
-4.758980707540201128e-27
0
0
0
DERIV 26
7.866982161597046611e-28
0
0
0
DERIV 27
-1.2885090552688652031e-28
0
0
0
DERIV 28
2.0926541509670965539e-29
0
0
0
DERIV 29
-3.372450066999781529e-30
0
0
0
DERIV 30
5.396421982581272290e-31
0
0
0
DERIV 31
-8.578747152729561214e-32
0
0
0
DERIV 32
1.3555620708541948455e-32
0
0
0
DERIV 33
-2.1300526072534230602e-33
0
0
0
DERIV 34
3.329775358719857863e-34
0
0
0
DERIV 35
-5.180293193301403519e-35
0
0
0
AT 29/4
3.159109853239626384e-13
0
0
0
DERIV 1
-5.994343165769686321e-13
0
0
0
DERIV 2
5.847239353902890830e-13
0
0
0
DERIV 3
-3.913889753408639198e-13
0
0
0
DERIV 4
2.0244981004494422755e-13
0
0
0
DERIV 5
-8.640158027667935237e-14
0
0
0
DERIV 6
3.171941172769998424e-14
0
0
0
DERIV 7
-1.0310755870005489177e-14
0
0
0
DERIV 8
3.0314488058671709329e-15
0
0
0
DERIV 9
-8.193466555768039538e-16
0
0
0
DERIV 10
2.0620865512078170204e-16
0
0
0
DERIV 11
-4.882553543180653996e-17
0
0
0
DERIV 12
1.0968660034211816162e-17
0
0
0
DERIV 13
-2.3543138854375883390e-18
0
0
0
DERIV 14
4.856483764471551389e-19
0
0
0
DERIV 15
-9.675451494467013046e-20
0
0
0
DERIV 16
1.8695344777956620703e-20
0
0
0
DERIV 17
-3.516118083763259970e-21
0
0
0
DERIV 18
6.456464711817922263e-22
0
0
0
DERIV 19
-1.1605830141313663672e-22
0
0
0
DERIV 20
2.0469208739669890373e-23
0
0
0
DERIV 21
-3.549207161147018886e-24
0
0
0
DERIV 22
6.060630003048878508e-25
0
0
0
DERIV 23
-1.0207425053092779221e-25
0
0
0
DERIV 24
1.6978586394125537560e-26
0
0
0
DERIV 25
-2.7924104215568842629e-27
0
0
0
DERIV 26
4.545641622423535901e-28
0
0
0
DERIV 27
-7.330671247532484640e-29
0
0
0
DERIV 28
1.1721273525461493012e-29
0
0
0
DERIV 29
-1.8595149783801265569e-30
0
0
0
DERIV 30
2.928843343517982355e-31
0
0
0
DERIV 31
-4.582607653587868376e-32
0
0
0
DERIV 32
7.126432399367832335e-33
0
0
0
DERIV 33
-1.1019834245900054158e-33
0
0
0
DERIV 34
1.6951262450230492994e-34
0
0
0
DERIV 35
-2.594874838127492121e-35
0
0
0
AT 59/8
2.494004893091080741e-13
0
0
0
DERIV 1
-4.701179845885492846e-13
0
0
0
DERIV 2
4.553550730571670839e-13
0
0
0
DERIV 3
-3.025084533921409738e-13
0
0
0
DERIV 4
1.5522703701778136203e-13
0
0
0
DERIV 5
-6.568737431321955898e-14
0
0
0
DERIV 6
2.3899255778564054762e-14
0
0
0
DERIV 7
-7.695542643060953001e-15
0
0
0
DERIV 8
2.2401778574714223685e-15
0
0
0
DERIV 9
-5.992152343128080527e-16
0
0
0
DERIV 10
1.4918022771447929809e-16
0
0
0
DERIV 11
-3.492650801188587714e-17
0
0
0
DERIV 12
7.755134339361348567e-18
0
0
0
DERIV 13
-1.6446046024712657176e-18
0
0
0
DERIV 14
3.350615878000367223e-19
0
0
0
DERIV 15
-6.590740528860110221e-20
0
0
0
DERIV 16
1.2569612485391362559e-20
0
0
0
DERIV 17
-2.3326664738798975254e-21
0
0
0
DERIV 18
4.225420084129378013e-22
0
0
0
DERIV 19
-7.490859227221377711e-23
0
0
0
DERIV 20
1.3026864456789328494e-23
0
0
0
DERIV 21
-2.2267158215317000228e-24
0
0
0
DERIV 22
3.747697198760622267e-25
0
0
0
DERIV 23
-6.220162663041822435e-26
0
0
0
DERIV 24
1.0194307310429630632e-26
0
0
0
DERIV 25
-1.6517475008075507519e-27
0
0
0
DERIV 26
2.648564777052574897e-28
0
0
0
DERIV 27
-4.206856202601029882e-29
0
0
0
DERIV 28
6.624285772898442356e-30
0
0
0
DERIV 29
-1.0348323299650826420e-30
0
0
0
DERIV 30
1.6048400084493091799e-31
0
0
0
DERIV 31
-2.472156796217076630e-32
0
0
0
DERIV 32
3.784674976261442946e-33
0
0
0
DERIV 33
-5.760929263707432094e-34
0
0
0
DERIV 34
8.722700484001425133e-35
0
0
0
DERIV 35
-1.3142237208820182701e-35
0
0
0
AT 15/2
1.9719582064684562440e-13
0
0
0
DERIV 1
-3.693226044689315834e-13
0
0
0
DERIV 2
3.552668040845310576e-13
0
0
0
DERIV 3
-2.342871365435524923e-13
0
0
0
DERIV 4
1.1928384824381422350e-13
0
0
0
DERIV 5
-5.006035736002617961e-14
0
0
0
DERIV 6
1.8054607046967399250e-14
0
0
0
DERIV 7
-5.760095943185388584e-15
0
0
0
DERIV 8
1.6605737101618685433e-15
0
0
0
DERIV 9
-4.396904383080116591e-16
0
0
0
DERIV 10
1.0831130294247687999e-16
0
0
0
DERIV 11
-2.5080352783571617276e-17
0
0
0
DERIV 12
5.505670337490591797e-18
0
0
0
DERIV 13
-1.1538803669679480987e-18
0
0
0
DERIV 14
2.322460497205949421e-19
0
0
0
DERIV 15
-4.511682401900467398e-20
0
0
0
DERIV 16
8.495191353765655126e-21
0
0
0
DERIV 17
-1.5560630456185196553e-21
0
0
0
DERIV 18
2.781336652307503754e-22
0
0
0
DERIV 19
-4.864289173535164037e-23
0
0
0
DERIV 20
8.343249701727611531e-24
0
0
0
DERIV 21
-1.4063040749533412453e-24
0
0
0
DERIV 22
2.333548931587005805e-25
0
0
0
DERIV 23
-3.817840888978300611e-26
0
0
0
DERIV 24
6.166935296077000333e-27
0
0
0
DERIV 25
-9.846650725418711152e-28
0
0
0
DERIV 26
1.5557201689220602464e-28
0
0
0
DERIV 27
-2.4344568327916894918e-29
0
0
0
DERIV 28
3.776233145239452871e-30
0
0
0
DERIV 29
-5.810596850697634891e-31
0
0
0
DERIV 30
8.875089159955754670e-32
0
0
0
DERIV 31
-1.3463861217741402388e-32
0
0
0
DERIV 32
2.0297387379416705562e-33
0
0
0
DERIV 33
-3.042215465970220565e-34
0
0
0
DERIV 34
4.535285085003360352e-35
0
0
0
DERIV 35
-6.727468003179465500e-36
0
0
0
AT 61/8
1.5615162841759005147e-13
0
0
0
DERIV 1
-2.906141742113801176e-13
0
0
0
DERIV 2
2.776768497599510991e-13
0
0
0
DERIV 3
-1.8180840326482759913e-13
0
0
0
DERIV 4
9.186068836336488467e-14
0
0
0
DERIV 5
-3.824054323076389007e-14
0
0
0
DERIV 6
1.3674105348855685565e-14
0
0
0
DERIV 7
-4.323357395705469417e-15
0
0
0
DERIV 8
1.2346183829163533196e-15
0
0
0
DERIV 9
-3.236770699366286349e-16
0
0
0
DERIV 10
7.891185851210142458e-17
0
0
0
DERIV 11
-1.8076998854030215691e-17
0
0
0
DERIV 12
3.924244995362248865e-18
0
0
0
DERIV 13
-8.130141290401404051e-19
0
0
0
DERIV 14
1.6170552617099087036e-19
0
0
0
DERIV 15
-3.103215561560407888e-20
0
0
0
DERIV 16
5.770468003842010617e-21
0
0
0
DERIV 17
-1.0435343324536674677e-21
0
0
0
DERIV 18
1.8410322067834473336e-22
0
0
0
DERIV 19
-3.177247175048915901e-23
0
0
0
DERIV 20
5.376437249692040728e-24
0
0
0
DERIV 21
-8.938776889768601529e-25
0
0
0
DERIV 22
1.4627644489606185425e-25
0
0
0
DERIV 23
-2.3597161529752522309e-26
0
0
0
DERIV 24
3.757749300875248503e-27
0
0
0
DERIV 25
-5.914269123232011556e-28
0
0
0
DERIV 26
9.209604827292611289e-29
0
0
0
DERIV 27
-1.4202214709526975499e-29
0
0
0
DERIV 28
2.1707462669249166483e-30
0
0
0
DERIV 29
-3.290962495269370093e-31
0
0
0
DERIV 30
4.952061320284417347e-32
0
0
0
DERIV 31
-7.400420240449231427e-33
0
0
0
DERIV 32
1.0989188590405284251e-33
0
0
0
DERIV 33
-1.6222660558598030178e-34
0
0
0
DERIV 34
2.3818456487531554928e-35
0
0
0
DERIV 35
-3.479445485226361500e-36
0
0
0
AT 31/4
1.2382980681273013029e-13
0
0
0
DERIV 1
-2.290438816820010025e-13
0
0
0
DERIV 2
2.1741119380123747455e-13
0
0
0
DERIV 3
-1.4135393379330136261e-13
0
0
0
DERIV 4
7.088959104191931678e-14
0
0
0
DERIV 5
-2.927790998290504349e-14
0
0
0
DERIV 6
1.0382014008822349910e-14
0
0
0
DERIV 7
-3.2536790177469314377e-15
0
0
0
DERIV 8
9.205850573994359513e-16
0
0
0
DERIV 9
-2.390185717265084692e-16
0
0
0
DERIV 10
5.768555963492533441e-17
0
0
0
DERIV 11
-1.3076148735796536073e-17
0
0
0
DERIV 12
2.8078239517397535853e-18
0
0
0
DERIV 13
-5.751914514158706293e-19
0
0
0
DERIV 14
1.1308092922167985465e-19
0
0
0
DERIV 15
-2.1443011459678397717e-20
0
0
0
DERIV 16
3.938790935732787116e-21
0
0
0
DERIV 17
-7.034202507161363840e-22
0
0
0
DERIV 18
1.2252171517282836774e-22
0
0
0
DERIV 19
-2.0870954752595169740e-23
0
0
0
DERIV 20
3.485217453634405914e-24
0
0
0
DERIV 21
-5.717017051019194164e-25
0
0
0
DERIV 22
9.228714157431954867e-26
0
0
0
DERIV 23
-1.4683444691783600928e-26
0
0
0
DERIV 24
2.3058416781843178228e-27
0
0
0
DERIV 25
-3.578277198411840861e-28
0
0
0
DERIV 26
5.493232185709604819e-29
0
0
0
DERIV 27
-8.350348744646629138e-30
0
0
0
DERIV 28
1.2579719249162536320e-30
0
0
0
DERIV 29
-1.8795496159520796946e-31
0
0
0
DERIV 30
2.787051472272501146e-32
0
0
0
DERIV 31
-4.103985305687661222e-33
0
0
0
DERIV 32
6.004414988109157389e-34
0
0
0
DERIV 33
-8.732742695408514634e-35
0
0
0
DERIV 34
1.2630948039152562220e-35
0
0
0
DERIV 35
-1.8176009464814004637e-36
0
0
0
AT 63/8
9.833679525526468892e-14
0
0
0
DERIV 1
-1.8079718626574778759e-13
0
0
0
DERIV 2
1.7051357796839451829e-13
0
0
0
DERIV 3
-1.1010457067874072219e-13
0
0
0
DERIV 4
5.481662091065797738e-14
0
0
0
DERIV 5
-2.2465255048248964096e-14
0
0
0
DERIV 6
7.901369456167121428e-15
0
0
0
DERIV 7
-2.4550110770076401898e-15
0
0
0
DERIV 8
6.883532958819773874e-16
0
0
0
DERIV 9
-1.7703633647502992673e-16
0
0
0
DERIV 10
4.230590945676733161e-17
0
0
0
DERIV 11
-9.491686237654166105e-18
0
0
0
DERIV 12
2.0164944987726757262e-18
0
0
0
DERIV 13
-4.085504406142428397e-19
0
0
0
DERIV 14
7.941089711207740729e-20
0
0
0
DERIV 15
-1.4883140827482594907e-20
0
0
0
DERIV 16
2.7012186135361312745e-21
0
0
0
DERIV 17
-4.765174084438765130e-22
0
0
0
DERIV 18
8.196569551745558955e-23
0
0
0
DERIV 19
-1.3785203153178549339e-23
0
0
0
DERIV 20
2.2722562234565692863e-24
0
0
0
DERIV 21
-3.678458757312731276e-25
0
0
0
DERIV 22
5.859035325206604330e-26
0
0
0
DERIV 23
-9.196604715833927117e-27
0
0
0
DERIV 24
1.4245441107964842426e-27
0
0
0
DERIV 25
-2.180243592108478038e-28
0
0
0
DERIV 26
3.300551258330312035e-29
0
0
0
DERIV 27
-4.946957086344088314e-30
0
0
0
DERIV 28
7.347358481252668181e-31
0
0
0
DERIV 29
-1.0821723344928824712e-31
0
0
0
DERIV 30
1.5817180623288558639e-32
0
0
0
DERIV 31
-2.2955862585994635516e-33
0
0
0
DERIV 32
3.309995696323909773e-34
0
0
0
DERIV 33
-4.743993731967926804e-35
0
0
0
DERIV 34
6.761394885117043672e-36
0
0
0
DERIV 35
-9.586899522687682678e-37
0
0
0
AT 8
7.819898679764253340e-14
0
0
0
DERIV 1
-1.4292764422668292769e-13
0
0
0
DERIV 2
1.3395204907069738934e-13
0
0
0
DERIV 3
-8.591765702218427109e-14
0
0
0
DERIV 4
4.247101099506108906e-14
0
0
0
DERIV 5
-1.7274626179000928494e-14
0
0
0
DERIV 6
6.027386243480163418e-15
0
0
0
DERIV 7
-1.8570437919548785815e-15
0
0
0
DERIV 8
5.161034277178677221e-16
0
0
0
DERIV 9
-1.3151114017465787985e-16
0
0
0
DERIV 10
3.112425826827125198e-17
0
0
0
DERIV 11
-6.913030227633365495e-18
0
0
0
DERIV 12
1.4534019246255747297e-18
0
0
0
DERIV 13
-2.913013634893735081e-19
0
0
0
DERIV 14
5.599357725835742756e-20
0
0
0
DERIV 15
-1.0374711582709014643e-20
0
0
0
DERIV 16
1.8609537789614458430e-21
0
0
0
DERIV 17
-3.243613358887863432e-22
0
0
0
DERIV 18
5.511193789441819209e-23
0
0
0
DERIV 19
-9.153499653595532170e-24
0
0
0
DERIV 20
1.4896935673607380893e-24
0
0
0
DERIV 21
-2.380586137146847126e-25
0
0
0
DERIV 22
3.742331460664364563e-26
0
0
0
DERIV 23
-5.796529603318225548e-27
0
0
0
DERIV 24
8.858764160669448080e-28
0
0
0
DERIV 25
-1.3375092157870975581e-28
0
0
0
DERIV 26
1.9971728837390036351e-29
0
0
0
DERIV 27
-2.9522440087477049294e-30
0
0
0
DERIV 28
4.323963250888538076e-31
0
0
0
DERIV 29
-6.279707536583995253e-32
0
0
0
DERIV 30
9.049474346661318540e-33
0
0
0
DERIV 31
-1.2947962203717472827e-33
0
0
0
DERIV 32
1.8404070638546536704e-34
0
0
0
DERIV 33
-2.600021753257380030e-35
0
0
0
DERIV 34
3.652462260250405338e-36
0
0
0
DERIV 35
-5.104068578223111544e-37
0
0
0
AT 33/4
4.964701363793173591e-14
0
0
0
DERIV 1
-8.971175911887545268e-14
0
0
0
DERIV 2
8.305961743669268584e-14
0
0
0
DERIV 3
-5.258788279262166009e-14
0
0
0
DERIV 4
2.5639238767100786196e-14
0
0
0
DERIV 5
-1.0277109750177057773e-14
0
0
0
DERIV 6
3.5308446260661395531e-15
0
0
0
DERIV 7
-1.0702774834607461713e-15
0
0
0
DERIV 8
2.923991681724112605e-16
0
0
0
DERIV 9
-7.318357914143733881e-17
0
0
0
DERIV 10
1.6998760797244740485e-17
0
0
0
DERIV 11
-3.702717966128883483e-18
0
0
0
DERIV 12
7.628726082272947831e-19
0
0
0
DERIV 13
-1.4973321574945063827e-19
0
0
0
DERIV 14
2.816661389574773865e-20
0
0
0
DERIV 15
-5.104129025236982848e-21
0
0
0
DERIV 16
8.949031618451351933e-22
0
0
0
DERIV 17
-1.5237975280077071226e-22
0
0
0
DERIV 18
2.5280250323706518812e-23
0
0
0
DERIV 19
-4.097853769305764866e-24
0
0
0
DERIV 20
6.505961735608931491e-25
0
0
0
DERIV 21
-1.0138416593271719993e-25
0
0
0
DERIV 22
1.5536040286919391109e-26
0
0
0
DERIV 23
-2.3449361264554884417e-27
0
0
0
DERIV 24
3.491128663340476787e-28
0
0
0
DERIV 25
-5.133281342552649308e-29
0
0
0
DERIV 26
7.462861097070675429e-30
0
0
0
DERIV 27
-1.0738123173631741519e-30
0
0
0
DERIV 28
1.5305515481159220530e-31
0
0
0
DERIV 29
-2.1627497140600773807e-32
0
0
0
DERIV 30
3.0318595726650221465e-33
0
0
0
DERIV 31
-4.219202586051612340e-34
0
0
0
DERIV 32
5.831982165763557160e-35
0
0
0
DERIV 33
-8.011023096119780371e-36
0
0
0
DERIV 34
1.0940712275320486752e-36
0
0
0
DERIV 35
-1.4861742374264502239e-37
0
0
0
AT 17/2
3.167953221173123203e-14
0
0
0
DERIV 1
-5.662145801129876523e-14
0
0
0
DERIV 2
5.181440681809410649e-14
0
0
0
DERIV 3
-3.240017014702722703e-14
0
0
0
DERIV 4
1.5589460623183693308e-14
0
0
0
DERIV 5
-6.161952992546920387e-15
0
0
0
DERIV 6
2.0859354708877526630e-15
0
0
0
DERIV 7
-6.225098189463284138e-16
0
0
0
DERIV 8
1.6730476407710588989e-16
0
0
0
DERIV 9
-4.116119199740050327e-17
0
0
0
DERIV 10
9.390767267432983550e-18
0
0
0
DERIV 11
-2.0076656558110181416e-18
0
0
0
DERIV 12
4.056946012310144611e-19
0
0
0
DERIV 13
-7.804499580006874291e-20
0
0
0
DERIV 14
1.4380019910673273263e-20
0
0
0
DERIV 15
-2.5508120942142898506e-21
0
0
0
DERIV 16
4.375373368512784741e-22
0
0
0
DERIV 17
-7.284759074907587691e-23
0
0
0
DERIV 18
1.1811385913640702455e-23
0
0
0
DERIV 19
-1.8702767597767424998e-24
0
0
0
DERIV 20
2.899374111262708618e-25
0
0
0
DERIV 21
-4.409952246177216651e-26
0
0
0
DERIV 22
6.593502773518366032e-27
0
0
0
DERIV 23
-9.706722474160091896e-28
0
0
0
DERIV 24
1.4090891625602869095e-28
0
0
0
DERIV 25
-2.0196436651111407777e-29
0
0
0
DERIV 26
2.8613965110743716371e-30
0
0
0
DERIV 27
-4.011336381284188439e-31
0
0
0
DERIV 28
5.569292176360875993e-32
0
0
0
DERIV 29
-7.664089367442223715e-33
0
0
0
DERIV 30
1.0461247485544823019e-33
0
0
0
DERIV 31
-1.4172583640065759102e-34
0
0
0
DERIV 32
1.9068169708379079824e-35
0
0
0
DERIV 33
-2.5491191737125159691e-36
0
0
0
DERIV 34
3.387638301627604853e-37
0
0
0
DERIV 35
-4.477285191341088952e-38
0
0
0
AT 35/4
2.0311667945786392703e-14
0
0
0
DERIV 1
-3.592406106423912791e-14
0
0
0
DERIV 2
3.250803754718289570e-14
0
0
0
DERIV 3
-2.0086814674862933295e-14
0
0
0
DERIV 4
9.543275356562161511e-15
0
0
0
DERIV 5
-3.721858539131706681e-15
0
0
0
DERIV 6
1.2421840800771457221e-15
0
0
0
DERIV 7
-3.652094282529478417e-16
0
0
0
DERIV 8
9.662358133645400425e-17
0
0
0
DERIV 9
-2.3383748877377684988e-17
0
0
0
DERIV 10
5.243937162054830557e-18
0
0
0
DERIV 11
-1.1011986336240764966e-18
0
0
0
DERIV 12
2.184187412650640713e-19
0
0
0
DERIV 13
-4.121574798164237671e-20
0
0
0
DERIV 14
7.444404088703499708e-21
0
0
0
DERIV 15
-1.2937216402519902911e-21
0
0
0
DERIV 16
2.172822587015449944e-22
0
0
0
DERIV 17
-3.540310971426564766e-23
0
0
0
DERIV 18
5.614741859272474053e-24
0
0
0
DERIV 19
-8.692369691113158984e-25
0
0
0
DERIV 20
1.3169069565957670530e-25
0
0
0
DERIV 21
-1.9567359071384396993e-26
0
0
0
DERIV 22
2.8569592617179421352e-27
0
0
0
DERIV 23
-4.105861341246964144e-28
0
0
0
DERIV 24
5.816739989121443490e-29
0
0
0
DERIV 25
-8.133954063552724075e-30
0
0
0
DERIV 26
1.1240272301909265377e-30
0
0
0
DERIV 27
-1.5365783566112379645e-31
0
0
0
DERIV 28
2.0798677475198066390e-32
0
0
0
DERIV 29
-2.7898262270533956030e-33
0
0
0
DERIV 30
3.711065499695887081e-34
0
0
0
DERIV 31
-4.898765953778671674e-35
0
0
0
DERIV 32
6.420944283877561878e-36
0
0
0
DERIV 33
-8.361173128040594849e-37
0
0
0
DERIV 34
1.0821838051301424737e-37
0
0
0
DERIV 35
-1.3928032654863593081e-38
0
0
0
AT 9
1.3082474705903668272e-14
0
0
0
DERIV 1
-2.2905859439557402812e-14
0
0
0
DERIV 2
2.0506021495131806025e-14
0
0
0
DERIV 3
-1.2526608996255876443e-14
0
0
0
DERIV 4
5.879567283267044466e-15
0
0
0
DERIV 5
-2.2637072538389075415e-15
0
0
0
DERIV 6
7.453177883120044610e-16
0
0
0
DERIV 7
-2.1600972490425204095e-16
0
0
0
DERIV 8
5.629521296268507396e-17
0
0
0
DERIV 9
-1.3410463033146409107e-17
0
0
0
DERIV 10
2.9581363905333131724e-18
0
0
0
DERIV 11
-6.105974407677424284e-19
0
0
0
DERIV 12
1.1896386428941886273e-19
0
0
0
DERIV 13
-2.2036511369633977986e-20
0
0
0
DERIV 14
3.904770017961385949e-21
0
0
0
DERIV 15
-6.653302866967468190e-22
0
0
0
DERIV 16
1.0949921933494085672e-22
0
0
0
DERIV 17
-1.7474004775540648767e-23
0
0
0
DERIV 18
2.7128995015714258361e-24
0
0
0
DERIV 19
-4.109584729529871921e-25
0
0
0
DERIV 20
6.089583592541461745e-26
0
0
0
DERIV 21
-8.846424318507391007e-27
0
0
0
DERIV 22
1.2623670195846336510e-27
0
0
0
DERIV 23
-1.7725025222772348965e-28
0
0
0
DERIV 24
2.4526148738244794411e-29
0
0
0
DERIV 25
-3.348845210396037294e-30
0
0
0
DERIV 26
4.517519054997989470e-31
0
0
0
DERIV 27
-6.027020870998305974e-32
0
0
0
DERIV 28
7.959975001600978052e-33
0
0
0
DERIV 29
-1.0415779892893355027e-33
0
0
0
DERIV 30
1.3513549197121113290e-34
0
0
0
DERIV 31
-1.7395520983391482723e-35
0
0
0
DERIV 32
2.2231004971382404105e-36
0
0
0
DERIV 33
-2.822094759165805436e-37
0
0
0
DERIV 34
3.560320592360632689e-38
0
0
0
DERIV 35
-4.465863434909529726e-39
0
0
0
AT 37/4
8.462833920664096620e-15
0
0
0
DERIV 1
-1.4674304263702768192e-14
0
0
0
DERIV 2
1.3001796572363842016e-14
0
0
0
DERIV 3
-7.855655669283512672e-15
0
0
0
DERIV 4
3.644421636749223983e-15
0
0
0
DERIV 5
-1.3859210324966485814e-15
0
0
0
DERIV 6
4.503919671100705399e-16
0
0
0
DERIV 7
-1.2874989722660873135e-16
0
0
0
DERIV 8
3.307218618682067987e-17
0
0
0
DERIV 9
-7.759768171659955116e-18
0
0
0
DERIV 10
1.6847558245683843059e-18
0
0
0
DERIV 11
-3.420539062791723128e-19
0
0
0
DERIV 12
6.550751491010466098e-20
0
0
0
DERIV 13
-1.1920141769286995432e-20
0
0
0
DERIV 14
2.0736444034347810234e-21
0
0
0
DERIV 15
-3.466784195075584875e-22
0
0
0
DERIV 16
5.595193128360622242e-23
0
0
0
DERIV 17
-8.751624915952240373e-24
0
0
0
DERIV 18
1.3311091643094708485e-24
0
0
0
DERIV 19
-1.9745444576808339845e-25
0
0
0
DERIV 20
2.863942486111804928e-26
0
0
0
DERIV 21
-4.070838023870216283e-27
0
0
0
DERIV 22
5.681788109806476241e-28
0
0
0
DERIV 23
-7.800550161714021910e-29
0
0
0
DERIV 24
1.0550506123072880017e-29
0
0
0
DERIV 25
-1.4077364991634607306e-30
0
0
0
DERIV 26
1.8552178954034259932e-31
0
0
0
DERIV 27
-2.4174711411603635068e-32
0
0
0
DERIV 28
3.117719853805095261e-33
0
0
0
DERIV 29
-3.982854974263977110e-34
0
0
0
DERIV 30
5.043903658754439611e-35
0
0
0
DERIV 31
-6.336552437820373044e-36
0
0
0
DERIV 32
7.901730585788889881e-37
0
0
0
DERIV 33
-9.786260223796093989e-38
0
0
0
DERIV 34
1.2043580323064210669e-38
0
0
0
DERIV 35
-1.4734552487253959753e-39
0
0
0
AT 19/2
5.497110681463625481e-15
0
0
0
DERIV 1
-9.443199705765342740e-15
0
0
0
DERIV 2
8.284122666527877352e-15
0
0
0
DERIV 3
-4.952628683595916351e-15
0
0
0
DERIV 4
2.2720210272074734164e-15
0
0
0
DERIV 5
-8.538194458884588734e-16
0
0
0
DERIV 6
2.740125961302494013e-16
0
0
0
DERIV 7
-7.730094023034304281e-17
0
0
0
DERIV 8
1.9582303456856529962e-17
0
0
0
DERIV 9
-4.528132839610013194e-18
0
0
0
DERIV 10
9.682493723381299946e-19
0
0
0
DERIV 11
-1.9348209836573941092e-19
0
0
0
DERIV 12
3.644661372213991203e-20
0
0
0
DERIV 13
-6.519293287599164068e-21
0
0
0
DERIV 14
1.1141671944265658007e-21
0
0
0
DERIV 15
-1.8289238067008283340e-22
0
0
0
DERIV 16
2.896709163834572355e-23
0
0
0
DERIV 17
-4.444069104703732509e-24
0
0
0
DERIV 18
6.626780091028290532e-25
0
0
0
DERIV 19
-9.632969959059941259e-26
0
0
0
DERIV 20
1.3686188258651929547e-26
0
0
0
DERIV 21
-1.9048465058591739515e-27
0
0
0
DERIV 22
2.602340565799728926e-28
0
0
0
DERIV 23
-3.495937189066461631e-29
0
0
0
DERIV 24
4.625280027320742630e-30
0
0
0
DERIV 25
-6.035170462791547487e-31
0
0
0
DERIV 26
7.775940719520639801e-32
0
0
0
DERIV 27
-9.903853847398219411e-33
0
0
0
DERIV 28
1.2481534261325310024e-33
0
0
0
DERIV 29
-1.5578432240459655271e-34
0
0
0
DERIV 30
1.9271325590343715541e-35
0
0
0
DERIV 31
-2.3644861544327243126e-36
0
0
0
DERIV 32
2.879214192479569076e-37
0
0
0
DERIV 33
-3.481535459138955821e-38
0
0
0
DERIV 34
4.182645426412350881e-39
0
0
0
DERIV 35
-4.994789591607850515e-40
0
0
0
AT 39/4
3.584787334521391093e-15
0
0
0
DERIV 1
-6.102948686236698562e-15
0
0
0
DERIV 2
5.302844443299501445e-15
0
0
0
DERIV 3
-3.1381996831375613789e-15
0
0
0
DERIV 4
1.4242029436991977636e-15
0
0
0
DERIV 5
-5.291341120928726640e-16
0
0
0
DERIV 6
1.6777636761394166404e-16
0
0
0
DERIV 7
-4.673290058384614834e-17
0
0
0
DERIV 8
1.1681414480894976748e-17
0
0
0
DERIV 9
-2.6635535738053569430e-18
0
0
0
DERIV 10
5.612547745830511873e-19
0
0
0
DERIV 11
-1.1045085463462434149e-19
0
0
0
DERIV 12
2.0477299955028661754e-20
0
0
0
DERIV 13
-3.602827298297651838e-21
0
0
0
DERIV 14
6.053000848675358214e-22
0
0
0
DERIV 15
-9.762349820716460389e-23
0
0
0
DERIV 16
1.5183598013940821063e-23
0
0
0
DERIV 17
-2.2863703244904171039e-24
0
0
0
DERIV 18
3.344735101775220299e-25
0
0
0
DERIV 19
-4.767851850604201046e-26
0
0
0
DERIV 20
6.640041532679432227e-27
0
0
0
DERIV 21
-9.055416537648922131e-28
0
0
0
DERIV 22
1.2117660093640837586e-28
0
0
0
DERIV 23
-1.5939751184068030113e-29
0
0
0
DERIV 24
2.0643664368495283689e-30
0
0
0
DERIV 25
-2.636006819395521355e-31
0
0
0
DERIV 26
3.322804019364874138e-32
0
0
0
DERIV 27
-4.139481132017050634e-33
0
0
0
DERIV 28
5.101554830406899243e-34
0
0
0
DERIV 29
-6.225317893589011392e-35
0
0
0
DERIV 30
7.527826259826876402e-36
0
0
0
DERIV 31
-9.026890642262543646e-37
0
0
0
DERIV 32
1.0741072608882159945e-37
0
0
0
DERIV 33
-1.2689684940205758246e-38
0
0
0
DERIV 34
1.4892796025773610964e-39
0
0
0
DERIV 35
-1.7371238034746173571e-40
0
0
0
AT 10
2.3465284081010159470e-15
0
0
0
DERIV 1
-3.960352314618432841e-15
0
0
0
DERIV 2
3.4095402011129874277e-15
0
0
0
DERIV 3
-1.9980766557477874114e-15
0
0
0
DERIV 4
8.974116840428182801e-16
0
0
0
DERIV 5
-3.297696361046179628e-16
0
0
0
DERIV 6
1.0335519288208234632e-16
0
0
0
DERIV 7
-2.843864616075546625e-17
0
0
0
DERIV 8
7.017666718643529058e-18
0
0
0
DERIV 9
-1.5786893833329853308e-18
0
0
0
DERIV 10
3.279913565188268865e-19
0
0
0
DERIV 11
-6.360216719876393020e-20
0
0
0
DERIV 12
1.1612223933432623133e-20
0
0
0
DERIV 13
-2.0108192268145191836e-21
0
0
0
DERIV 14
3.323098111193255108e-22
0
0
0
DERIV 15
-5.269090987734154411e-23
0
0
0
DERIV 16
8.052707613084920551e-24
0
0
0
DERIV 17
-1.1909354706188392160e-24
0
0
0
DERIV 18
1.7103231972779760726e-25
0
0
0
DERIV 19
-2.3923590453432299571e-26
0
0
0
DERIV 20
3.268028048548126759e-27
0
0
0
DERIV 21
-4.369891297958442086e-28
0
0
0
DERIV 22
5.731592222587768904e-29
0
0
0
DERIV 23
-7.387376507877021362e-30
0
0
0
DERIV 24
9.371643188231295728e-31
0
0
0
DERIV 25
-1.1718538726708973052e-31
0
0
0
DERIV 26
1.4461600898396597595e-32
0
0
0
DERIV 27
-1.7633455250268839213e-33
0
0
0
DERIV 28
2.126556385275441218e-34
0
0
0
DERIV 29
-2.538802390330787121e-35
0
0
0
DERIV 30
3.0029412349109081847e-36
0
0
0
DERIV 31
-3.521667190683956925e-37
0
0
0
DERIV 32
4.097503352211525458e-38
0
0
0
DERIV 33
-4.732797029922965246e-39
0
0
0
DERIV 34
5.429717813721886323e-40
0
0
0
DERIV 35
-6.190257864859873832e-41
0
0
0
AT 41/4
1.5415237167810625142e-15
0
0
0
DERIV 1
-2.5800139526473031762e-15
0
0
0
DERIV 2
2.2015030551754977084e-15
0
0
0
DERIV 3
-1.2780069380911157549e-15
0
0
0
DERIV 4
5.682830055058773567e-16
0
0
0
DERIV 5
-2.0662505568440533788e-16
0
0
0
DERIV 6
6.403923217127616730e-17
0
0
0
DERIV 7
-1.7414163538344676096e-17
0
0
0
DERIV 8
4.244267429900037606e-18
0
0
0
DERIV 9
-9.424520591981007647e-19
0
0
0
DERIV 10
1.9315926937079761360e-19
0
0
0
DERIV 11
-3.692811864313662873e-20
0
0
0
DERIV 12
6.643234398410910593e-21
0
0
0
DERIV 13
-1.1328429746313030502e-21
0
0
0
DERIV 14
1.8426130579080394712e-22
0
0
0
DERIV 15
-2.874035054944925276e-23
0
0
0
DERIV 16
4.318619617770966377e-24
0
0
0
DERIV 17
-6.276680426441963929e-25
0
0
0
DERIV 18
8.854459676566734162e-26
0
0
0
DERIV 19
-1.2160937461667835211e-26
0
0
0
DERIV 20
1.6304571739931207339e-27
0
0
0
DERIV 21
-2.139018225976382344e-28
0
0
0
DERIV 22
2.751614284597803860e-29
0
0
0
DERIV 23
-3.477199264650307678e-30
0
0
0
DERIV 24
4.323652625002273226e-31
0
0
0
DERIV 25
-5.297637976947124921e-32
0
0
0
DERIV 26
6.404509708132855857e-33
0
0
0
DERIV 27
-7.648263749260909795e-34
0
0
0
DERIV 28
9.031527206757558000e-35
0
0
0
DERIV 29
-1.0555580901966769171e-35
0
0
0
DERIV 30
1.2220408717668691477e-36
0
0
0
DERIV 31
-1.4024767891546377056e-37
0
0
0
DERIV 32
1.5966274875865834151e-38
0
0
0
DERIV 33
-1.8041501995524922985e-39
0
0
0
DERIV 34
2.0246080803701009764e-40
0
0
0
DERIV 35
-2.2574808700877502622e-41
0
0
0
AT 21/2
1.0161780173538580341e-15
0
0
0
DERIV 1
-1.6870592643648243639e-15
0
0
0
DERIV 2
1.4272410540716165231e-15
0
0
0
DERIV 3
-8.210190672068446421e-16
0
0
0
DERIV 4
3.615688781173010933e-16
0
0
0
DERIV 5
-1.3012875592103450917e-16
0
0
0
DERIV 6
3.989812358459073705e-17
0
0
0
DERIV 7
-1.0726875354112080834e-17
0
0
0
DERIV 8
2.5833515519293593163e-18
0
0
0
DERIV 9
-5.664942456327603382e-19
0
0
0
DERIV 10
1.1459185229818789983e-19
0
0
0
DERIV 11
-2.1609599157698043077e-20
0
0
0
DERIV 12
3.832431499839700325e-21
0
0
0
DERIV 13
-6.439169707027439629e-22
0
0
0
DERIV 14
1.0313999181507607837e-22
0
0
0
DERIV 15
-1.5834116258658758422e-23
0
0
0
DERIV 16
2.3406746284527287382e-24
0
0
0
DERIV 17
-3.345153881789112914e-25
0
0
0
DERIV 18
4.638145922473011829e-26
0
0
0
DERIV 19
-6.258392206970398849e-27
0
0
0
DERIV 20
8.240366093603087454e-28
0
0
0
DERIV 21
-1.0612843804532061874e-28
0
0
0
DERIV 22
1.3397825950387294363e-29
0
0
0
DERIV 23
-1.6609835105938064312e-30
0
0
0
DERIV 24
2.025558100676490966e-31
0
0
0
DERIV 25
-2.4333960143757190726e-32
0
0
0
DERIV 26
2.8836340886726229271e-33
0
0
0
DERIV 27
-3.374707760295690729e-34
0
0
0
DERIV 28
3.904419583055690398e-35
0
0
0
DERIV 29
-4.470019360292174741e-36
0
0
0
DERIV 30
5.068290986046542481e-37
0
0
0
DERIV 31
-5.695641819707619121e-38
0
0
0
DERIV 32
6.348191197714440312e-39
0
0
0
DERIV 33
-7.021855444066096503e-40
0
0
0
DERIV 34
7.712427436216832937e-41
0
0
0
DERIV 35
-8.415649391467592370e-42
0
0
0
AT 43/4
6.720817670104910458e-16
0
0
0
DERIV 1
-1.1071067009044017731e-15
0
0
0
DERIV 2
9.288667499913373587e-16
0
0
0
DERIV 3
-5.296486154750681998e-16
0
0
0
DERIV 4
2.310883110599246378e-16
0
0
0
DERIV 5
-8.235304693812724126e-17
0
0
0
DERIV 6
2.4988486260642101976e-17
0
0
0
DERIV 7
-6.645066177002865620e-18
0
0
0
DERIV 8
1.5819877325923122812e-18
0
0
0
DERIV 9
-3.427382516754773661e-19
0
0
0
DERIV 10
6.845779669869433704e-20
0
0
0
DERIV 11
-1.2740162115209046987e-20
0
0
0
DERIV 12
2.2285510825347602476e-21
0
0
0
DERIV 13
-3.691172123409056161e-22
0
0
0
DERIV 14
5.825333106749728781e-23
0
0
0
DERIV 15
-8.806992501008582556e-24
0
0
0
DERIV 16
1.2814588070315991125e-24
0
0
0
DERIV 17
-1.8018088014802186250e-25
0
0
0
DERIV 18
2.4568306550447492898e-26
0
0
0
DERIV 19
-3.258752076690103024e-27
0
0
0
DERIV 20
4.216214683157842110e-28
0
0
0
DERIV 21
-5.333790374872265396e-29
0
0
0
DERIV 22
6.611757644962398271e-30
0
0
0
DERIV 23
-8.046122971875413608e-31
0
0
0
DERIV 24
9.628854036256940642e-32
0
0
0
DERIV 25
-1.1348280881681758075e-32
0
0
0
DERIV 26
1.3189617291755865921e-33
0
0
0
DERIV 27
-1.5135555993982129288e-34
0
0
0
DERIV 28
1.7166896122974890659e-35
0
0
0
DERIV 29
-1.9263168157706006894e-36
0
0
0
DERIV 30
2.140322907866181092e-37
0
0
0
DERIV 31
-2.356580790519201739e-38
0
0
0
DERIV 32
2.5729988518621244807e-39
0
0
0
DERIV 33
-2.7875622454017486307e-40
0
0
0
DERIV 34
2.998366904085214033e-41
0
0
0
DERIV 35
-3.203646390426354874e-42
0
0
0
AT 11
4.459114873985671904e-16
0
0
0
DERIV 1
-7.290120909572258174e-16
0
0
0
DERIV 2
6.067587403820418385e-16
0
0
0
DERIV 3
-3.430506046512331677e-16
0
0
0
DERIV 4
1.4833335865211411870e-16
0
0
0
DERIV 5
-5.236090818497557091e-17
0
0
0
DERIV 6
1.5729130391139172131e-17
0
0
0
DERIV 7
-4.138735878949911478e-18
0
0
0
DERIV 8
9.744031672975659946e-19
0
0
0
DERIV 9
-2.0865439513547471840e-19
0
0
0
DERIV 10
4.116989044469207670e-20
0
0
0
DERIV 11
-7.564632591523123771e-21
0
0
0
DERIV 12
1.3057473758231669344e-21
0
0
0
DERIV 13
-2.133029738877017652e-22
0
0
0
DERIV 14
3.318393290280076347e-23
0
0
0
DERIV 15
-4.943048148934038747e-24
0
0
0
DERIV 16
7.083139347556423465e-25
0
0
0
DERIV 17
-9.803619824413084496e-26
0
0
0
DERIV 18
1.3152906833627470392e-26
0
0
0
DERIV 19
-1.7158864137775594956e-27
0
0
0
DERIV 20
2.182641969850963707e-28
0
0
0
DERIV 21
-2.713689334518549286e-29
0
0
0
DERIV 22
3.304891076372442639e-30
0
0
0
DERIV 23
-3.950064023428777786e-31
0
0
0
DERIV 24
4.641301137860674397e-32
0
0
0
DERIV 25
-5.369355364111877243e-33
0
0
0
DERIV 26
6.124051306627284196e-34
0
0
0
DERIV 27
-6.894695427123882799e-35
0
0
0
DERIV 28
7.670461683458004892e-36
0
0
0
DERIV 29
-8.440736098368916373e-37
0
0
0
DERIV 30
9.195409909500675618e-38
0
0
0
DERIV 31
-9.925116274016547154e-39
0
0
0
DERIV 32
1.0621409782334699068e-39
0
0
0
DERIV 33
-1.1276891246908231141e-40
0
0
0
DERIV 34
1.1885282452830263377e-41
0
0
0
DERIV 35
-1.2441456925569585011e-42
0
0
0
AT 45/4
2.967526140447255959e-16
0
0
0
DERIV 1
-4.816210086869433308e-16
0
0
0
DERIV 2
3.977573856117411276e-16
0
0
0
DERIV 3
-2.230440108826514273e-16
0
0
0
DERIV 4
9.560764375650243968e-17
0
0
0
DERIV 5
-3.344006016283625129e-17
0
0
0
DERIV 6
9.948322126829030096e-18
0
0
0
DERIV 7
-2.5910326262964362592e-18
0
0
0
DERIV 8
6.034977428654462987e-19
0
0
0
DERIV 9
-1.2778103783376257521e-19
0
0
0
DERIV 10
2.4916696026043849452e-20
0
0
0
DERIV 11
-4.522116443471773271e-21
0
0
0
DERIV 12
7.706023117121091697e-22
0
0
0
DERIV 13
-1.2421200447998872633e-22
0
0
0
DERIV 14
1.9057843684335275606e-23
0
0
0
DERIV 15
-2.7984033183246799450e-24
0
0
0
DERIV 16
3.951014987470795661e-25
0
0
0
DERIV 17
-5.385709862071857609e-26
0
0
0
DERIV 18
7.113230842561148530e-27
0
0
0
DERIV 19
-9.131596372198763851e-28
0
0
0
DERIV 20
1.1425823823082555157e-28
0
0
0
DERIV 21
-1.3968680471098769867e-29
0
0
0
DERIV 22
1.6722279822663861996e-30
0
0
0
DERIV 23
-1.9640279418255879672e-31
0
0
0
DERIV 24
2.2670419179943279213e-32
0
0
0
DERIV 25
-2.5757157005661141509e-33
0
0
0
DERIV 26
2.884419841038419707e-34
0
0
0
DERIV 27
-3.187676801489295266e-35
0
0
0
DERIV 28
3.480352337217804372e-36
0
0
0
DERIV 29
-3.757805968961191286e-37
0
0
0
DERIV 30
4.015999387401508311e-38
0
0
0
DERIV 31
-4.251564660610446233e-39
0
0
0
DERIV 32
4.461836198383279307e-40
0
0
0
DERIV 33
-4.644851673503488630e-41
0
0
0
DERIV 34
4.799327661465429525e-42
0
0
0
DERIV 35
-4.924615800990011483e-43
0
0
0
AT 23/2
1.9806522280768235663e-16
0
0
0
DERIV 1
-3.191865725948211219e-16
0
0
0
DERIV 2
2.616358672962735671e-16
0
0
0
DERIV 3
-1.4555124148754775351e-16
0
0
0
DERIV 4
6.186763725323814725e-17
0
0
0
DERIV 5
-2.1447482258426606687e-17
0
0
0
DERIV 6
6.320984342822675901e-18
0
0
0
DERIV 7
-1.6301072528812461061e-18
0
0
0
DERIV 8
3.757568976526589862e-19
0
0
0
DERIV 9
-7.869795056212355612e-20
0
0
0
DERIV 10
1.5171563420037694177e-20
0
0
0
DERIV 11
-2.7208372594492580992e-21
0
0
0
DERIV 12
4.579229878054484764e-22
0
0
0
DERIV 13
-7.286366881040560534e-23
0
0
0
DERIV 14
1.1030506452079446976e-23
0
0
0
DERIV 15
-1.5973538499377885771e-24
0
0
0
DERIV 16
2.223158900412856747e-25
0
0
0
DERIV 17
-2.985969751455397914e-26
0
0
0
DERIV 18
3.884256981230968969e-27
0
0
0
DERIV 19
-4.909227150843520905e-28
0
0
0
DERIV 20
6.045261969329937147e-29
0
0
0
DERIV 21
-7.270916044613945660e-30
0
0
0
DERIV 22
8.560309291949320995e-31
0
0
0
DERIV 23
-9.884732013857594147e-32
0
0
0
DERIV 24
1.1214290992766308058e-32
0
0
0
DERIV 25
-1.2519454285975218885e-33
0
0
0
DERIV 26
1.3772391244653800837e-34
0
0
0
DERIV 27
-1.4948044698083810704e-35
0
0
0
DERIV 28
1.6024908758022401951e-36
0
0
0
DERIV 29
-1.6985515213827834059e-37
0
0
0
DERIV 30
1.7816652886027901114e-38
0
0
0
DERIV 31
-1.8509357849480298170e-39
0
0
0
DERIV 32
1.9058719214637742031e-40
0
0
0
DERIV 33
-1.9463546622800829422e-41
0
0
0
DERIV 34
1.9725943275322418713e-42
0
0
0
DERIV 35
-1.9850823541455389267e-43
0
0
0
AT 47/4
1.3256874910693681187e-16
0
0
0
DERIV 1
-2.1217723380706605840e-16
0
0
0
DERIV 2
1.7266097388006832424e-16
0
0
0
DERIV 3
-9.531679851606533062e-17
0
0
0
DERIV 4
4.018653097192120153e-17
0
0
0
DERIV 5
-1.3812020826399277816e-17
0
0
0
DERIV 6
4.033894160991137605e-18
0
0
0
DERIV 7
-1.0303986818876884632e-18
0
0
0
DERIV 8
2.351432324740006521e-19
0
0
0
DERIV 9
-4.873155727530137310e-20
0
0
0
DERIV 10
9.291431968931093394e-21
0
0
0
DERIV 11
-1.6471947060810312526e-21
0
0
0
DERIV 12
2.739121709742908809e-22
0
0
0
DERIV 13
-4.304235530800730779e-23
0
0
0
DERIV 14
6.431918097730080377e-24
0
0
0
DERIV 15
-9.189791305457039803e-25
0
0
0
DERIV 16
1.2613636234689469928e-25
0
0
0
DERIV 17
-1.6700655373577452135e-26
0
0
0
DERIV 18
2.1406972852983744710e-27
0
0
0
DERIV 19
-2.664948465993215492e-28
0
0
0
DERIV 20
3.231149114532355436e-29
0
0
0
DERIV 21
-3.825108475427597241e-30
0
0
0
DERIV 22
4.431106302342508340e-31
0
0
0
DERIV 23
-5.032916256680290344e-32
0
0
0
DERIV 24
5.614759932960102838e-33
0
0
0
DERIV 25
-6.162117883022261514e-34
0
0
0
DERIV 26
6.662354092437750483e-35
0
0
0
DERIV 27
-7.105137841449864574e-36
0
0
0
DERIV 28
7.482668936941615332e-37
0
0
0
DERIV 29
-7.789727854139329268e-38
0
0
0
DERIV 30
8.023581561127819088e-39
0
0
0
DERIV 31
-8.183779655357477502e-40
0
0
0
DERIV 32
8.271875192334435437e-41
0
0
0
DERIV 33
-8.291101539856409309e-42
0
0
0
DERIV 34
8.246031907314699287e-43
0
0
0
DERIV 35
-8.142242807816285350e-44
0
0
0
AT 12
8.897081952247755315e-17
0
0
0
DERIV 1
-1.4145475217746896134e-16
0
0
0
DERIV 2
1.1430192434135907814e-16
0
0
0
DERIV 3
-6.263113719744113780e-17
0
0
0
DERIV 4
2.6198526855833156990e-17
0
0
0
DERIV 5
-8.929699303032385692e-18
0
0
0
DERIV 6
2.5851732159791176446e-18
0
0
0
DERIV 7
-6.542650377308921927e-19
0
0
0
DERIV 8
1.4786262267534179075e-19
0
0
0
DERIV 9
-3.033231777517117544e-20
0
0
0
DERIV 10
5.721871620301930326e-21
0
0
0
DERIV 11
-1.0031167066210778420e-21
0
0
0
DERIV 12
1.6487745291762080863e-22
0
0
0
DERIV 13
-2.5596725105119156577e-23
0
0
0
DERIV 14
3.777167088485098124e-24
0
0
0
DERIV 15
-5.326874569518819501e-25
0
0
0
DERIV 16
7.213698082379098373e-26
0
0
0
DERIV 17
-9.419295488654387693e-27
0
0
0
DERIV 18
1.1902307854082516297e-27
0
0
0
DERIV 19
-1.4601160237869017801e-28
0
0
0
DERIV 20
1.7438855905027357620e-29
0
0
0
DERIV 21
-2.0328969502295434861e-30
0
0
0
DERIV 22
2.318200612182719856e-31
0
0
0
DERIV 23
-2.591139431368618577e-32
0
0
0
DERIV 24
2.8438567271791112678e-33
0
0
0
DERIV 25
-3.069680345581334656e-34
0
0
0
DERIV 26
3.263370338253439218e-35
0
0
0
DERIV 27
-3.421234667328711085e-36
0
0
0
DERIV 28
3.541129114960544155e-37
0
0
0
DERIV 29
-3.622364376217142822e-38
0
0
0
DERIV 30
3.665545851441261413e-39
0
0
0
DERIV 31
-3.6723709722597740098e-40
0
0
0
DERIV 32
3.645406086163919022e-41
0
0
0
DERIV 33
-3.587860956852719734e-42
0
0
0
DERIV 34
3.5033745741920837203e-43
0
0
0
DERIV 35
-3.395821747334300581e-44
0
0
0
AT 49/4
5.986654445946383561e-17
0
0
0
DERIV 1
-9.456998436052199070e-17
0
0
0
DERIV 2
7.589673964618668240e-17
0
0
0
DERIV 3
-4.128774708949803504e-17
0
0
0
DERIV 4
1.7139173549139663704e-17
0
0
0
DERIV 5
-5.794909083891483948e-18
0
0
0
DERIV 6
1.6634336183939199847e-18
0
0
0
DERIV 7
-4.172345344922738128e-19
0
0
0
DERIV 8
9.341071952804970794e-20
0
0
0
DERIV 9
-1.8973796145251480531e-20
0
0
0
DERIV 10
3.542372546397774718e-21
0
0
0
DERIV 11
-6.143446478376522866e-22
0
0
0
DERIV 12
9.984456429965792694e-23
0
0
0
DERIV 13
-1.5319704849371252918e-23
0
0
0
DERIV 14
2.2332570631708646834e-24
0
0
0
DERIV 15
-3.109994739644802272e-25
0
0
0
DERIV 16
4.156936087579183071e-26
0
0
0
DERIV 17
-5.355274792676777315e-27
0
0
0
DERIV 18
6.673737325794420322e-28
0
0
0
DERIV 19
-8.071122338699758804e-29
0
0
0
DERIV 20
9.499811858107785226e-30
0
0
0
DERIV 21
-1.0909696135246628035e-30
0
0
0
DERIV 22
1.2251986397075201324e-31
0
0
0
DERIV 23
-1.3482501584318321828e-32
0
0
0
DERIV 24
1.4564164930024611614e-33
0
0
0
DERIV 25
-1.5468597713615162890e-34
0
0
0
DERIV 26
1.6176825781389498893e-35
0
0
0
DERIV 27
-1.6679206839503120088e-36
0
0
0
DERIV 28
1.6974740724735808845e-37
0
0
0
DERIV 29
-1.7069945326063965269e-38
0
0
0
DERIV 30
1.6977475546415729263e-39
0
0
0
DERIV 31
-1.6714640497731188109e-40
0
0
0
DERIV 32
1.6301943010235579721e-41
0
0
0
DERIV 33
-1.5761731810335060868e-42
0
0
0
DERIV 34
1.5117024760501756838e-43
0
0
0
DERIV 35
-1.4390533976553107010e-44
0
0
0
AT 25/2
4.038400736376483294e-17
0
0
0
DERIV 1
-6.339585981367000466e-17
0
0
0
DERIV 2
5.054212732479250436e-17
0
0
0
DERIV 3
-2.7302855784328059771e-17
0
0
0
DERIV 4
1.1250205671609274383e-17
0
0
0
DERIV 5
-3.774175816719415024e-18
0
0
0
DERIV 6
1.0744884654580989834e-18
0
0
0
DERIV 7
-2.671828649959622497e-19
0
0
0
DERIV 8
5.927407024089877780e-20
0
0
0
DERIV 9
-1.1925232868913453356e-20
0
0
0
DERIV 10
2.2042193302415126762e-21
0
0
0
DERIV 11
-3.782887775846328823e-22
0
0
0
DERIV 12
6.081212515779611952e-23
0
0
0
DERIV 13
-9.225203399496322581e-24
0
0
0
DERIV 14
1.3290228466705048615e-24
0
0
0
DERIV 15
-1.8282430832419766492e-25
0
0
0
DERIV 16
2.4129342798404393855e-26
0
0
0
DERIV 17
-3.0681375415029575918e-27
0
0
0
DERIV 18
3.772355224112655279e-28
0
0
0
DERIV 19
-4.499500206485432221e-29
0
0
0
DERIV 20
5.221268957452504038e-30
0
0
0
DERIV 21
-5.909570394417817974e-31
0
0
0
DERIV 22
6.538696959063159294e-32
0
0
0
DERIV 23
-7.087020339874762855e-33
0
0
0
DERIV 24
7.538102580081062276e-34
0
0
0
DERIV 25
-7.881211217486929692e-35
0
0
0
DERIV 26
8.111301228903710255e-36
0
0
0
DERIV 27
-8.228572307180231506e-37
0
0
0
DERIV 28
8.237729270560069889e-38
0
0
0
DERIV 29
-8.147071779266202183e-39
0
0
0
DERIV 30
7.967523898794018564e-40
0
0
0
DERIV 31
-7.711690923238453561e-41
0
0
0
DERIV 32
7.393005500719542980e-42
0
0
0
DERIV 33
-7.025001150157821552e-43
0
0
0
DERIV 34
6.620730888748286230e-44
0
0
0
DERIV 35
-6.192332852562942998e-45
0
0
0
AT 51/4
2.7307490928153023447e-17
0
0
0
DERIV 1
-4.260851707826302174e-17
0
0
0
DERIV 2
3.375184400786489957e-17
0
0
0
DERIV 3
-1.8109217865057675012e-17
0
0
0
DERIV 4
7.408542954644370709e-18
0
0
0
DERIV 5
-2.4666216450758857199e-18
0
0
0
DERIV 6
6.966463412858707335e-19
0
0
0
DERIV 7
-1.7177777610909780524e-19
0
0
0
DERIV 8
3.777328391876497446e-20
0
0
0
DERIV 9
-7.529385340290836963e-21
0
0
0
DERIV 10
1.3782543683760019810e-21
0
0
0
DERIV 11
-2.341469346026315857e-22
0
0
0
DERIV 12
3.724384953618244924e-23
0
0
0
DERIV 13
-5.587918957409007352e-24
0
0
0
DERIV 14
7.958465162009440778e-25
0
0
0
DERIV 15
-1.0818575037713831689e-25
0
0
0
DERIV 16
1.4103986463004208815e-26
0
0
0
DERIV 17
-1.7707522555020705939e-27
0
0
0
DERIV 18
2.148891428579718105e-28
0
0
0
DERIV 19
-2.528855218924650726e-29
0
0
0
DERIV 20
2.8942725410073115054e-30
0
0
0
DERIV 21
-3.229803431876741811e-31
0
0
0
DERIV 22
3.522320069645376395e-32
0
0
0
DERIV 23
-3.761723091939752546e-33
0
0
0
DERIV 24
3.941361759386332895e-34
0
0
0
DERIV 25
-4.058085987652703942e-35
0
0
0
DERIV 26
4.111997884771763346e-36
0
0
0
DERIV 27
-4.105989715034041987e-37
0
0
0
DERIV 28
4.045157509467212141e-38
0
0
0
DERIV 29
-3.936169925243495532e-39
0
0
0
DERIV 30
3.786655624570279881e-40
0
0
0
DERIV 31
-3.604653769826219604e-41
0
0
0
DERIV 32
3.398154352240050014e-42
0
0
0
DERIV 33
-3.1747398733364971758e-43
0
0
0
DERIV 34
2.941328225627807585e-44
0
0
0
DERIV 35
-2.7040085619660729605e-45
0
0
0
AT 13
1.8507794584127439370e-17
0
0
0
DERIV 1
-2.870876047016918880e-17
0
0
0
DERIV 2
2.2599996017312682264e-17
0
0
0
DERIV 3
-1.2046102105981302462e-17
0
0
0
DERIV 4
4.893883941654104026e-18
0
0
0
DERIV 5
-1.6174476922630124178e-18
0
0
0
DERIV 6
4.532886156275895127e-19
0
0
0
DERIV 7
-1.1086326428915368137e-19
0
0
0
DERIV 8
2.4170377735428350545e-20
0
0
0
DERIV 9
-4.774777259365222397e-21
0
0
0
DERIV 10
8.658303533590085969e-22
0
0
0
DERIV 11
-1.4565175889015944178e-22
0
0
0
DERIV 12
2.2930828022929908377e-23
0
0
0
DERIV 13
-3.403834445499226034e-24
0
0
0
DERIV 14
4.794222974492199106e-25
0
0
0
DERIV 15
-6.442436398176996191e-26
0
0
0
DERIV 16
8.299229865882130267e-27
0
0
0
DERIV 17
-1.0291983902161474092e-27
0
0
0
DERIV 18
1.2332078700447049234e-28
0
0
0
DERIV 19
-1.4324108333759610791e-29
0
0
0
DERIV 20
1.6175316227792681328e-30
0
0
0
DERIV 21
-1.7803853504136843139e-31
0
0
0
DERIV 22
1.9144907703960965301e-32
0
0
0
DERIV 23
-2.0154267605428216866e-33
0
0
0
DERIV 24
2.080935641941339525e-34
0
0
0
DERIV 25
-2.1108106872577100662e-35
0
0
0
DERIV 26
2.1066243738229521151e-36
0
0
0
DERIV 27
-2.071359556975721651e-37
0
0
0
DERIV 28
2.0090011617647215323e-38
0
0
0
DERIV 29
-1.9241352075278631883e-39
0
0
0
DERIV 30
1.8215885925450983585e-40
0
0
0
DERIV 31
-1.7061297885980287095e-41
0
0
0
DERIV 32
1.5822391343380635144e-42
0
0
0
DERIV 33
-1.4539485892527247766e-43
0
0
0
DERIV 34
1.3247447702505578286e-44
0
0
0
DERIV 35
-1.1975255716405392554e-45
0
0
0
AT 53/4
1.2570682495574537062e-17
0
0
0
DERIV 1
-1.9389140398913684766e-17
0
0
0
DERIV 2
1.5171718779410328088e-17
0
0
0
DERIV 3
-8.035225836153212336e-18
0
0
0
DERIV 4
3.2424316127985423421e-18
0
0
0
DERIV 5
-1.0640201767638686140e-18
0
0
0
DERIV 6
2.959577155813060192e-19
0
0
0
DERIV 7
-7.181357667450724417e-20
0
0
0
DERIV 8
1.5527146446476370138e-20
0
0
0
DERIV 9
-3.0406963764729053494e-21
0
0
0
DERIV 10
5.463674792772472175e-22
0
0
0
DERIV 11
-9.103724402872222996e-23
0
0
0
DERIV 12
1.4190363681558377536e-23
0
0
0
DERIV 13
-2.0846472308664286099e-24
0
0
0
DERIV 14
2.904654640487902662e-25
0
0
0
DERIV 15
-3.859784969132167813e-26
0
0
0
DERIV 16
4.914911598666058629e-27
0
0
0
DERIV 17
-6.022470743782353925e-28
0
0
0
DERIV 18
7.127668574418757821e-29
0
0
0
DERIV 19
-8.174442039114355681e-30
0
0
0
DERIV 20
9.111136682121955067e-31
0
0
0
DERIV 21
-9.895086493521364837e-32
0
0
0
DERIV 22
1.0495618211708467149e-32
0
0
0
DERIV 23
-1.0895351418832753193e-33
0
0
0
DERIV 24
1.1089950911823063360e-34
0
0
0
DERIV 25
-1.1086672003666575909e-35
0
0
0
DERIV 26
1.0902119044951825926e-36
0
0
0
DERIV 27
-1.0559631200109317248e-37
0
0
0
DERIV 28
1.0086645909794318676e-38
0
0
0
DERIV 29
-9.512298326619511311e-40
0
0
0
DERIV 30
8.865417658179282246e-41
0
0
0
DERIV 31
-8.172994446520910540e-42
0
0
0
DERIV 32
7.459124598851272243e-43
0
0
0
DERIV 33
-6.744388849834443072e-44
0
0
0
DERIV 34
6.045598780014969081e-45
0
0
0
DERIV 35
-5.375828943757207998e-46
0
0
0
AT 27/2
8.553552597664204613e-18
0
0
0
DERIV 1
-1.3122934284540242706e-17
0
0
0
DERIV 2
1.0209500300957234130e-17
0
0
0
DERIV 3
-5.373954548005109579e-18
0
0
0
DERIV 4
2.1544099132629581356e-18
0
0
0
DERIV 5
-7.021108196109784591e-19
0
0
0
DERIV 6
1.9387376577185378036e-19
0
0
0
DERIV 7
-4.668337756169852859e-20
0
0
0
DERIV 8
1.0012525839454249187e-20
0
0
0
DERIV 9
-1.9442349957936505777e-21
0
0
0
DERIV 10
3.462658621763997519e-22
0
0
0
DERIV 11
-5.716330106159551434e-23
0
0
0
DERIV 12
8.824477012142501676e-24
0
0
0
DERIV 13
-1.2833637056474063686e-24
0
0
0
DERIV 14
1.7695360734086021483e-25
0
0
0
DERIV 15
-2.3259706061295729338e-26
0
0
0
DERIV 16
2.9286318942230708924e-27
0
0
0
DERIV 17
-3.547052542184325613e-28
0
0
0
DERIV 18
4.147868289577804968e-29
0
0
0
DERIV 19
-4.698575555389195304e-30
0
0
0
DERIV 20
5.170866017216496779e-31
0
0
0
DERIV 21
-5.543080647103443264e-32
0
0
0
DERIV 22
5.801566544587322758e-33
0
0
0
DERIV 23
-5.940945787095101079e-34
0
0
0
DERIV 24
5.963472638462560529e-35
0
0
0
DERIV 25
-5.877747535274956063e-36
0
0
0
DERIV 26
5.697078738008947338e-37
0
0
0
DERIV 27
-5.437753323195562959e-38
0
0
0
DERIV 28
5.117420071927787128e-39
0
0
0
DERIV 29
-4.753717319398630444e-40
0
0
0
DERIV 30
4.363213225323847293e-41
0
0
0
DERIV 31
-3.960672535664308477e-42
0
0
0
DERIV 32
3.5586259814829937255e-43
0
0
0
DERIV 33
-3.167195649921354109e-44
0
0
0
DERIV 34
2.7941195308341901530e-45
0
0
0
DERIV 35
-2.4449177081311244157e-46
0
0
0
AT 55/4
5.825195422302170025e-18
0
0
0
DERIV 1
-8.895990455624089150e-18
0
0
0
DERIV 2
6.884482682195589606e-18
0
0
0
DERIV 3
-3.602763697115056289e-18
0
0
0
DERIV 4
1.4353291620243472813e-18
0
0
0
DERIV 5
-4.646582070501569641e-19
0
0
0
DERIV 6
1.2740380695831216649e-19
0
0
0
DERIV 7
-3.045045758595359745e-20
0
0
0
DERIV 8
6.480012792468139450e-21
0
0
0
DERIV 9
-1.2479949134862668786e-21
0
0
0
DERIV 10
2.203613257171785249e-22
0
0
0
DERIV 11
-3.605233653503385652e-23
0
0
0
DERIV 12
5.513456022913613989e-24
0
0
0
DERIV 13
-7.940216458147808137e-25
0
0
0
DERIV 14
1.0837266763516719226e-25
0
0
0
DERIV 15
-1.4095307875060876405e-26
0
0
0
DERIV 16
1.7554172304938119043e-27
0
0
0
DERIV 17
-2.102167872611450976e-28
0
0
0
DERIV 18
2.4296983795708544897e-29
0
0
0
DERIV 19
-2.7193789956593886912e-30
0
0
0
DERIV 20
2.955949159770387884e-31
0
0
0
DERIV 21
-3.128779794577248794e-32
0
0
0
DERIV 22
3.232402249778626599e-33
0
0
0
DERIV 23
-3.266364361437054963e-34
0
0
0
DERIV 24
3.234567849691364665e-35
0
0
0
DERIV 25
-3.144282206486400052e-36
0
0
0
DERIV 26
3.005026685742924585e-37
0
0
0
DERIV 27
-2.827478879200850099e-38
0
0
0
DERIV 28
2.6225211971165864630e-39
0
0
0
DERIV 29
-2.4004879826098151002e-40
0
0
0
DERIV 30
2.1706341943472786986e-41
0
0
0
DERIV 31
-1.9408155634711547264e-42
0
0
0
DERIV 32
1.7173505526552284844e-43
0
0
0
DERIV 33
-1.5050249319253522995e-44
0
0
0
DERIV 34
1.3071979650245626949e-45
0
0
0
DERIV 35
-1.1259725068355001994e-46
0
0
0
AT 14
3.959195560728691454e-18
0
0
0
DERIV 1
-6.030571681757560952e-18
0
0
0
DERIV 2
4.647785546678097864e-18
0
0
0
DERIV 3
-2.4198931699010388660e-18
0
0
0
DERIV 4
9.585144624772725164e-19
0
0
0
DERIV 5
-3.083443073079577946e-19
0
0
0
DERIV 6
8.397368659804483916e-20
0
0
0
DERIV 7
-1.9926622939077979141e-20
0
0
0
DERIV 8
4.208460009055540497e-21
0
0
0
DERIV 9
-8.040795978721908694e-22
0
0
0
DERIV 10
1.4079678217614028157e-22
0
0
0
DERIV 11
-2.2834640192075376447e-23
0
0
0
DERIV 12
3.460353022146962516e-24
0
0
0
DERIV 13
-4.936252889924405378e-25
0
0
0
DERIV 14
6.670945284179380401e-26
0
0
0
DERIV 15
-8.587774644104152238e-27
0
0
0
DERIV 16
1.0581895748461915646e-27
0
0
0
DERIV 17
-1.2533419818637951482e-28
0
0
0
DERIV 18
1.4322530791404630182e-29
0
0
0
DERIV 19
-1.5843575608113848152e-30
0
0
0
DERIV 20
1.7015807337756677242e-31
0
0
0
DERIV 21
-1.7789528559165152058e-32
0
0
0
DERIV 22
1.8147479599355629078e-33
0
0
0
DERIV 23
-1.8102176256615629470e-34
0
0
0
DERIV 24
1.7690401225494342953e-35
0
0
0
DERIV 25
-1.6966195791291000779e-36
0
0
0
DERIV 26
1.5993566935912618307e-37
0
0
0
DERIV 27
-1.4839833416456476986e-38
0
0
0
DERIV 28
1.3570188581038348341e-39
0
0
0
DERIV 29
-1.2243735496561427741e-40
0
0
0
DERIV 30
1.0910995814885612301e-41
0
0
0
DERIV 31
-9.612723219157387903e-43
0
0
0
DERIV 32
8.379760653198663507e-44
0
0
0
DERIV 33
-7.233652199998310839e-45
0
0
0
DERIV 34
6.187736075783347238e-46
0
0
0
DERIV 35
-5.248486458385301231e-47
0
0
0
AT 57/4
2.6612919278230681527e-18
0
0
0
DERIV 1
-4.068006643990748815e-18
0
0
0
DERIV 2
3.1329939675488050198e-18
0
0
0
DERIV 3
-1.6260403023487513628e-18
0
0
0
DERIV 4
6.410735314668999350e-19
0
0
0
DERIV 5
-2.0506904978944426744e-19
0
0
0
DERIV 6
5.549662488428194310e-20
0
0
0
DERIV 7
-1.3079340475298730113e-20
0
0
0
DERIV 8
2.7422543453013446627e-21
0
0
0
DERIV 9
-5.199201011836955104e-22
0
0
0
DERIV 10
9.030508440125004400e-23
0
0
0
DERIV 11
-1.4522061592042274418e-23
0
0
0
DERIV 12
2.1812416617203851245e-24
0
0
0
DERIV 13
-3.082946790011577110e-25
0
0
0
DERIV 14
4.126469771587492026e-26
0
0
0
DERIV 15
-5.259372030756172558e-27
0
0
0
DERIV 16
6.413875213970590535e-28
0
0
0
DERIV 17
-7.515802716758514266e-29
0
0
0
DERIV 18
8.494212173924796919e-30
0
0
0
DERIV 19
-9.289819973344479436e-31
0
0
0
DERIV 20
9.860876636582300007e-32
0
0
0
DERIV 21
-1.0185907144445264553e-32
0
0
0
DERIV 22
1.0263440880130711042e-33
0
0
0
DERIV 23
-1.0109363470705806932e-34
0
0
0
DERIV 24
9.752771000001112056e-36
0
0
0
DERIV 25
-9.231221406037768746e-37
0
0
0
DERIV 26
8.586129592134656685e-38
0
0
0
DERIV 27
-7.858824004889886893e-39
0
0
0
DERIV 28
7.087542565714405511e-40
0
0
0
DERIV 29
-6.305440873703584686e-41
0
0
0
DERIV 30
5.539537538124982356e-42
0
0
0
DERIV 31
-4.810433570971289646e-43
0
0
0
DERIV 32
4.132606481213736644e-44
0
0
0
DERIV 33
-3.515081304955450494e-45
0
0
0
DERIV 34
2.9623059295818157231e-46
0
0
0
DERIV 35
-2.475094501924257078e-47
0
0
0
AT 29/2
1.7167127295309698570e-18
0
0
0
DERIV 1
-2.6877582880464614238e-18
0
0
0
DERIV 2
2.0909420799517296024e-18
0
0
0
DERIV 3
-1.0880987676695465852e-18
0
0
0
DERIV 4
4.283635177458213822e-19
0
0
0
DERIV 5
-1.3650322272836868876e-19
0
0
0
DERIV 6
3.674724857625548077e-20
0
0
0
DERIV 7
-8.607079365898053318e-21
0
0
0
DERIV 8
1.7922669836732205569e-21
0
0
0
DERIV 9
-3.373119309922928318e-22
0
0
0
DERIV 10
5.813191569840383348e-23
0
0
0
DERIV 11
-9.271749160079896926e-24
0
0
0
DERIV 12
1.3807027260131281766e-24
0
0
0
DERIV 13
-1.9340246953999307077e-25
0
0
0
DERIV 14
2.5645653788822001975e-26
0
0
0
DERIV 15
-3.237055576867306056e-27
0
0
0
DERIV 16
3.908072518305232747e-28
0
0
0
DERIV 17
-4.532012395702584936e-29
0
0
0
DERIV 18
5.067150468087322756e-30
0
0
0
DERIV 19
-5.480604693017011348e-31
0
0
0
DERIV 20
5.751449645303181093e-32
0
0
0
DERIV 21
-5.871746515358283477e-33
0
0
0
DERIV 22
5.845705190960481691e-34
0
0
0
DERIV 23
-5.687484701145068126e-35
0
0
0
DERIV 24
5.418248328655850776e-36
0
0
0
DERIV 25
-5.063050853915583178e-37
0
0
0
DERIV 26
4.648003569792819818e-38
0
0
0
DERIV 27
-4.197994927668149667e-39
0
0
0
DERIV 28
3.735084891267326532e-40
0
0
0
DERIV 29
-3.277565199845345980e-41
0
0
0
DERIV 30
2.8395952138341369664e-42
0
0
0
DERIV 31
-2.4312815449192042918e-43
0
0
0
DERIV 32
2.0590605565148858590e-44
0
0
0
DERIV 33
-1.7262552985114357431e-45
0
0
0
DERIV 34
1.4337025389077451712e-46
0
0
0
DERIV 35
-1.1803735112599759857e-47
0
0
0
AT 59/4
9.460447561855151015e-19
0
0
0
DERIV 1
-1.6465035142471421518e-18
0
0
0
DERIV 2
1.3438838792237194100e-18
0
0
0
DERIV 3
-7.147237561828272471e-19
0
0
0
DERIV 4
2.837926384139325545e-19
0
0
0
DERIV 5
-9.057401947026138465e-20
0
0
0
DERIV 6
2.4326260825556858475e-20
0
0
0
DERIV 7
-5.671931197765840143e-21
0
0
0
DERIV 8
1.1741379701651195815e-21
0
0
0
DERIV 9
-2.194873970024598626e-22
0
0
0
DERIV 10
3.754757867917760565e-23
0
0
0
DERIV 11
-5.941592787831189488e-24
0
0
0
DERIV 12
8.774638043394061956e-25
0
0
0
DERIV 13
-1.2184512143846307781e-25
0
0
0
DERIV 14
1.6010860022525457992e-26
0
0
0
DERIV 15
-2.0019284997072630295e-27
0
0
0
DERIV 16
2.393343922937418440e-28
0
0
0
DERIV 17
-2.747436948617525695e-29
0
0
0
DERIV 18
3.0398229891383456686e-30
0
0
0
DERIV 19
-3.252509089762838145e-31
0
0
0
DERIV 20
3.375475895477517810e-32
0
0
0
DERIV 21
-3.406901125741579635e-33
0
0
0
DERIV 22
3.352244567709362915e-34
0
0
0
DERIV 23
-3.222574532804961200e-35
0
0
0
DERIV 24
3.032553799589903854e-36
0
0
0
DERIV 25
-2.798448765109190721e-37
0
0
0
DERIV 26
2.536420412310181748e-38
0
0
0
DERIV 27
-2.2612381253684960813e-39
0
0
0
DERIV 28
1.9854543056143916986e-40
0
0
0
DERIV 29
-1.7190029293080077559e-41
0
0
0
DERIV 30
1.4691414911654614510e-42
0
0
0
DERIV 31
-1.2406390084437157064e-43
0
0
0
DERIV 32
1.0361154957435589609e-44
0
0
0
DERIV 33
-8.564527214195686649e-46
0
0
0
DERIV 34
7.012155170772114605e-47
0
0
0
DERIV 35
-5.690427191783989939e-48
0
0
0
AT 15
1.5766179198714209816e-19
0
0
0
DERIV 1
-7.228723381848524697e-19
0
0
0
DERIV 2
7.492029384399395542e-19
0
0
0
DERIV 3
-4.386847729016259115e-19
0
0
0
DERIV 4
1.8186280096179816679e-19
0
0
0
DERIV 5
-5.914879200205258263e-20
0
0
0
DERIV 6
1.5992877763613888067e-20
0
0
0
DERIV 7
-3.729848785553605862e-21
0
0
0
DERIV 8
7.695741465316165810e-22
0
0
0
DERIV 9
-1.4309772169739425185e-22
0
0
0
DERIV 10
2.4320074219840872438e-23
0
0
0
DERIV 11
-3.820293721922276512e-24
0
0
0
DERIV 12
5.597331310787382943e-25
0
0
0
DERIV 13
-7.707524374314583620e-26
0
0
0
DERIV 14
1.0039210087420093880e-26
0
0
0
DERIV 15
-1.2437948734774895058e-27
0
0
0
DERIV 16
1.4728752933314254840e-28
0
0
0
DERIV 17
-1.6741721212674076256e-29
0
0
0
DERIV 18
1.8335277150396607489e-30
0
0
0
DERIV 19
-1.9412616009249077778e-31
0
0
0
DERIV 20
1.9929244522821820712e-32
0
0
0
DERIV 21
-1.9891804550484905701e-33
0
0
0
DERIV 22
1.935007429091586279e-34
0
0
0
DERIV 23
-1.8384880420150929208e-35
0
0
0
DERIV 24
1.7094688604209820487e-36
0
0
0
DERIV 25
-1.5583114804909157329e-37
0
0
0
DERIV 26
1.3948813268014703654e-38
0
0
0
DERIV 27
-1.2278400215637288285e-39
0
0
0
DERIV 28
1.0642425132463090742e-40
0
0
0
DERIV 29
-9.093971425026501053e-42
0
0
0
DERIV 30
7.669252233022815216e-43
0
0
0
DERIV 31
-6.389521982677986023e-44
0
0
0
DERIV 32
5.263692264385169967e-45
0
0
0
DERIV 33
-4.291167455896461966e-46
0
0
0
DERIV 34
3.464559146858003547e-47
0
0
0
DERIV 35
-2.772071475267804982e-48
0
0
0
AT 61/4
-9.197482818186024848e-19
0
0
0
DERIV 1
3.485835420257818666e-19
0
0
0
DERIV 2
1.6336604794750868595e-19
0
0
0
DERIV 3
-2.0196318839737461269e-19
0
0
0
DERIV 4
1.0295199335896512642e-19
0
0
0
DERIV 5
-3.642544081143951330e-20
0
0
0
DERIV 6
1.0221758785131602108e-20
0
0
0
DERIV 7
-2.4210877600663329299e-21
0
0
0
DERIV 8
5.018306624689756647e-22
0
0
0
DERIV 9
-9.320361852482662815e-23
0
0
0
DERIV 10
1.5772306185914484255e-23
0
0
0
DERIV 11
-2.4625196422142469894e-24
0
0
0
DERIV 12
3.582154214619522212e-25
0
0
0
DERIV 13
-4.893787343658449525e-26
0
0
0
DERIV 14
6.320707104333189222e-27
0
0
0
DERIV 15
-7.761802415944551165e-28
0
0
0
DERIV 16
9.106716123432186828e-29
0
0
0
DERIV 17
-1.0252381615406761431e-29
0
0
0
DERIV 18
1.1117204390050150252e-30
0
0
0
DERIV 19
-1.1650268782217202308e-31
0
0
0
DERIV 20
1.1834549259973416721e-32
0
0
0
DERIV 21
-1.1684605581782203242e-33
0
0
0
DERIV 22
1.1240258818671485642e-34
0
0
0
DERIV 23
-1.0558156334659459961e-35
0
0
0
DERIV 24
9.703022227461770937e-37
0
0
0
DERIV 25
-8.739948301522732877e-38
0
0
0
DERIV 26
7.728516525454118874e-39
0
0
0
DERIV 27
-6.719017809440922477e-40
0
0
0
DERIV 28
5.750635543628609845e-41
0
0
0
DERIV 29
-4.851224026811498060e-42
0
0
0
DERIV 30
4.038216233117911934e-43
0
0
0
DERIV 31
-3.320204845888807915e-44
0
0
0
DERIV 32
2.6988129728533246952e-45
0
0
0
DERIV 33
-2.1705701930266537567e-46
0
0
0
DERIV 34
1.7286097351906013035e-47
0
0
0
DERIV 35
-1.3640884980523736905e-48
0
0
0
AT 31/2
-2.7516940742090436124e-18
0
0
0
DERIV 1
1.9783448876744983088e-18
0
0
0
DERIV 2
-6.054532596085256166e-19
0
0
0
DERIV 3
6.054237589314757110e-20
0
0
0
DERIV 4
2.855792766292004351e-20
0
0
0
DERIV 5
-1.7664588299432811942e-20
0
0
0
DERIV 6
5.886990712442294406e-21
0
0
0
DERIV 7
-1.4966744392363762441e-21
0
0
0
DERIV 8
3.198408226474096522e-22
0
0
0
DERIV 9
-6.010567406623999105e-23
0
0
0
DERIV 10
1.0194977038509015807e-23
0
0
0
DERIV 11
-1.5875558800173578924e-24
0
0
0
DERIV 12
2.297109793545630587e-25
0
0
0
DERIV 13
-3.116758165768563443e-26
0
0
0
DERIV 14
3.994250927353433368e-27
0
0
0
DERIV 15
-4.863713959497188854e-28
0
0
0
DERIV 16
5.655817011692751713e-29
0
0
0
DERIV 17
-6.308325669166027393e-30
0
0
0
DERIV 18
6.774657469178843919e-31
0
0
0
DERIV 19
-7.028905712566214380e-32
0
0
0
DERIV 20
7.066891905641040925e-33
0
0
0
DERIV 21
-6.903771634659285585e-34
0
0
0
DERIV 22
6.569315908129085760e-35
0
0
0
DERIV 23
-6.102169425590581988e-36
0
0
0
DERIV 24
5.544232638172384796e-37
0
0
0
DERIV 25
-4.935970405804533839e-38
0
0
0
DERIV 26
4.313057678338763982e-39
0
0
0
DERIV 27
-3.704432673528807967e-40
0
0
0
DERIV 28
3.131590882490721149e-41
0
0
0
DERIV 29
-2.6088270509295208616e-42
0
0
0
DERIV 30
2.1440986287641247389e-43
0
0
0
DERIV 31
-1.7402134477291763214e-44
0
0
0
DERIV 32
1.3961069950869380653e-45
0
0
0
DERIV 33
-1.1080471608649292832e-46
0
0
0
DERIV 34
8.706714063249468616e-48
0
0
0
DERIV 35
-6.778150311874146736e-49
0
0
0
AT 63/4
-6.207911594275798120e-18
0
0
0
DERIV 1
4.898786097762595578e-18
0
0
0
DERIV 2
-1.8740070561449534229e-18
0
0
0
DERIV 3
4.442505057268551604e-19
0
0
0
DERIV 4
-6.441563470601131438e-20
0
0
0
DERIV 5
2.0686861789909607509e-21
0
0
0
DERIV 6
1.9976658948623914066e-21
0
0
0
DERIV 7
-7.641045320069641997e-22
0
0
0
DERIV 8
1.8738929052401149319e-22
0
0
0
DERIV 9
-3.728128825445280840e-23
0
0
0
DERIV 10
6.475114682372595627e-24
0
0
0
DERIV 11
-1.0163655096755426175e-24
0
0
0
DERIV 12
1.4707278949234766816e-25
0
0
0
DERIV 13
-1.9874263292454187520e-26
0
0
0
DERIV 14
2.5309751887087595787e-27
0
0
0
DERIV 15
-3.058637720740721771e-28
0
0
0
DERIV 16
3.527092164444674145e-29
0
0
0
DERIV 17
-3.899043252818706179e-30
0
0
0
DERIV 18
4.148292044967587687e-31
0
0
0
DERIV 19
-4.262374475577335154e-32
0
0
0
DERIV 20
4.242615479823171185e-33
0
0
0
DERIV 21
-4.102059490882346883e-34
0
0
0
DERIV 22
3.862084612488156586e-35
0
0
0
DERIV 23
-3.548570554637373030e-36
0
0
0
DERIV 24
3.188341574405333665e-37
0
0
0
DERIV 25
-2.806350519348899608e-38
0
0
0
DERIV 26
2.4238035427001980166e-39
0
0
0
DERIV 27
-2.0572093595159278319e-40
0
0
0
DERIV 28
1.7181983462312728871e-41
0
0
0
DERIV 29
-1.4138939771071862988e-42
0
0
0
DERIV 30
1.1476149745171928244e-43
0
0
0
DERIV 31
-9.197190069612201682e-45
0
0
0
DERIV 32
7.284476843718525675e-46
0
0
0
DERIV 33
-5.706832237413356373e-47
0
0
0
DERIV 34
4.425707050346636114e-48
0
0
0
DERIV 35
-3.3999252477920658032e-49
0
0
0
END
