#15
6x9
2 3 4 0 0 0 0 0 0 
2 1 2 0 0 0 0 0 0 
1 1 0 0 0 0 0 0 0 
8 1 2 3 1 3 4 2 4 
4 1 3 1 3 0 0 0 0 
1 32 0 0 0 0 0 0 0
6x9
2 3 4 0 0 0 0 0 0 
2 1 2 0 0 0 0 0 0 
1 3 0 0 0 0 0 0 0 
8 1 2 3 1 3 4 2 4 
4 1 3 1 3 0 0 0 0 
1 32 0 0 0 0 0 0 0
6x9
2 3 4 0 0 0 0 0 0 
2 1 2 0 0 0 0 0 0 
2 1 3 0 0 0 0 0 0 
8 1 2 3 1 3 4 2 4 
4 1 3 1 3 0 0 0 0 
1 32 0 0 0 0 0 0 0
6x9
2 3 4 0 0 0 0 0 0 
1 1 0 0 0 0 0 0 0 
1 3 0 0 0 0 0 0 0 
8 1 2 3 1 3 4 2 4 
4 1 3 1 3 0 0 0 0 
1 32 0 0 0 0 0 0 0
6x9
2 3 4 0 0 0 0 0 0 
3 1 2 3 0 0 0 0 0 
1 1 0 0 0 0 0 0 0 
8 1 2 3 1 3 4 2 4 
4 1 3 1 3 0 0 0 0 
1 32 0 0 0 0 0 0 0
6x9
2 3 4 0 0 0 0 0 0 
1 2 0 0 0 0 0 0 0 
1 3 0 0 0 0 0 0 0 
8 1 2 3 1 3 4 2 4 
4 1 3 1 3 0 0 0 0 
1 32 0 0 0 0 0 0 0
6x9
2 3 4 0 0 0 0 0 0 
3 1 2 3 0 0 0 0 0 
2 1 3 0 0 0 0 0 0 
8 1 2 3 1 3 4 2 4 
4 1 3 1 3 0 0 0 0 
1 32 0 0 0 0 0 0 0
6x9
2 1 2 0 0 0 0 0 0 
1 1 0 0 0 0 0 0 0 
1 3 0 0 0 0 0 0 0 
8 1 2 3 1 3 4 2 4 
4 1 3 1 3 0 0 0 0 
1 32 0 0 0 0 0 0 0
6x9
1 4 0 0 0 0 0 0 0 
2 1 2 0 0 0 0 0 0 
1 1 0 0 0 0 0 0 0 
8 1 2 3 1 3 4 2 4 
4 1 3 1 3 0 0 0 0 
1 32 0 0 0 0 0 0 0
6x9
3 1 3 4 0 0 0 0 0 
2 1 2 0 0 0 0 0 0 
1 3 0 0 0 0 0 0 0 
8 1 2 3 1 3 4 2 4 
4 1 3 1 3 0 0 0 0 
1 32 0 0 0 0 0 0 0
6x9
1 4 0 0 0 0 0 0 0 
2 1 2 0 0 0 0 0 0 
2 1 3 0 0 0 0 0 0 
8 1 2 3 1 3 4 2 4 
4 1 3 1 3 0 0 0 0 
1 32 0 0 0 0 0 0 0
6x9
4 1 3 4 2 0 0 0 0 
1 1 0 0 0 0 0 0 0 
1 3 0 0 0 0 0 0 0 
8 1 2 3 1 3 4 2 4 
4 1 3 1 3 0 0 0 0 
1 32 0 0 0 0 0 0 0
6x9
1 4 0 0 0 0 0 0 0 
3 1 2 3 0 0 0 0 0 
1 1 0 0 0 0 0 0 0 
8 1 2 3 1 3 4 2 4 
4 1 3 1 3 0 0 0 0 
1 32 0 0 0 0 0 0 0
6x9
3 1 3 4 0 0 0 0 0 
1 2 0 0 0 0 0 0 0 
1 3 0 0 0 0 0 0 0 
8 1 2 3 1 3 4 2 4 
4 1 3 1 3 0 0 0 0 
1 32 0 0 0 0 0 0 0
6x9
1 4 0 0 0 0 0 0 0 
3 1 2 3 0 0 0 0 0 
2 1 3 0 0 0 0 0 0 
8 1 2 3 1 3 4 2 4 
4 1 3 1 3 0 0 0 0 
1 32 0 0 0 0 0 0 0
