#4
6x19
13 1 2 1 1 2 1 1 2 1 2 1 1 2 0 0 0 0 0 
4 2 1 1 2 0 0 0 0 0 0 0 0 0 0 0 0 0 0 
18 1 1 1 2 1 1 2 1 1 2 1 2 1 1 2 1 1 2 
6 2 1 1 2 1 1 0 0 0 0 0 0 0 0 0 0 0 0 
10 1 1 1 2 1 1 2 1 1 1 0 0 0 0 0 0 0 0 
1 72 0 0 0 0 0 0 0 0 0 0 0 0 0 0 0 0 0
6x19
3 2 1 2 0 0 0 0 0 0 0 0 0 0 0 0 0 0 0 
4 2 1 1 2 0 0 0 0 0 0 0 0 0 0 0 0 0 0 
18 1 1 1 2 1 1 2 1 1 2 1 2 1 1 2 1 1 2 
6 2 1 1 2 1 1 0 0 0 0 0 0 0 0 0 0 0 0 
10 1 1 1 2 1 1 2 1 1 1 0 0 0 0 0 0 0 0 
1 72 0 0 0 0 0 0 0 0 0 0 0 0 0 0 0 0 0
6x19
8 2 1 2 1 1 2 1 1 0 0 0 0 0 0 0 0 0 0 
4 2 1 1 2 0 0 0 0 0 0 0 0 0 0 0 0 0 0 
18 1 1 1 2 1 1 2 1 1 2 1 2 1 1 2 1 1 2 
6 2 1 1 2 1 1 0 0 0 0 0 0 0 0 0 0 0 0 
10 1 1 1 2 1 1 2 1 1 1 0 0 0 0 0 0 0 0 
1 72 0 0 0 0 0 0 0 0 0 0 0 0 0 0 0 0 0
5x19
13 1 2 1 1 2 1 1 2 1 2 1 1 2 0 0 0 0 0 
3 2 1 2 0 0 0 0 0 0 0 0 0 0 0 0 0 0 0 
4 2 1 1 2 0 0 0 0 0 0 0 0 0 0 0 0 0 0 
18 1 1 1 2 1 1 2 1 1 2 1 2 1 1 2 1 1 2 
9 16 0 0 0 0 0 0 0 0 0 0 0 0 0 0 0 0 0
