-0.952971 -0.816929 0.952971 1
0.524675 0.517356
-2.98023e-08 -0.0473571
0.2 0.2
0.104935 0.103471
1
355
82 69 3
-2.98023e-08 -0.0503798 0 2
0.0854214 -0.0474464 0 2
0.16829 -0.0388092 0 2
0.246139 -0.0249496 0 2
0.316669 -0.00664711 0 2
0.377827 0.0150555 0 2
0.427869 0.038898 0 2
0.465423 0.0634581 0 2
0.4792 0.0755339 0 2
0.484799 0.0814359 0 2
0.489529 0.0872149 0 2
0.496358 0.0983066 0 2
0.498452 0.103571 0 2
0.499665 0.108617 0 2
0.499999 0.113421 0 2
0.499837 0.115725 0 2
0.499457 0.11796 0 2
0.498044 0.122212 0 2
0.497013 0.124223 0 2
0.496417 0.125199 0 2
0.495767 0.126155 0 2
0.492635 0.129768 0 2
0.488658 0.13303 0 2
0.483848 0.135923 0 2
0.478219 0.138427 0 2
0.464566 0.142197 0 2
0.447838 0.144208 0 2
0.353791 0.132638 0 2
0.293548 0.114211 0 2
0.227191 0.0872149 0 2
0.156947 0.0519972 0 2
0.0851084 0.00927377 0 2
0.013954 -0.0398906 0 2
-0.0206783 -0.0664672 0 2
-0.0376431 -0.0801694 0 2
-0.0543319 -0.0941125 0 2
-0.117734 -0.151735 0 2
-0.17447 -0.210882 0 2
-0.223055 -0.269528 0 2
-0.262338 -0.325569 0 2
-0.291539 -0.376902 0 2
-0.310266 -0.421503 0 2
-0.315687 -0.440688 0 2
-0.318518 -0.457509 0 2
-0.318819 -0.471768 0 2
-0.318044 -0.477881 0 2
-0.317431 -0.480675 0 2
-0.317069 -0.482004 0 2
-0.31667 -0.483289 0 2
-0.314707 -0.487973 0 2
-0.312172 -0.491916 0 2
-0.30908 -0.495101 0 2
-0.30733 -0.496405 0 2
-0.306406 -0.496984 0 2
-0.305448 -0.497514 0 2
-0.301294 -0.499142 0 2
-0.296636 -0.499974 0 2
-0.291496 -0.499999 0 2
-0.288751 -0.499707 0 2
-0.285893 -0.49921 0 2
-0.273388 -0.495165 0 2
-0.259306 -0.487806 0 2
-0.243839 -0.477131 0 2
-0.227191 -0.463164 0 2
-0.153006 -0.375846 0 2
-0.114346 -0.315111 0 2
-0.0953507 -0.281102 0 2
-0.0768369 -0.244968 0 2
-0.0419675 -0.167347 0 2
-0.0259358 -0.126416 0 2
-0.0110303 -0.084466 0 2
0.0149285 0.00124377 0 2
0.0257909 0.04436 0 2
0.0351465 0.0872149 0 2
0.0568677 0.249519 0 2
0.0584247 0.32083 0 2
0.0543319 0.382529 0 2
0.0453547 0.432674 0 2
0.0393394 0.452901 0 2
0.0324942 0.469675 0 2
0.024973 0.482862 0 2
0.0210092 0.488076 0 2
0.0169376 0.492357 0 2
0.0127793 0.495695 0 2
0.00855583 0.498085 0 2
0.00428885 0.49952 0 2
0.00214577 0.499879 0 2
0.00107306 0.499969 0 2
0.000536561 0.499992 0 2
-2.98023e-08 0.499999 0 2
-0.00428888 0.49952 0 2
-0.00855589 0.498085 0 2
-0.0127794 0.495695 0 2
-0.014868 0.494144 0 2
-0.0169376 0.492357 0 2
-0.0249731 0.482862 0 2
-0.0288082 0.476724 0 2
-0.0324943 0.469675 0 2
-0.0453548 0.432674 0 2
-0.0503963 0.409154 0 2
-0.0543319 0.382529 0 2
-0.0568677 0.249519 0 2
-0.0491705 0.170832 0 2
-0.0429487 0.12948 0 2
-0.0351466 0.0872149 0 2
-0.0149285 0.00124377 0 2
-0.00262609 -0.0418064 0 2
0.0110303 -0.084466 0 2
0.0419675 -0.167347 0 2
0.0589862 -0.20696 0 2
0.0768369 -0.244968 0 2
0.153006 -0.375846 0 2
0.191189 -0.425592 0 2
0.20957 -0.445957 0 2
0.227191 -0.463164 0 2
0.259306 -0.487806 0 2
0.273388 -0.495165 0 2
0.27985 -0.4976 0 2
0.285893 -0.49921 0 2
0.291496 -0.499999 0 2
0.296636 -0.499974 0 2
0.301294 -0.499142 0 2
0.303435 -0.498427 0 2
0.304458 -0.497995 0 2
0.305448 -0.497514 0 2
0.30908 -0.495101 0 2
0.310695 -0.493604 0 2
0.312172 -0.491916 0 2
0.314707 -0.487973 0 2
0.315761 -0.485723 0 2
0.316233 -0.484529 0 2
0.316456 -0.483915 0 2
0.316669 -0.483289 0 2
0.318819 -0.471768 0 2
0.318518 -0.457509 0 2
0.310266 -0.421503 0 2
0.291539 -0.376902 0 2
0.262338 -0.325569 0 2
0.223055 -0.269528 0 2
0.17447 -0.210882 0 2
0.117733 -0.151735 0 2
0.0867608 -0.122611 0 2
0.0707142 -0.108269 0 2
0.0543319 -0.0941125 0 2
-0.0139541 -0.0398906 0 2
-0.0851085 0.00927377 0 2
-0.156947 0.0519972 0 2
-0.227191 0.0872149 0 2
-0.353791 0.132638 0 2
-0.40584 0.142512 0 2
-0.428201 0.144346 0 2
-0.447838 0.144208 0 2
-0.464566 0.142197 0 2
-0.478219 0.138427 0 2
-0.483848 0.135923 0 2
-0.488658 0.13303 0 2
-0.492635 0.129768 0 2
-0.494307 0.128004 0 2
-0.495064 0.12709 0 2
-0.495767 0.126155 0 2
-0.498044 0.122212 0 2
-0.499457 0.11796 0 2
-0.499999 0.113421 0 2
-0.499942 0.111051 0 2
-0.499665 0.108617 0 2
-0.496358 0.0983066 0 2
-0.493383 0.0928465 0 2
-0.491565 0.0900506 0 2
-0.489529 0.0872149 0 2
-0.465423 0.0634581 0 2
-0.427869 0.038898 0 2
-0.377827 0.0150555 0 2
-0.31667 -0.00664711 0 2
-0.246139 -0.0249496 0 2
-0.16829 -0.0388092 0 2
-0.0854215 -0.0474464 0 2
-0.0428713 -0.0496439 0 2
-0.0214558 -0.0501957 0 2
-2.98023e-08 -0.0503798 0 2
0.0854214 -0.0474464 0 2
0.16829 -0.0388092 0 2
0.246139 -0.0249496 0 2
0.316669 -0.00664711 0 2
0.377827 0.0150555 0 2
0.427869 0.038898 0 2
0.465423 0.0634581 0 2
0.4792 0.0755339 0 2
0.484799 0.0814359 0 2
0.489529 0.0872149 0 2
0.496358 0.0983066 0 2
0.498452 0.103571 0 2
0.499665 0.108617 0 2
0.499999 0.113421 0 2
0.499837 0.115725 0 2
0.499457 0.11796 0 2
0.498044 0.122212 0 2
0.497013 0.124223 0 2
0.496417 0.125199 0 2
0.495767 0.126155 0 2
0.492635 0.129768 0 2
0.488658 0.13303 0 2
0.483848 0.135923 0 2
0.478219 0.138427 0 2
0.464566 0.142197 0 2
0.447838 0.144208 0 2
0.353791 0.132638 0 2
0.293548 0.114211 0 2
0.227191 0.0872149 0 2
0.156947 0.0519972 0 2
0.0851084 0.00927377 0 2
0.013954 -0.0398906 0 2
-0.0206783 -0.0664672 0 2
-0.0376431 -0.0801694 0 2
-0.0543319 -0.0941125 0 2
-0.117734 -0.151735 0 2
-0.17447 -0.210882 0 2
-0.223055 -0.269528 0 2
-0.262338 -0.325569 0 2
-0.291539 -0.376902 0 2
-0.310266 -0.421503 0 2
-0.315687 -0.440688 0 2
-0.318518 -0.457509 0 2
-0.318819 -0.471768 0 2
-0.318044 -0.477881 0 2
-0.317431 -0.480675 0 2
-0.317069 -0.482004 0 2
-0.31667 -0.483289 0 2
-0.314707 -0.487973 0 2
-0.312172 -0.491916 0 2
-0.30908 -0.495101 0 2
-0.30733 -0.496405 0 2
-0.306406 -0.496984 0 2
-0.305448 -0.497514 0 2
-0.301294 -0.499142 0 2
-0.296636 -0.499974 0 2
-0.291496 -0.499999 0 2
-0.288751 -0.499707 0 2
-0.285893 -0.49921 0 2
-0.273388 -0.495165 0 2
-0.259306 -0.487806 0 2
-0.243839 -0.477131 0 2
-0.227191 -0.463164 0 2
-0.153006 -0.375846 0 2
-0.114346 -0.315111 0 2
-0.0953507 -0.281102 0 2
-0.0768369 -0.244968 0 2
-0.0419675 -0.167347 0 2
-0.0259358 -0.126416 0 2
-0.0110303 -0.084466 0 2
0.0149285 0.00124377 0 2
0.0257909 0.04436 0 2
0.0351465 0.0872149 0 2
0.0568677 0.249519 0 2
0.0584247 0.32083 0 2
0.0543319 0.382529 0 2
0.0453547 0.432674 0 2
0.0393394 0.452901 0 2
0.0324942 0.469675 0 2
0.024973 0.482862 0 2
0.0210092 0.488076 0 2
0.0169376 0.492357 0 2
0.0127793 0.495695 0 2
0.00855583 0.498085 0 2
0.00428885 0.49952 0 2
0.00214577 0.499879 0 2
0.00107306 0.499969 0 2
0.000536561 0.499992 0 2
-2.98023e-08 0.499999 0 2
-0.00428888 0.49952 0 2
-0.00855589 0.498085 0 2
-0.0127794 0.495695 0 2
-0.014868 0.494144 0 2
-0.0169376 0.492357 0 2
-0.0249731 0.482862 0 2
-0.0288082 0.476724 0 2
-0.0324943 0.469675 0 2
-0.0453548 0.432674 0 2
-0.0503963 0.409154 0 2
-0.0543319 0.382529 0 2
-0.0568677 0.249519 0 2
-0.0491705 0.170832 0 2
-0.0429487 0.12948 0 2
-0.0351466 0.0872149 0 2
-0.0149285 0.00124377 0 2
-0.00262609 -0.0418064 0 2
0.0110303 -0.084466 0 2
0.0419675 -0.167347 0 2
0.0589862 -0.20696 0 2
0.0768369 -0.244968 0 2
0.153006 -0.375846 0 2
0.191189 -0.425592 0 2
0.20957 -0.445957 0 2
0.227191 -0.463164 0 2
0.259306 -0.487806 0 2
0.273388 -0.495165 0 2
0.27985 -0.4976 0 2
0.285893 -0.49921 0 2
0.291496 -0.499999 0 2
0.296636 -0.499974 0 2
0.301294 -0.499142 0 2
0.303435 -0.498427 0 2
0.304458 -0.497995 0 2
0.305448 -0.497514 0 2
0.30908 -0.495101 0 2
0.310695 -0.493604 0 2
0.312172 -0.491916 0 2
0.314707 -0.487973 0 2
0.315761 -0.485723 0 2
0.316233 -0.484529 0 2
0.316456 -0.483915 0 2
0.316669 -0.483289 0 2
0.318819 -0.471768 0 2
0.318518 -0.457509 0 2
0.310266 -0.421503 0 2
0.291539 -0.376902 0 2
0.262338 -0.325569 0 2
0.223055 -0.269528 0 2
0.17447 -0.210882 0 2
0.117733 -0.151735 0 2
0.0867608 -0.122611 0 2
0.0707142 -0.108269 0 2
0.0543319 -0.0941125 0 2
-0.0139541 -0.0398906 0 2
-0.0851085 0.00927377 0 2
-0.156947 0.0519972 0 2
-0.227191 0.0872149 0 2
-0.353791 0.132638 0 2
-0.40584 0.142512 0 2
-0.428201 0.144346 0 2
-0.447838 0.144208 0 2
-0.464566 0.142197 0 2
-0.478219 0.138427 0 2
-0.483848 0.135923 0 2
-0.488658 0.13303 0 2
-0.492635 0.129768 0 2
-0.494307 0.128004 0 2
-0.495064 0.12709 0 2
-0.495767 0.126155 0 2
-0.498044 0.122212 0 2
-0.499457 0.11796 0 2
-0.499999 0.113421 0 2
-0.499942 0.111051 0 2
-0.499665 0.108617 0 2
-0.496358 0.0983066 0 2
-0.493383 0.0928465 0 2
-0.491565 0.0900506 0 2
-0.489529 0.0872149 0 2
-0.465423 0.0634581 0 2
-0.427869 0.038898 0 2
-0.377827 0.0150555 0 2
-0.31667 -0.00664711 0 2
-0.246139 -0.0249496 0 2
-0.16829 -0.0388092 0 2
-0.0854215 -0.0474464 0 2
-2.98023e-08 -0.0503798 0 2
