#9
5x9
8 1 2 2 2 2 3 3 3 
1 1 0 0 0 0 0 0 0 
2 2 2 0 0 0 0 0 0 
2 3 3 0 0 0 0 0 0 
1 36 0 0 0 0 0 0 0
5x9
8 1 2 2 2 2 3 3 3 
3 2 2 2 0 0 0 0 0 
2 2 2 0 0 0 0 0 0 
2 3 3 0 0 0 0 0 0 
1 36 0 0 0 0 0 0 0
5x9
8 1 2 2 2 2 3 3 3 
4 1 2 2 2 0 0 0 0 
2 2 2 0 0 0 0 0 0 
2 3 3 0 0 0 0 0 0 
1 36 0 0 0 0 0 0 0
5x4
1 1 0 0 
3 2 2 2 
2 2 2 0 
2 3 3 0 
1 36 0 0
5x6
5 1 2 3 3 3 
1 1 0 0 0 0 
2 2 2 0 0 0 
2 3 3 0 0 0 
1 36 0 0 0 0
5x8
7 2 2 2 2 3 3 3 
3 2 2 2 0 0 0 0 
2 2 2 0 0 0 0 0 
2 3 3 0 0 0 0 0 
1 36 0 0 0 0 0 0
5x6
5 1 2 3 3 3 
4 1 2 2 2 0 
2 2 2 0 0 0 
2 3 3 0 0 0 
1 36 0 0 0 0
5x9
8 1 2 2 2 2 3 3 3 
1 1 0 0 0 0 0 0 0 
3 2 2 2 0 0 0 0 0 
2 3 3 0 0 0 0 0 0 
3 24 0 0 0 0 0 0 0
5x9
8 1 2 2 2 2 3 3 3 
1 1 0 0 0 0 0 0 0 
3 2 2 2 0 0 0 0 0 
2 2 2 0 0 0 0 0 0 
3 24 0 0 0 0 0 0 0
