#17
6x7
5 1 2 2 1 4 0 
6 2 2 2 3 3 3 
3 2 2 2 0 0 0 
2 3 3 0 0 0 0 
2 2 2 0 0 0 0 
1 72 0 0 0 0 0
6x7
5 1 2 2 1 4 0 
6 2 2 2 3 3 3 
3 1 2 2 0 0 0 
2 3 3 0 0 0 0 
2 2 2 0 0 0 0 
1 72 0 0 0 0 0
6x7
5 1 2 2 1 4 0 
6 2 2 2 3 3 3 
2 2 1 0 0 0 0 
2 3 3 0 0 0 0 
2 2 2 0 0 0 0 
1 72 0 0 0 0 0
6x6
5 1 2 2 1 4 
3 2 2 2 0 0 
3 1 2 2 0 0 
2 3 3 0 0 0 
2 2 2 0 0 0 
1 72 0 0 0 0
6x6
5 1 2 2 1 4 
5 2 1 3 3 3 
3 2 2 2 0 0 
2 3 3 0 0 0 
2 2 2 0 0 0 
1 72 0 0 0 0
6x6
5 1 2 2 1 4 
3 3 3 3 0 0 
3 1 2 2 0 0 
2 3 3 0 0 0 
2 2 2 0 0 0 
1 72 0 0 0 0
6x6
5 1 2 2 1 4 
5 2 1 3 3 3 
2 2 1 0 0 0 
2 3 3 0 0 0 
2 2 2 0 0 0 
1 72 0 0 0 0
6x7
6 2 2 2 3 3 3 
3 2 2 2 0 0 0 
3 1 2 2 0 0 0 
2 3 3 0 0 0 0 
2 2 2 0 0 0 0 
1 72 0 0 0 0 0
6x7
2 1 4 0 0 0 0 
6 2 2 2 3 3 3 
3 2 2 2 0 0 0 
2 3 3 0 0 0 0 
2 2 2 0 0 0 0 
1 72 0 0 0 0 0
6x7
2 2 4 0 0 0 0 
6 2 2 2 3 3 3 
3 1 2 2 0 0 0 
2 3 3 0 0 0 0 
2 2 2 0 0 0 0 
1 72 0 0 0 0 0
6x7
2 1 4 0 0 0 0 
6 2 2 2 3 3 3 
2 2 1 0 0 0 0 
2 3 3 0 0 0 0 
2 2 2 0 0 0 0 
1 72 0 0 0 0 0
6x6
5 2 3 3 3 4 
3 2 2 2 0 0 
3 1 2 2 0 0 
2 3 3 0 0 0 
2 2 2 0 0 0 
1 72 0 0 0 0
6x6
2 1 4 0 0 0 
5 2 1 3 3 3 
3 2 2 2 0 0 
2 3 3 0 0 0 
2 2 2 0 0 0 
1 72 0 0 0 0
6x4
2 2 4 0 
3 3 3 3 
3 1 2 2 
2 3 3 0 
2 2 2 0 
1 72 0 0
6x6
2 1 4 0 0 0 
5 2 1 3 3 3 
2 2 1 0 0 0 
2 3 3 0 0 0 
2 2 2 0 0 0 
1 72 0 0 0 0
6x7
5 1 2 2 1 4 0 
6 2 2 2 3 3 3 
3 2 2 2 0 0 0 
3 1 2 2 0 0 0 
2 3 3 0 0 0 0 
3 48 0 0 0 0 0
6x7
5 1 2 2 1 4 0 
6 2 2 2 3 3 3 
3 2 2 2 0 0 0 
3 1 2 2 0 0 0 
2 2 2 0 0 0 0 
3 48 0 0 0 0 0
