#8
7x8
7 2 1 3 1 3 2 3 
1 1 0 0 0 0 0 0 
6 3 2 1 3 1 2 0 
6 1 3 2 3 1 2 0 
2 3 3 0 0 0 0 0 
4 1 3 3 1 0 0 0 
1 144 0 0 0 0 0 0
7x8
7 2 1 3 1 3 2 3 
5 1 3 3 1 2 0 0 
6 3 2 1 3 1 2 0 
6 1 3 2 3 1 2 0 
2 3 3 0 0 0 0 0 
4 1 3 3 1 0 0 0 
1 144 0 0 0 0 0 0
7x8
7 2 1 3 1 3 2 3 
4 3 3 1 2 0 0 0 
6 3 2 1 3 1 2 0 
6 1 3 2 3 1 2 0 
2 3 3 0 0 0 0 0 
4 1 3 3 1 0 0 0 
1 144 0 0 0 0 0 0
7x7
1 1 0 0 0 0 0 
5 1 3 3 1 2 0 
6 3 2 1 3 1 2 
6 1 3 2 3 1 2 
2 3 3 0 0 0 0 
4 1 3 3 1 0 0 
1 144 0 0 0 0 0
7x7
6 2 1 2 3 2 1 
1 1 0 0 0 0 0 
6 3 2 1 3 1 2 
6 1 3 2 3 1 2 
2 3 3 0 0 0 0 
4 1 3 3 1 0 0 
1 144 0 0 0 0 0
7x7
6 1 2 3 2 3 3 
5 1 3 3 1 2 0 
6 3 2 1 3 1 2 
6 1 3 2 3 1 2 
2 3 3 0 0 0 0 
4 1 3 3 1 0 0 
1 144 0 0 0 0 0
7x7
6 2 1 2 3 2 1 
4 3 3 1 2 0 0 
6 3 2 1 3 1 2 
6 1 3 2 3 1 2 
2 3 3 0 0 0 0 
4 1 3 3 1 0 0 
1 144 0 0 0 0 0
6x8
7 2 1 3 1 3 2 3 
1 1 0 0 0 0 0 0 
5 1 3 3 1 2 0 0 
6 3 2 1 3 1 2 0 
6 1 3 2 3 1 2 0 
9 32 0 0 0 0 0 0
