#8
7x11
3 3 3 3 0 0 0 0 0 0 0 
1 1 0 0 0 0 0 0 0 0 0 
4 2 2 3 3 0 0 0 0 0 0 
10 2 2 2 3 3 3 2 3 3 3 
8 2 3 3 2 2 2 3 3 0 0 
6 2 3 3 2 2 2 0 0 0 0 
1 144 0 0 0 0 0 0 0 0 0
7x11
3 3 3 3 0 0 0 0 0 0 0 
7 2 2 3 2 2 2 3 0 0 0 
4 2 2 3 3 0 0 0 0 0 0 
10 2 2 2 3 3 3 2 3 3 3 
8 2 3 3 2 2 2 3 3 0 0 
6 2 3 3 2 2 2 0 0 0 0 
1 144 0 0 0 0 0 0 0 0 0
7x11
3 3 3 3 0 0 0 0 0 0 0 
8 1 2 2 3 2 2 2 3 0 0 
4 2 2 3 3 0 0 0 0 0 0 
10 2 2 2 3 3 3 2 3 3 3 
8 2 3 3 2 2 2 3 3 0 0 
6 2 3 3 2 2 2 0 0 0 0 
1 144 0 0 0 0 0 0 0 0 0
7x11
1 1 0 0 0 0 0 0 0 0 0 
7 2 2 3 2 2 2 3 0 0 0 
4 2 2 3 3 0 0 0 0 0 0 
10 2 2 2 3 3 3 2 3 3 3 
8 2 3 3 2 2 2 3 3 0 0 
6 2 3 3 2 2 2 0 0 0 0 
1 144 0 0 0 0 0 0 0 0 0
7x11
4 3 3 2 3 0 0 0 0 0 0 
1 1 0 0 0 0 0 0 0 0 0 
4 2 2 3 3 0 0 0 0 0 0 
10 2 2 2 3 3 3 2 3 3 3 
8 2 3 3 2 2 2 3 3 0 0 
6 2 3 3 2 2 2 0 0 0 0 
1 144 0 0 0 0 0 0 0 0 0
7x11
4 1 3 3 3 0 0 0 0 0 0 
7 2 2 3 2 2 2 3 0 0 0 
4 2 2 3 3 0 0 0 0 0 0 
10 2 2 2 3 3 3 2 3 3 3 
8 2 3 3 2 2 2 3 3 0 0 
6 2 3 3 2 2 2 0 0 0 0 
1 144 0 0 0 0 0 0 0 0 0
7x11
4 3 3 2 3 0 0 0 0 0 0 
8 1 2 2 3 2 2 2 3 0 0 
4 2 2 3 3 0 0 0 0 0 0 
10 2 2 2 3 3 3 2 3 3 3 
8 2 3 3 2 2 2 3 3 0 0 
6 2 3 3 2 2 2 0 0 0 0 
1 144 0 0 0 0 0 0 0 0 0
6x11
3 3 3 3 0 0 0 0 0 0 0 
1 1 0 0 0 0 0 0 0 0 0 
7 2 2 3 2 2 2 3 0 0 0 
4 2 2 3 3 0 0 0 0 0 0 
10 2 2 2 3 3 3 2 3 3 3 
9 32 0 0 0 0 0 0 0 0 0
