#8
7x11
1 3 0 0 0 0 0 0 0 0 0 
7 3 2 3 1 3 2 3 0 0 0 
10 1 3 1 2 3 1 2 3 1 3 
10 2 3 1 2 3 1 2 3 2 3 
8 2 3 1 3 2 3 1 3 0 0 
8 3 2 3 1 3 2 3 1 0 0 
1 144 0 0 0 0 0 0 0 0 0
7x11
1 3 0 0 0 0 0 0 0 0 0 
7 3 1 3 2 3 1 3 0 0 0 
10 1 3 1 2 3 1 2 3 1 3 
10 2 3 1 2 3 1 2 3 2 3 
8 2 3 1 3 2 3 1 3 0 0 
8 3 2 3 1 3 2 3 1 0 0 
1 144 0 0 0 0 0 0 0 0 0
7x11
1 3 0 0 0 0 0 0 0 0 0 
10 3 1 2 3 1 2 3 1 2 3 
10 1 3 1 2 3 1 2 3 1 3 
10 2 3 1 2 3 1 2 3 2 3 
8 2 3 1 3 2 3 1 3 0 0 
8 3 2 3 1 3 2 3 1 0 0 
1 144 0 0 0 0 0 0 0 0 0
7x11
7 3 2 3 1 3 2 3 0 0 0 
7 3 1 3 2 3 1 3 0 0 0 
10 1 3 1 2 3 1 2 3 1 3 
10 2 3 1 2 3 1 2 3 2 3 
8 2 3 1 3 2 3 1 3 0 0 
8 3 2 3 1 3 2 3 1 0 0 
1 144 0 0 0 0 0 0 0 0 0
7x11
6 1 3 2 3 1 3 0 0 0 0 
7 3 2 3 1 3 2 3 0 0 0 
10 1 3 1 2 3 1 2 3 1 3 
10 2 3 1 2 3 1 2 3 2 3 
8 2 3 1 3 2 3 1 3 0 0 
8 3 2 3 1 3 2 3 1 0 0 
1 144 0 0 0 0 0 0 0 0 0
7x11
6 2 3 1 3 2 3 0 0 0 0 
7 3 1 3 2 3 1 3 0 0 0 
10 1 3 1 2 3 1 2 3 1 3 
10 2 3 1 2 3 1 2 3 2 3 
8 2 3 1 3 2 3 1 3 0 0 
8 3 2 3 1 3 2 3 1 0 0 
1 144 0 0 0 0 0 0 0 0 0
7x11
6 1 3 2 3 1 3 0 0 0 0 
10 3 1 2 3 1 2 3 1 2 3 
10 1 3 1 2 3 1 2 3 1 3 
10 2 3 1 2 3 1 2 3 2 3 
8 2 3 1 3 2 3 1 3 0 0 
8 3 2 3 1 3 2 3 1 0 0 
1 144 0 0 0 0 0 0 0 0 0
6x11
1 3 0 0 0 0 0 0 0 0 0 
7 3 2 3 1 3 2 3 0 0 0 
7 3 1 3 2 3 1 3 0 0 0 
10 1 3 1 2 3 1 2 3 1 3 
10 2 3 1 2 3 1 2 3 2 3 
9 32 0 0 0 0 0 0 0 0 0
