PS 0
-0.9960017604424314941
0
0
0
PS 1
1.0000000000000000000
0
0
0
PS 2
-0.003906250000000000000
0
0
0
PS 3
7.620789513793629216e-5
0
0
0
PS 4
-2.543131510416666525e-6
0
0
0
PS 5
1.0666666666666666890e-7
0
0
0
PS 6
-4.961451506376060908e-9
0
0
0
PS 7
2.409257299408754748e-10
0
0
0
PS 8
-1.1826318407815600188e-11
0
0
0
PS 9
5.761550874359814836e-13
0
0
0
PS 10
-2.7557319223985891323e-14
0
0
0
PS 11
1.2855692796784981940e-15
0
0
0
PS 12
-5.826319729070913772e-17
0
0
0
PS 13
2.5592706576350822627e-18
0
0
0
PS 14
-1.0881666164640277159e-19
0
0
0
PS 15
4.475706253648543656e-21
0
0
0
PS 16
-1.7804940538061355253e-22
0
0
0
PS 17
6.851553215276690563e-24
0
0
0
PS 18
-2.551240755314949718e-25
0
0
0
PS 19
9.196660871973635781e-27
0
0
0
TACKS 0
-0.9931491146212761967
0
0
0
TACKS 1
-0.4909975344515726259
0
0
0
TACKS 2
-0.16362134780573336923
0
0
0
TACKS 3
-0.03781162817003692889
0
0
0
TACKS 4
-0.008242133294399770632
0
0
0
TACKS 5
-0.0008016884234743512335
0
0
0
TACKS 6
-0.00019841269841269841253
0
0
0
END
