#9
5x6
5 3 1 3 1 3 
5 2 1 2 1 2 
4 1 2 1 2 0 
4 1 3 1 3 0 
1 36 0 0 0 0
5x6
5 3 1 3 1 3 
1 1 0 0 0 0 
4 1 2 1 2 0 
4 1 3 1 3 0 
1 36 0 0 0 0
5x7
5 3 1 3 1 3 0 
6 1 2 1 2 1 2 
4 1 2 1 2 0 0 
4 1 3 1 3 0 0 
1 36 0 0 0 0 0
5x6
5 2 1 2 1 2 
1 1 0 0 0 0 
4 1 2 1 2 0 
4 1 3 1 3 0 
1 36 0 0 0 0
5x7
6 1 3 1 3 1 3 
5 2 1 2 1 2 0 
4 1 2 1 2 0 0 
4 1 3 1 3 0 0 
1 36 0 0 0 0 0
5x11
10 2 1 2 1 2 3 1 3 1 3 
1 1 0 0 0 0 0 0 0 0 0 
4 1 2 1 2 0 0 0 0 0 0 
4 1 3 1 3 0 0 0 0 0 0 
1 36 0 0 0 0 0 0 0 0 0
5x7
6 1 3 1 3 1 3 
6 1 2 1 2 1 2 
4 1 2 1 2 0 0 
4 1 3 1 3 0 0 
1 36 0 0 0 0 0
5x6
5 3 1 3 1 3 
5 2 1 2 1 2 
1 1 0 0 0 0 
4 1 2 1 2 0 
3 24 0 0 0 0
5x6
5 3 1 3 1 3 
5 2 1 2 1 2 
1 1 0 0 0 0 
4 1 3 1 3 0 
3 24 0 0 0 0
