#8
5x7
4 2 3 3 3 0 0 
1 1 0 0 0 0 0 
4 2 3 2 3 0 0 
6 3 3 3 3 3 3 
1 24 0 0 0 0 0
5x7
4 2 3 3 3 0 0 
1 2 0 0 0 0 0 
4 2 3 2 3 0 0 
6 3 3 3 3 3 3 
1 24 0 0 0 0 0
5x7
4 2 3 3 3 0 0 
2 1 2 0 0 0 0 
4 2 3 2 3 0 0 
6 3 3 3 3 3 3 
1 24 0 0 0 0 0
5x7
1 1 0 0 0 0 0 
1 2 0 0 0 0 0 
4 2 3 2 3 0 0 
6 3 3 3 3 3 3 
1 24 0 0 0 0 0
5x7
5 2 3 2 3 3 0 
1 1 0 0 0 0 0 
4 2 3 2 3 0 0 
6 3 3 3 3 3 3 
1 24 0 0 0 0 0
5x7
5 1 2 3 3 3 0 
1 2 0 0 0 0 0 
4 2 3 2 3 0 0 
6 3 3 3 3 3 3 
1 24 0 0 0 0 0
5x7
5 2 3 2 3 3 0 
2 1 2 0 0 0 0 
4 2 3 2 3 0 0 
6 3 3 3 3 3 3 
1 24 0 0 0 0 0
5x7
4 2 3 3 3 0 0 
1 1 0 0 0 0 0 
1 2 0 0 0 0 0 
6 3 3 3 3 3 3 
1 16 0 0 0 0 0
