Title:
Authors:
Table:
================================================================================
Byte-by-byte Description of file: table.dat
--------------------------------------------------------------------------------
 Bytes Format Units  Label     Explanations
--------------------------------------------------------------------------------
 1-13  E13.8  m      wavelength   [0.0/0.01] Description of wavelength 
15-27  E13.8  ---    transmission [0.0/1.0] Description of transmission
--------------------------------------------------------------------------------
Notes:
--------------------------------------------------------------------------------
2.5300000e-06 8.4040580e-09
2.5400000e-06 3.1904042e-06
2.5500000e-06 4.2663320e-07
2.5600000e-06 8.7540521e-07
2.5700000e-06 1.2963964e-06
2.5800000e-06 9.8959070e-07
2.5900000e-06 3.4322265e-06
2.6000000e-06 6.3750359e-07
2.6100000e-06 2.4684955e-07
2.6200000e-06 2.6122341e-07
2.6300000e-06 2.0511138e-07
2.6400000e-06 2.9281111e-11
2.6500000e-06 1.6276236e-11
2.6600000e-06 8.7580952e-08
2.6700000e-06 1.5768150e-07
2.6800000e-06 1.8988846e-07
2.6900000e-06 9.0002082e-08
2.7000000e-06 2.3304790e-07
2.7100000e-06 1.6726170e-07
2.7200000e-06 5.3438431e-07
2.7300000e-06 1.4539663e-07
2.7400000e-06 1.2812564e-07
2.7500000e-06 8.8484267e-08
2.7600000e-06 6.6880000e-08
2.7700000e-06 1.2180852e-07
2.7800000e-06 6.2710024e-08
2.7900000e-06 1.5165859e-07
2.8000000e-06 7.4642857e-08
2.8100000e-06 7.6658126e-08
2.8200000e-06 7.3658913e-08
2.8300000e-06 7.6313310e-08
2.8400000e-06 8.7603380e-08
2.8500000e-06 8.7315556e-08
2.8600000e-06 2.0675897e-07
2.8700000e-06 7.1793078e-08
2.8800000e-06 6.1422778e-08
2.8900000e-06 3.6506298e-08
2.9000000e-06 6.0903080e-08
2.9100000e-06 3.2807973e-08
2.9200000e-06 3.4203470e-08
2.9300000e-06 3.2203595e-08
2.9400000e-06 1.3030984e-07
2.9500000e-06 1.2370911e-08
2.9600000e-06 8.5106306e-08
2.9700000e-06 1.0624988e-08
2.9800000e-06 5.2572617e-09
2.9900000e-06 3.2768963e-09
3.0000000e-06 1.7650747e-09
3.0100000e-06 4.0679779e-17
3.0200000e-06 1.9783488e-09
3.0300000e-06 2.9853201e-09
3.0400000e-06 2.3100000e-09
3.0500000e-06 3.2087781e-09
3.0600000e-06 1.9615948e-09
3.0700000e-06 2.1984712e-09
3.0800000e-06 2.0592381e-08
3.0900000e-06 6.9928198e-10
3.1000000e-06 1.8643699e-08
3.1100000e-06 1.5289929e-09
3.1200000e-06 1.8667094e-10
3.1300000e-06 1.1030927e-14
3.1400000e-06 1.2449478e-17
3.1500000e-06 2.3266455e-14
3.1600000e-06 3.0371139e-14
3.1700000e-06 8.0751798e-10
3.1800000e-06 5.6381803e-14
3.1900000e-06 1.0204966e-16
3.2000000e-06 2.7727333e-14
3.2100000e-06 5.5629159e-09
3.2200000e-06 7.0809027e-09
3.2300000e-06 1.0185569e-08
3.2400000e-06 3.6037449e-08
3.2500000e-06 1.0519024e-08
3.2600000e-06 1.1510814e-08
3.2700000e-06 9.3332029e-09
3.2800000e-06 8.4857398e-09
3.2900000e-06 1.0118395e-08
3.3000000e-06 4.2965333e-09
3.3100000e-06 2.1350413e-13
3.3200000e-06 2.3972048e-13
3.3300000e-06 5.0879680e-13
3.3400000e-06 7.8110100e-13
3.3500000e-06 7.8791960e-13
3.3600000e-06 1.0522984e-12
3.3700000e-06 9.2117112e-13
3.3800000e-06 1.5671290e-12
3.3900000e-06 1.1436020e-12
3.4000000e-06 1.6703608e-12
3.4100000e-06 1.4100043e-12
3.4200000e-06 1.9539259e-12
3.4300000e-06 2.1984606e-08
3.4400000e-06 2.1872093e-08
3.4500000e-06 7.3535691e-08
3.4600000e-06 1.0217241e-07
3.4700000e-06 1.4058613e-07
3.4800000e-06 1.1623923e-07
3.4900000e-06 6.8860210e-07
3.5000000e-06 1.7038476e-07
3.5100000e-06 2.2039278e-07
3.5200000e-06 1.9760000e-07
3.5300000e-06 2.1409178e-07
3.5400000e-06 1.8514802e-07
3.5500000e-06 3.1791549e-07
3.5600000e-06 5.0300899e-07
3.5700000e-06 3.1379272e-06
3.5800000e-06 8.6915978e-07
3.5900000e-06 1.2767435e-06
3.6000000e-06 1.0158948e-06
3.6100000e-06 1.7491930e-06
3.6200000e-06 1.8013260e-06
3.6300000e-06 2.1049697e-06
3.6400000e-06 1.6337216e-06
3.6500000e-06 1.6338265e-06
3.6600000e-06 1.0488831e-06
3.6700000e-06 1.8101944e-06
3.6800000e-06 6.3578406e-10
3.6900000e-06 1.7339259e-08
3.7000000e-06 1.7126703e-08
3.7100000e-06 2.1602300e-08
3.7200000e-06 4.0047097e-08
3.7300000e-06 5.0339303e-08
3.7400000e-06 7.0173333e-08
3.7500000e-06 1.7388800e-07
3.7600000e-06 1.2820149e-07
3.7700000e-06 1.8331388e-07
3.7800000e-06 4.4675132e-07
3.7900000e-06 5.2689323e-07
3.8000000e-06 1.9052000e-06
3.8100000e-06 3.0850814e-06
3.8200000e-06 5.1896195e-06
3.8300000e-06 6.7956832e-06
3.8400000e-06 1.0106021e-05
3.8500000e-06 1.6792381e-05
3.8600000e-06 2.6466114e-05
3.8700000e-06 3.0674935e-05
3.8800000e-06 6.5486667e-05
3.8900000e-06 1.3956257e-04
3.9000000e-06 1.9821060e-04
3.9100000e-06 2.8508099e-04
3.9200000e-06 5.3003537e-04
3.9300000e-06 7.1786802e-04
3.9400000e-06 5.5436277e-04
3.9500000e-06 1.6409586e-03
3.9600000e-06 1.1523852e-02
3.9700000e-06 1.4207086e-02
3.9800000e-06 1.7868275e-02
3.9900000e-06 2.2880000e-02
4.0000000e-06 2.9775533e-02
4.0100000e-06 4.1765254e-02
4.0200000e-06 6.1029386e-02
4.0300000e-06 9.0127577e-02
4.0400000e-06 1.3148376e-01
4.0500000e-06 1.8674107e-01
4.0600000e-06 2.6590016e-01
4.0700000e-06 3.6096577e-01
4.0800000e-06 4.6540065e-01
4.0900000e-06 5.7600196e-01
4.1000000e-06 6.8348098e-01
4.1100000e-06 7.7687656e-01
4.1200000e-06 8.5223301e-01
4.1300000e-06 9.1224536e-01
4.1400000e-06 9.5446699e-01
4.1500000e-06 9.7768353e-01
4.1600000e-06 9.9275000e-01
4.1700000e-06 9.9972502e-01
4.1800000e-06 1.0000000e+00
4.1900000e-06 9.9495306e-01
4.2000000e-06 9.8860317e-01
4.2100000e-06 9.7831196e-01
4.2200000e-06 9.6674882e-01
4.2300000e-06 9.5524035e-01
4.2400000e-06 9.5167296e-01
4.2500000e-06 9.5074510e-01
4.2600000e-06 9.4720501e-01
4.2700000e-06 9.3976581e-01
4.2800000e-06 9.3496573e-01
4.2900000e-06 9.3408547e-01
4.3000000e-06 9.3709767e-01
4.3100000e-06 9.4009590e-01
4.3200000e-06 9.4308025e-01
4.3300000e-06 9.4347652e-01
4.3400000e-06 9.4258679e-01
4.3500000e-06 9.3913870e-01
4.3600000e-06 9.3187156e-01
4.3700000e-06 9.2463768e-01
4.3800000e-06 9.1489193e-01
4.3900000e-06 9.0265148e-01
4.4000000e-06 8.9173333e-01
4.4100000e-06 8.8212850e-01
4.4200000e-06 8.7256712e-01
4.4300000e-06 8.6556509e-01
4.4400000e-06 8.5733934e-01
4.4500000e-06 8.5165543e-01
4.4600000e-06 8.4849626e-01
4.4700000e-06 8.4909172e-01
4.4800000e-06 8.5341667e-01
4.4900000e-06 8.6020490e-01
4.5000000e-06 8.6820148e-01
4.5100000e-06 8.7863415e-01
4.5200000e-06 8.8655457e-01
4.5300000e-06 8.9567035e-01
4.5400000e-06 9.0229075e-01
4.5500000e-06 9.0643223e-01
4.5600000e-06 9.0933333e-01
4.5700000e-06 9.0978264e-01
4.5800000e-06 9.0901310e-01
4.5900000e-06 9.0460421e-01
4.6000000e-06 8.9900290e-01
4.6100000e-06 8.9221692e-01
4.6200000e-06 8.8304762e-01
4.6300000e-06 8.7391793e-01
4.6400000e-06 8.6362644e-01
4.6500000e-06 8.5337921e-01
4.6600000e-06 8.4317597e-01
4.6700000e-06 8.3659672e-01
4.6800000e-06 8.3004558e-01
4.6900000e-06 8.2589908e-01
4.7000000e-06 8.2177021e-01
4.7100000e-06 8.2120878e-01
4.7200000e-06 8.2183051e-01
4.7300000e-06 8.2362791e-01
4.7400000e-06 8.2894515e-01
4.7500000e-06 8.3189333e-01
4.7600000e-06 8.3717087e-01
4.7700000e-06 8.4008945e-01
4.7800000e-06 8.4182985e-01
4.7900000e-06 8.4007237e-01
4.8000000e-06 8.3832222e-01
4.8100000e-06 8.3426195e-01
4.8200000e-06 8.3021853e-01
4.8300000e-06 8.2734576e-01
4.8400000e-06 8.2333333e-01
4.8500000e-06 8.2048660e-01
4.8600000e-06 8.1765158e-01
4.8700000e-06 8.1482820e-01
4.8800000e-06 8.1315847e-01
4.8900000e-06 8.1149557e-01
4.9000000e-06 8.0983946e-01
4.9100000e-06 8.0705499e-01
4.9200000e-06 8.0541463e-01
4.9300000e-06 8.0265044e-01
4.9400000e-06 7.9876923e-01
4.9500000e-06 7.9377778e-01
4.9600000e-06 7.8880645e-01
4.9700000e-06 7.8273374e-01
4.9800000e-06 7.7556627e-01
4.9900000e-06 7.6842752e-01
5.0000000e-06 7.5797333e-01
5.0100000e-06 7.4867332e-01
5.0200000e-06 7.3718991e-01
5.0300000e-06 7.2575215e-01
5.0400000e-06 7.1435979e-01
5.0500000e-06 7.0301254e-01
5.0600000e-06 6.9171014e-01
5.0700000e-06 6.8045233e-01
5.0800000e-06 6.7033596e-01
5.0900000e-06 6.6025933e-01
5.1000000e-06 6.5022222e-01
5.1100000e-06 6.3804305e-01
5.1200000e-06 6.2591146e-01
5.1300000e-06 6.0839506e-01
5.1400000e-06 5.8986252e-01
5.1500000e-06 5.6166214e-01
5.1600000e-06 5.3249096e-01
5.1700000e-06 4.9373050e-01
5.1800000e-06 4.5081596e-01
5.1900000e-06 4.0269750e-01
5.2000000e-06 3.5036974e-01
5.2100000e-06 2.9941958e-01
5.2200000e-06 2.4855785e-01
5.2300000e-06 2.0225978e-01
5.2400000e-06 1.6028651e-01
5.2500000e-06 1.2388724e-01
5.2600000e-06 9.5509556e-02
5.2700000e-06 6.9714257e-02
5.2800000e-06 5.3136667e-02
5.2900000e-06 3.7095854e-02
5.3000000e-06 2.8297811e-02
5.3100000e-06 1.9585386e-02
5.3200000e-06 1.4530476e-02
5.3300000e-06 1.0092648e-02
5.3400000e-06 7.1388764e-03
5.3500000e-06 4.9326604e-03
5.3600000e-06 2.7471542e-03
5.3700000e-06 2.0622371e-03
5.3800000e-06 1.5342206e-03
5.3900000e-06 1.1642993e-03
5.4000000e-06 8.6252494e-04
5.4100000e-06 6.4850524e-04
5.4200000e-06 4.9059729e-04
5.4300000e-06 3.6313910e-04
5.4400000e-06 2.5776667e-04
5.4500000e-06 2.0329884e-04
5.4600000e-06 1.4096654e-04
5.4700000e-06 1.8166825e-04
5.4800000e-06 2.0483017e-04
5.4900000e-06 2.0293430e-04
5.5000000e-06 1.6720000e-04
5.5100000e-06 1.4464368e-04
5.5200000e-06 1.2509710e-04
5.5300000e-06 9.5764581e-05
5.5400000e-06 8.4746859e-05
5.5500000e-06 6.6016384e-05
5.5600000e-06 3.8191367e-05
5.5700000e-06 3.6071574e-05
5.5800000e-06 2.9934194e-05
5.5900000e-06 2.2283363e-05
5.6000000e-06 1.7347000e-05
5.6100000e-06 7.9795033e-06
5.6200000e-06 1.1345006e-05
5.6300000e-06 1.0928881e-05
5.6400000e-06 7.0002648e-06
5.6500000e-06 5.7962667e-06
5.6600000e-06 4.3779223e-06
5.6700000e-06 1.8214086e-06
5.6800000e-06 4.9767512e-08
5.6900000e-06 1.1440516e-07
5.7000000e-06 9.9342222e-08
5.7100000e-06 1.5909866e-05
5.7200000e-06 2.9230769e-05
5.7300000e-06 1.9316998e-08
5.7400000e-06 2.1322369e-08
5.7500000e-06 8.1428823e-08
5.7600000e-06 1.1562731e-07
5.7700000e-06 2.5886540e-05
5.7800000e-06 8.7968028e-09
5.7900000e-06 3.5326655e-05
5.8000000e-06 3.0461149e-05
5.8100000e-06 2.7339071e-05
5.8200000e-06 1.6595510e-08
5.8300000e-06 2.5524528e-05
5.8400000e-06 3.1111416e-05
5.8500000e-06 1.6110268e-08
5.8600000e-06 3.0624801e-05
5.8700000e-06 2.3261783e-05
5.8800000e-06 1.6302948e-05
5.8900000e-06 7.3144086e-06
5.9000000e-06 5.5449944e-06
5.9100000e-06 4.2059334e-06
5.9200000e-06 3.0031982e-06
5.9300000e-06 2.3872288e-06
5.9400000e-06 2.1298765e-06
5.9500000e-06 1.9576919e-06
5.9600000e-06 1.7767338e-06
5.9700000e-06 9.0573668e-07
5.9800000e-06 6.9899666e-07
5.9900000e-06 6.1818408e-07
6.0000000e-06 5.5306044e-07
6.0100000e-06 6.0175308e-07
6.0200000e-06 4.9715615e-07
6.0300000e-06 3.9632593e-07
6.0400000e-06 3.0533377e-07
6.0500000e-06 2.4412121e-07
6.0600000e-06 2.1024158e-07
6.0700000e-06 1.9887710e-07
6.0800000e-06 1.9506667e-07
6.0900000e-06 2.0664346e-07
6.1000000e-06 2.1242623e-07
6.1100000e-06 2.2494010e-07
6.1200000e-06 2.3276863e-07
6.1300000e-06 2.3238891e-07
6.1400000e-06 2.3101194e-07
6.1500000e-06 2.1740531e-07
6.1600000e-06 2.1940476e-07
6.1700000e-06 2.0513841e-07
6.1800000e-06 1.8217044e-07
6.1900000e-06 1.7017124e-07
6.2000000e-06 1.6549204e-07
6.2100000e-06 1.5535330e-07
6.2200000e-06 1.5770204e-07
6.2300000e-06 1.6782622e-07
6.2400000e-06 1.7639957e-07
6.2500000e-06 1.8200277e-07
6.2600000e-06 2.1029095e-07
6.2700000e-06 2.0008889e-07
6.2800000e-06 2.0846752e-07
6.2900000e-06 1.9475654e-07
6.3000000e-06 1.8312381e-07
6.3100000e-06 1.7188125e-07
6.3200000e-06 1.5943966e-07
6.3300000e-06 1.6640758e-07
6.3400000e-06 1.8355079e-07
6.3500000e-06 1.9370625e-07
6.3600000e-06 1.9445325e-07
6.3700000e-06 1.8347378e-07
6.3800000e-06 1.9856092e-07
6.3900000e-06 2.0095399e-07
6.4000000e-06 1.9611167e-07
6.4100000e-06 1.9450151e-07
6.4200000e-06 1.9827871e-07
6.4300000e-06 1.9779699e-07
6.4400000e-06 1.9350890e-07
6.4500000e-06 2.0400992e-07
6.4600000e-06 1.9342745e-07
6.4700000e-06 1.8899371e-07
6.4800000e-06 1.8379959e-07
6.4900000e-06 1.8154124e-07
6.5000000e-06 1.7688903e-07
6.5100000e-06 1.7216549e-07
6.5200000e-06 1.6942249e-07
6.5300000e-06 1.7155283e-07
6.5400000e-06 1.6498430e-07
6.5500000e-06 1.5358575e-07
6.5600000e-06 1.4264675e-07
6.5700000e-06 1.3004444e-07
6.5800000e-06 1.2069909e-07
6.5900000e-06 1.1290440e-07
6.6000000e-06 1.0285333e-07
6.6100000e-06 9.4603328e-08
6.6200000e-06 9.0587714e-08
6.6300000e-06 8.4230468e-08
6.6400000e-06 9.0398795e-08
6.6500000e-06 9.5375238e-08
6.6600000e-06 1.0309830e-07
6.6700000e-06 1.1054753e-07
6.6800000e-06 1.1438683e-07
6.6900000e-06 1.2113044e-07
6.7000000e-06 1.2070010e-07
6.7100000e-06 1.1894208e-07
6.7200000e-06 9.5459921e-08
6.7300000e-06 1.1593858e-07
6.7400000e-06 1.1444352e-07
6.7500000e-06 1.1344830e-07
6.7600000e-06 1.1072465e-07
6.7700000e-06 1.0751512e-07
6.7800000e-06 8.5079646e-08
6.7900000e-06 8.6678056e-08
6.8000000e-06 9.6058039e-08
6.8100000e-06 9.3952814e-08
6.8200000e-06 8.2455914e-08
6.8300000e-06 7.4648394e-08
6.8400000e-06 7.9094074e-08
6.8500000e-06 7.3624954e-08
6.8600000e-06 6.6368163e-08
6.8700000e-06 6.2507327e-08
6.8800000e-06 6.1347171e-08
6.8900000e-06 6.3523058e-08
6.9000000e-06 6.5482628e-08
6.9100000e-06 6.5871799e-08
6.9200000e-06 6.2820809e-08
6.9300000e-06 6.3236825e-08
6.9400000e-06 6.4253948e-08
6.9500000e-06 6.1314686e-08
6.9600000e-06 6.5582759e-08
6.9700000e-06 6.8087422e-08
6.9800000e-06 7.9000802e-08
6.9900000e-06 8.0450548e-08
7.0000000e-06 7.1641219e-08
7.0100000e-06 7.4130899e-08
7.0200000e-06 7.0468528e-08
7.0300000e-06 8.1340541e-08
7.0400000e-06 7.7963333e-08
7.0500000e-06 6.1267139e-08
7.0600000e-06 6.1780321e-08
7.0700000e-06 7.2319321e-08
7.0800000e-06 7.1422109e-08
7.0900000e-06 5.5725472e-08
7.1000000e-06 6.8991587e-08
7.1100000e-06 6.7632518e-08
7.1200000e-06 6.6222472e-08
7.1300000e-06 6.3784572e-08
7.1400000e-06 4.4610084e-08
7.1500000e-06 5.9771077e-08
7.1600000e-06 5.7819441e-08
7.1700000e-06 5.7653296e-08
7.1800000e-06 4.8312572e-08
7.1900000e-06 4.8353899e-08
7.2000000e-06 4.9293037e-08
7.2100000e-06 4.8637189e-08
7.2200000e-06 4.4455439e-08
7.2300000e-06 3.9876699e-08
7.2400000e-06 4.3431971e-08
7.2500000e-06 4.4786538e-08
7.2600000e-06 4.4149091e-08
7.2700000e-06 4.3804713e-08
7.2800000e-06 4.4563700e-08
7.2900000e-06 4.7170736e-08
7.3000000e-06 4.8915543e-08
7.3100000e-06 5.0167624e-08
7.3200000e-06 5.2033005e-08
7.3300000e-06 5.0540173e-08
7.3400000e-06 4.8223760e-08
7.3500000e-06 6.2087692e-08
7.3600000e-06 6.2079058e-08
7.3700000e-06 6.2524179e-08
7.3800000e-06 5.1934706e-08
7.3900000e-06 6.2890429e-08
7.4000000e-06 6.2037225e-08
7.4100000e-06 4.0254359e-08
7.4200000e-06 5.3412363e-08
7.4300000e-06 5.4960718e-08
7.4400000e-06 5.3568423e-08
7.4500000e-06 4.6606532e-08
7.4600000e-06 4.8837641e-08
7.4700000e-06 5.0928478e-08
7.4800000e-06 4.7805490e-08
7.4900000e-06 4.4370877e-08
7.5000000e-06 5.4499769e-08
7.5100000e-06 5.3447599e-08
7.5200000e-06 5.3028191e-08
7.5300000e-06 4.3639274e-08
7.5400000e-06 4.0454713e-08
7.5500000e-06 5.0440512e-08
7.5600000e-06 4.1011182e-08
7.5700000e-06 4.0714047e-08
7.5800000e-06 3.6748707e-08
7.5900000e-06 3.8132174e-08
7.6000000e-06 3.8074667e-08
7.6100000e-06 3.5153745e-08
7.6200000e-06 3.0397340e-08
7.6300000e-06 3.1986405e-08
7.6400000e-06 3.2973124e-08
7.6500000e-06 3.1545795e-08
7.6600000e-06 3.0471436e-08
7.6700000e-06 3.0242781e-08
7.6800000e-06 3.0464653e-08
7.6900000e-06 2.9084248e-08
7.7000000e-06 2.6317714e-08
7.7100000e-06 2.3804133e-08
7.7200000e-06 3.6551537e-08
7.7300000e-06 3.7145942e-08
7.7400000e-06 3.7911628e-08
7.7500000e-06 3.8675338e-08
7.7600000e-06 3.9465808e-08
7.7700000e-06 3.1854792e-08
7.7800000e-06 3.1255081e-08
7.7900000e-06 4.2561951e-08
7.8000000e-06 3.4461778e-08
7.8100000e-06 3.6001878e-08
7.8200000e-06 3.7858755e-08
7.8300000e-06 3.8942154e-08
7.8400000e-06 3.7925680e-08
7.8500000e-06 3.6010123e-08
7.8600000e-06 4.3473418e-08
7.8700000e-06 4.3382770e-08
7.8800000e-06 3.6403486e-08
7.8900000e-06 3.5778116e-08
7.9000000e-06 3.1351764e-08
7.9100000e-06 4.1148251e-08
7.9200000e-06 3.9900000e-08
7.9300000e-06 3.8704094e-08
7.9400000e-06 3.0337464e-08
7.9500000e-06 3.0888184e-08
7.9600000e-06 2.9708107e-08
7.9700000e-06 2.5566006e-08
7.9800000e-06 2.7098413e-08
7.9900000e-06 2.8703713e-08
8.0000000e-06 2.9350567e-08
