Title:
Authors:
Table:
================================================================================
Byte-by-byte Description of file: table.dat
--------------------------------------------------------------------------------
 Bytes Format Units  Label     Explanations
--------------------------------------------------------------------------------
 1-13  E13.8  m      wavelength   [0.0/0.01] Description of wavelength 
15-27  E13.8  ---    transmission [0.0/1.0] Description of transmission
--------------------------------------------------------------------------------
Notes:
--------------------------------------------------------------------------------
2.5300000e-06 1.0811103e-05
2.5400000e-06 7.1022564e-07
2.5500000e-06 3.8673617e-07
2.5600000e-06 4.1996526e-07
2.5700000e-06 1.3903359e-05
2.5800000e-06 9.7252693e-06
2.5900000e-06 6.3119739e-06
2.6000000e-06 4.2460198e-06
2.6100000e-06 6.3574998e-04
2.6200000e-06 2.0804027e-03
2.6300000e-06 1.6261325e-03
2.6400000e-06 1.3039135e-03
2.6500000e-06 1.4120528e-03
2.6600000e-06 1.5082344e-03
2.6700000e-06 1.7853381e-03
2.6800000e-06 5.7062180e-04
2.6900000e-06 8.6472619e-04
2.7000000e-06 1.3586745e-03
2.7100000e-06 1.4384015e-02
2.7200000e-06 1.2644006e-02
2.7300000e-06 7.4766666e-03
2.7400000e-06 5.5379875e-03
2.7500000e-06 1.1840595e-02
2.7600000e-06 2.1839626e-02
2.7700000e-06 3.7143158e-02
2.7800000e-06 7.0791605e-02
2.7900000e-06 1.3817149e-01
2.8000000e-06 2.4012131e-01
2.8100000e-06 3.5264070e-01
2.8200000e-06 4.3170396e-01
2.8300000e-06 4.6369891e-01
2.8400000e-06 4.5649910e-01
2.8500000e-06 4.3825477e-01
2.8600000e-06 4.1737395e-01
2.8700000e-06 3.9388420e-01
2.8800000e-06 3.7206726e-01
2.8900000e-06 3.6804446e-01
2.9000000e-06 3.8313098e-01
2.9100000e-06 4.1305497e-01
2.9200000e-06 4.4710564e-01
2.9300000e-06 4.7620232e-01
2.9400000e-06 4.9985781e-01
2.9500000e-06 5.1946730e-01
2.9600000e-06 5.3680774e-01
2.9700000e-06 5.5629385e-01
2.9800000e-06 5.7432280e-01
2.9900000e-06 5.8562143e-01
3.0000000e-06 5.8762198e-01
3.0100000e-06 5.8960923e-01
3.0200000e-06 5.9158332e-01
3.0300000e-06 5.8702191e-01
3.0400000e-06 5.7338910e-01
3.0500000e-06 5.5725380e-01
3.0600000e-06 5.3605715e-01
3.0700000e-06 5.1371110e-01
3.0800000e-06 4.8766019e-01
3.0900000e-06 4.6561539e-01
3.1000000e-06 4.5263808e-01
3.1100000e-06 4.6007921e-01
3.1200000e-06 4.9154305e-01
3.1300000e-06 5.4048526e-01
3.1400000e-06 5.8533936e-01
3.1500000e-06 6.1861549e-01
3.1600000e-06 6.4042357e-01
3.1700000e-06 6.5585964e-01
3.1800000e-06 6.6871272e-01
3.1900000e-06 6.8024614e-01
3.2000000e-06 6.8923710e-01
3.2100000e-06 6.9324666e-01
3.2200000e-06 6.9723132e-01
3.2300000e-06 6.9874387e-01
3.2400000e-06 6.9902714e-01
3.2500000e-06 6.9079534e-01
3.2600000e-06 6.8140159e-01
3.2700000e-06 6.7448279e-01
3.2800000e-06 6.7483657e-01
3.2900000e-06 6.9080643e-01
3.3000000e-06 7.2584370e-01
3.3100000e-06 7.7261069e-01
3.3200000e-06 8.2147705e-01
3.3300000e-06 8.6411505e-01
3.3400000e-06 8.9229674e-01
3.3500000e-06 9.0603356e-01
3.3600000e-06 9.0098429e-01
3.3700000e-06 8.8071751e-01
3.3800000e-06 8.5823182e-01
3.3900000e-06 8.3249750e-01
3.4000000e-06 8.0563578e-01
3.4100000e-06 7.8936371e-01
3.4200000e-06 8.0208019e-01
3.4300000e-06 8.4468402e-01
3.4400000e-06 9.0301148e-01
3.4500000e-06 9.5538695e-01
3.4600000e-06 9.8689694e-01
3.4700000e-06 1.0000000e+00
3.4800000e-06 9.9928447e-01
3.4900000e-06 9.9189098e-01
3.5000000e-06 9.8566905e-01
3.5100000e-06 9.7959518e-01
3.5200000e-06 9.7344354e-01
3.5300000e-06 9.6743871e-01
3.5400000e-06 9.5465682e-01
3.5500000e-06 9.3637987e-01
3.5600000e-06 9.1376446e-01
3.5700000e-06 8.8906140e-01
3.5800000e-06 8.6449634e-01
3.5900000e-06 8.4777519e-01
3.6000000e-06 8.4102846e-01
3.6100000e-06 8.4855291e-01
3.6200000e-06 8.6477084e-01
3.6300000e-06 8.7981054e-01
3.6400000e-06 8.8608054e-01
3.6500000e-06 8.8581874e-01
3.6600000e-06 8.8123857e-01
3.6700000e-06 8.7668337e-01
3.6800000e-06 8.7107883e-01
3.6900000e-06 8.6550468e-01
3.7000000e-06 8.6006748e-01
3.7100000e-06 8.5668385e-01
3.7200000e-06 8.5225587e-01
3.7300000e-06 8.4149355e-01
3.7400000e-06 8.1282235e-01
3.7500000e-06 7.6122079e-01
3.7600000e-06 6.8361303e-01
3.7700000e-06 5.8146415e-01
3.7800000e-06 4.6417075e-01
3.7900000e-06 3.4311611e-01
3.8000000e-06 2.3622071e-01
3.8100000e-06 1.5447356e-01
3.8200000e-06 9.5938845e-02
3.8300000e-06 5.8412001e-02
3.8400000e-06 3.5820566e-02
3.8500000e-06 2.2535034e-02
3.8600000e-06 1.4294947e-02
3.8700000e-06 8.9010420e-03
3.8800000e-06 5.4348445e-03
3.8900000e-06 3.8316987e-03
3.9000000e-06 3.1701993e-03
3.9100000e-06 2.4847892e-03
3.9200000e-06 1.8754751e-03
3.9300000e-06 1.7671102e-03
3.9400000e-06 1.4125078e-03
3.9500000e-06 1.1727757e-03
3.9600000e-06 8.7526449e-04
3.9700000e-06 5.0328627e-04
3.9800000e-06 2.7082359e-04
3.9900000e-06 3.2542200e-05
4.0000000e-06 7.5880311e-05
4.0100000e-06 3.3089591e-05
4.0200000e-06 2.1867199e-05
4.0300000e-06 1.0072791e-05
4.0400000e-06 5.5630110e-06
4.0500000e-06 3.7525436e-06
4.0600000e-06 9.1630554e-06
4.0700000e-06 8.5636737e-07
4.0800000e-06 6.0674565e-06
4.0900000e-06 5.5520216e-06
4.1000000e-06 1.0614215e-06
4.1100000e-06 2.4196538e-06
4.1200000e-06 6.1054458e-07
4.1300000e-06 4.8417131e-07
4.1400000e-06 2.5672897e-06
4.1500000e-06 2.1029812e-05
4.1600000e-06 3.6998749e-05
4.1700000e-06 4.4227573e-05
4.1800000e-06 3.4684662e-05
4.1900000e-06 2.5338238e-05
4.2000000e-06 2.4186234e-07
4.2100000e-06 2.2035120e-07
4.2200000e-06 1.9566377e-07
4.2300000e-06 1.6782258e-07
4.2400000e-06 1.3899405e-07
4.2500000e-06 1.0286097e-06
4.2600000e-06 8.4767801e-08
4.2700000e-06 6.7305522e-07
4.2800000e-06 4.4900958e-07
4.2900000e-06 3.4845657e-07
4.3000000e-06 2.1463614e-08
4.3100000e-06 1.4489862e-08
4.3200000e-06 9.6436467e-09
4.3300000e-06 1.3984769e-07
4.3400000e-06 4.0919575e-09
4.3500000e-06 2.5851005e-09
4.3600000e-06 1.6562904e-09
4.3700000e-06 2.5696515e-08
4.3800000e-06 7.2220939e-10
4.3900000e-06 5.3166713e-10
4.4000000e-06 3.9301562e-10
4.4100000e-06 8.2870455e-09
4.4200000e-06 2.2329587e-10
4.4300000e-06 1.6292265e-10
4.4400000e-06 1.1973572e-10
4.4500000e-06 1.2506249e-09
4.4600000e-06 1.1902154e-09
4.4700000e-06 4.4840507e-11
4.4800000e-06 2.9838708e-11
4.4900000e-06 2.3425181e-11
4.5000000e-06 1.5520598e-11
4.5100000e-06 8.8342242e-12
4.5200000e-06 2.6295378e-10
4.5300000e-06 4.9246257e-12
4.5400000e-06 4.1589511e-12
4.5500000e-06 2.6174124e-12
4.5600000e-06 1.1086389e-07
4.5700000e-06 8.5530420e-08
4.5800000e-06 2.4647743e-07
4.5900000e-06 1.1857843e-07
4.6000000e-06 9.5807931e-08
4.6100000e-06 8.4642532e-08
4.6200000e-06 2.8258625e-07
4.6300000e-06 9.2882165e-08
4.6400000e-06 2.9159048e-07
4.6500000e-06 1.3379387e-07
4.6600000e-06 1.6539909e-07
4.6700000e-06 3.2535008e-07
4.6800000e-06 8.5555517e-08
4.6900000e-06 1.4748560e-07
4.7000000e-06 3.3832696e-07
4.7100000e-06 9.4493494e-10
4.7200000e-06 1.3214460e-09
4.7300000e-06 9.1670566e-10
4.7400000e-06 3.1153938e-10
4.7500000e-06 3.6480549e-09
4.7600000e-06 2.0850870e-09
4.7700000e-06 6.1841425e-10
4.7800000e-06 1.1279008e-10
4.7900000e-06 3.1266086e-10
4.8000000e-06 4.0151973e-09
4.8100000e-06 9.8856442e-11
4.8200000e-06 1.1726635e-10
4.8300000e-06 7.5427008e-13
4.8400000e-06 3.6953676e-11
4.8500000e-06 8.9809914e-10
4.8600000e-06 2.7684565e-09
4.8700000e-06 7.1601566e-10
4.8800000e-06 7.7966935e-12
4.8900000e-06 9.7804973e-10
4.9000000e-06 2.2989695e-09
4.9100000e-06 2.5301561e-13
4.9200000e-06 8.3631532e-11
4.9300000e-06 2.0147910e-09
4.9400000e-06 3.4309331e-09
4.9500000e-06 1.4820307e-09
4.9600000e-06 7.4637469e-09
4.9700000e-06 7.9473790e-09
4.9800000e-06 7.0393043e-09
4.9900000e-06 1.7370908e-08
5.0000000e-06 3.2648593e-08
5.0100000e-06 2.3692017e-08
5.0200000e-06 1.8558390e-08
5.0300000e-06 1.4639603e-08
5.0400000e-06 1.2626406e-08
5.0500000e-06 1.3102329e-08
5.0600000e-06 1.3224853e-08
5.0700000e-06 1.3650942e-08
5.0800000e-06 1.4098695e-08
5.0900000e-06 1.4148650e-08
5.1000000e-06 1.3431138e-08
5.1100000e-06 1.3776137e-08
5.1200000e-06 1.3409552e-08
5.1300000e-06 1.3868822e-08
5.1400000e-06 1.3872599e-08
5.1500000e-06 1.3369813e-08
5.1600000e-06 1.2838336e-08
5.1700000e-06 1.2561209e-08
5.1800000e-06 1.2353827e-08
5.1900000e-06 1.2208171e-08
5.2000000e-06 1.2116283e-08
5.2100000e-06 1.1736457e-08
5.2200000e-06 1.2266734e-08
5.2300000e-06 1.2515352e-08
5.2400000e-06 1.2423579e-08
5.2500000e-06 1.3461475e-08
5.2600000e-06 1.4548025e-08
5.2700000e-06 1.5202939e-08
5.2800000e-06 1.5555932e-08
5.2900000e-06 1.6475452e-08
5.3000000e-06 1.6921663e-08
5.3100000e-06 1.7716049e-08
5.3200000e-06 1.9317287e-08
5.3300000e-06 1.9585092e-08
5.3400000e-06 1.7853381e-08
5.3500000e-06 1.8588369e-08
5.3600000e-06 1.9468100e-08
5.3700000e-06 1.8865084e-08
5.3800000e-06 1.8198188e-08
5.3900000e-06 1.9081080e-08
5.4000000e-06 1.9082343e-08
5.4100000e-06 1.8908254e-08
5.4200000e-06 1.8822320e-08
5.4300000e-06 1.8678468e-08
5.4400000e-06 1.5163797e-08
5.4500000e-06 1.7282715e-08
5.4600000e-06 1.8742341e-08
5.4700000e-06 1.8440716e-08
5.4800000e-06 1.7830041e-08
5.4900000e-06 1.8611125e-08
5.5000000e-06 1.7786764e-08
5.5100000e-06 1.6958221e-08
5.5200000e-06 1.6240089e-08
5.5300000e-06 1.5338716e-08
5.5400000e-06 1.4347847e-08
5.5500000e-06 1.3730883e-08
5.5600000e-06 1.2625617e-08
5.5700000e-06 1.1283046e-08
5.5800000e-06 1.0625307e-08
5.5900000e-06 9.6305197e-09
5.6000000e-06 8.6745765e-09
5.6100000e-06 7.9052284e-09
5.6200000e-06 7.5113736e-09
5.6300000e-06 6.5453325e-09
5.6400000e-06 6.1693019e-09
5.6500000e-06 5.2307427e-09
5.6600000e-06 4.9351810e-09
5.6700000e-06 4.3715774e-09
5.6800000e-06 3.3618097e-09
5.6900000e-06 2.9516094e-09
5.7000000e-06 2.3466046e-09
5.7100000e-06 1.8011738e-09
5.7200000e-06 1.8899300e-09
5.7300000e-06 1.7528085e-09
5.7400000e-06 1.9377450e-09
5.7500000e-06 2.1337243e-09
5.7600000e-06 2.5239089e-09
5.7700000e-06 3.0017947e-09
5.7800000e-06 3.3139046e-09
5.7900000e-06 3.5341423e-09
5.8000000e-06 3.9212659e-09
5.8100000e-06 4.2539925e-09
5.8200000e-06 4.9760832e-09
5.8300000e-06 5.0834822e-09
5.8400000e-06 5.5810371e-09
5.8500000e-06 6.1431057e-09
5.8600000e-06 6.4240098e-09
5.8700000e-06 6.6938565e-09
5.8800000e-06 7.4548455e-09
5.8900000e-06 7.8515426e-09
5.9000000e-06 7.8784310e-09
5.9100000e-06 8.1660608e-09
5.9200000e-06 8.4326887e-09
5.9300000e-06 9.3849592e-09
5.9400000e-06 9.1562241e-09
5.9500000e-06 9.5925628e-09
5.9600000e-06 9.6958422e-09
5.9700000e-06 1.0361543e-08
5.9800000e-06 1.0238461e-08
5.9900000e-06 1.0313750e-08
6.0000000e-06 1.0882864e-08
6.0100000e-06 1.0450423e-08
6.0200000e-06 1.0479024e-08
6.0300000e-06 1.0389541e-08
6.0400000e-06 1.0182562e-08
6.0500000e-06 1.0662258e-08
6.0600000e-06 9.6402043e-09
6.0700000e-06 9.4745530e-09
6.0800000e-06 9.4329658e-09
6.0900000e-06 9.3266118e-09
6.1000000e-06 9.5316319e-09
6.1100000e-06 9.3995883e-09
6.1200000e-06 9.4811072e-09
6.1300000e-06 9.8396236e-09
6.1400000e-06 1.0711971e-08
6.1500000e-06 1.1530065e-08
6.1600000e-06 1.3307990e-08
6.1700000e-06 1.2934081e-08
6.1800000e-06 1.3373651e-08
6.1900000e-06 1.5261305e-08
6.2000000e-06 1.4905181e-08
6.2100000e-06 2.0724174e-08
6.2200000e-06 2.2737064e-08
6.2300000e-06 2.6088523e-08
6.2400000e-06 3.6707371e-08
6.2500000e-06 4.9929422e-08
6.2600000e-06 6.8128925e-08
6.2700000e-06 8.7310537e-08
6.2800000e-06 1.0926335e-07
6.2900000e-06 1.2750166e-07
6.3000000e-06 1.3821602e-07
6.3100000e-06 6.7902279e-08
6.3200000e-06 1.9619226e-07
6.3300000e-06 1.8420556e-07
6.3400000e-06 1.6147115e-07
6.3500000e-06 1.5019934e-07
6.3600000e-06 1.5630228e-08
6.3700000e-06 1.2645883e-08
6.3800000e-06 2.0748127e-08
6.3900000e-06 1.1573304e-07
6.4000000e-06 1.0381788e-07
6.4100000e-06 2.0589358e-07
6.4200000e-06 1.9763071e-07
6.4300000e-06 1.4058520e-07
6.4400000e-06 1.8093644e-07
6.4500000e-06 1.7661138e-07
6.4600000e-06 1.3711778e-07
6.4700000e-06 1.6824574e-07
6.4800000e-06 6.0533554e-08
6.4900000e-06 1.6657011e-07
6.5000000e-06 1.4448325e-07
