#8
5x8
7 2 3 2 3 3 3 3 
5 2 3 3 3 3 0 0 
4 2 3 2 3 0 0 0 
6 2 3 2 3 3 3 0 
1 24 0 0 0 0 0 0
5x8
7 2 3 2 3 3 3 3 
1 1 0 0 0 0 0 0 
4 2 3 2 3 0 0 0 
6 2 3 2 3 3 3 0 
1 24 0 0 0 0 0 0
5x8
7 2 3 2 3 3 3 3 
6 1 2 3 3 3 3 0 
4 2 3 2 3 0 0 0 
6 2 3 2 3 3 3 0 
1 24 0 0 0 0 0 0
5x7
5 2 3 3 3 3 0 
1 1 0 0 0 0 0 
4 2 3 2 3 0 0 
6 2 3 2 3 3 3 
1 24 0 0 0 0 0
5x9
8 1 2 3 2 3 3 3 3 
5 2 3 3 3 3 0 0 0 
4 2 3 2 3 0 0 0 0 
6 2 3 2 3 3 3 0 0 
1 24 0 0 0 0 0 0 0
5x7
2 2 3 0 0 0 0 
1 1 0 0 0 0 0 
4 2 3 2 3 0 0 
6 2 3 2 3 3 3 
1 24 0 0 0 0 0
5x9
8 1 2 3 2 3 3 3 3 
6 1 2 3 3 3 3 0 0 
4 2 3 2 3 0 0 0 0 
6 2 3 2 3 3 3 0 0 
1 24 0 0 0 0 0 0 0
5x8
7 2 3 2 3 3 3 3 
5 2 3 3 3 3 0 0 
1 1 0 0 0 0 0 0 
4 2 3 2 3 0 0 0 
3 16 0 0 0 0 0 0
