#15
5x5
1 4 0 0 0 
1 3 0 0 0 
1 2 0 0 0 
4 1 2 1 2 
1 16 0 0 0
5x5
1 4 0 0 0 
1 3 0 0 0 
3 2 1 2 0 
4 1 2 1 2 
1 16 0 0 0
5x5
1 4 0 0 0 
1 3 0 0 0 
2 1 2 0 0 
4 1 2 1 2 
1 16 0 0 0
5x5
1 4 0 0 0 
1 2 0 0 0 
3 2 1 2 0 
4 1 2 1 2 
1 16 0 0 0
5x5
1 4 0 0 0 
4 2 1 2 3 
1 2 0 0 0 
4 1 2 1 2 
1 16 0 0 0
5x5
1 4 0 0 0 
2 2 3 0 0 
3 2 1 2 0 
4 1 2 1 2 
1 16 0 0 0
5x5
1 4 0 0 0 
4 2 1 2 3 
2 1 2 0 0 
4 1 2 1 2 
1 16 0 0 0
5x5
1 3 0 0 0 
1 2 0 0 0 
3 2 1 2 0 
4 1 2 1 2 
1 16 0 0 0
5x5
2 1 4 0 0 
1 3 0 0 0 
1 2 0 0 0 
4 1 2 1 2 
1 16 0 0 0
5x5
4 1 2 1 4 
1 3 0 0 0 
3 2 1 2 0 
4 1 2 1 2 
1 16 0 0 0
5x5
2 1 4 0 0 
1 3 0 0 0 
2 1 2 0 0 
4 1 2 1 2 
1 16 0 0 0
5x5
2 3 4 0 0 
1 2 0 0 0 
3 2 1 2 0 
4 1 2 1 2 
1 16 0 0 0
5x5
2 1 4 0 0 
4 2 1 2 3 
1 2 0 0 0 
4 1 2 1 2 
1 16 0 0 0
5x5
4 1 2 1 4 
2 2 3 0 0 
3 2 1 2 0 
4 1 2 1 2 
1 16 0 0 0
5x5
2 1 4 0 0 
4 2 1 2 3 
2 1 2 0 0 
4 1 2 1 2 
1 16 0 0 0
