#3
4x7
5 2 1 1 2 1 0 
6 1 1 2 1 1 2 
6 1 2 1 1 2 1 
1 12 0 0 0 0 0
4x7
6 2 1 1 2 1 2 
6 1 1 2 1 1 2 
6 1 2 1 1 2 1 
3 8 0 0 0 0 0
3x7
6 2 1 1 2 1 2 
5 2 1 1 2 1 0 
4 6 0 0 0 0 0
#3 1 1 0
0 1 min.44 2 1 0
1 3 min.29 1 1 0
2 4 min.38 1 3 0
#3 1 1 1
0 1 min.44 2 1 0
1 3 min.29 1 1 4
2 4 min.38 1 3 1
#3 1 1 2
0 1 min.44 2 1 3
1 3 min.29 1 1 10
2 4 min.38 1 3 0
#3 1 1 3
0 1 min.44 2 1 3
1 3 min.29 1 1 14
2 4 min.38 1 3 1
#3 1 1 4
0 1 min.44 2 1 0
1 3 min.29 1 1 16
2 4 min.38 1 3 0
#3 1 1 5
0 1 min.44 2 1 0
1 3 min.29 1 1 20
2 4 min.38 1 3 1
#3 1 2 0
0 1 min.44 2 2 0
1 3 min.29 1 5 0
2 4 min.38 1 4 0
#3 1 2 1
0 1 min.44 2 2 0
1 3 min.29 1 5 1
2 4 min.38 1 4 0
#3 2 1 0
0 1 min.44 1 1 0
1 3 min.29 1 3 0
2 4 min.38 1 3 0
#3 2 1 1
0 1 min.44 1 1 3
1 3 min.29 1 3 4
2 4 min.38 1 3 0
#3 2 1 2
0 1 min.44 1 1 0
1 3 min.29 1 3 1
2 4 min.38 1 3 1
#3 2 1 3
0 1 min.44 1 1 3
1 3 min.29 1 3 5
2 4 min.38 1 3 1
#3 2 2 0
0 1 min.44 1 2 0
1 3 min.29 1 6 0
2 4 min.38 1 4 0
#3 2 2 1
0 1 min.44 1 2 3
1 3 min.29 1 6 3
2 4 min.38 1 4 0
#3 2 2 2
0 1 min.44 1 2 0
1 3 min.29 1 6 4
2 4 min.38 1 4 0
#3 3 1 0
0 1 min.44 3 1 0
1 3 min.29 1 3 0
2 4 min.38 1 3 0
#3 3 1 1
0 1 min.44 3 1 0
1 3 min.29 1 3 4
2 4 min.38 1 3 0
#3 3 1 2
0 1 min.44 3 1 0
1 3 min.29 1 3 2
2 4 min.38 1 3 1
#3 3 1 3
0 1 min.44 3 1 0
1 3 min.29 1 3 6
2 4 min.38 1 3 1
