#16
6x5
3 4 4 4 0 
1 3 0 0 0 
3 3 1 3 0 
2 4 4 0 0 
4 1 3 1 3 
1 48 0 0 0
6x5
3 4 4 4 0 
1 3 0 0 0 
1 2 0 0 0 
2 4 4 0 0 
4 1 3 1 3 
1 48 0 0 0
6x5
3 4 4 4 0 
1 3 0 0 0 
4 2 3 1 3 
2 4 4 0 0 
4 1 3 1 3 
1 48 0 0 0
6x5
3 4 4 4 0 
3 3 1 3 0 
1 2 0 0 0 
2 4 4 0 0 
4 1 3 1 3 
1 48 0 0 0
6x5
3 4 4 4 0 
2 2 3 0 0 
3 3 1 3 0 
2 4 4 0 0 
4 1 3 1 3 
1 48 0 0 0
6x5
3 4 4 4 0 
2 1 3 0 0 
1 2 0 0 0 
2 4 4 0 0 
4 1 3 1 3 
1 48 0 0 0
6x5
3 4 4 4 0 
2 2 3 0 0 
4 2 3 1 3 
2 4 4 0 0 
4 1 3 1 3 
1 48 0 0 0
6x5
1 3 0 0 0 
3 3 1 3 0 
1 2 0 0 0 
2 4 4 0 0 
4 1 3 1 3 
1 48 0 0 0
6x5
4 2 4 4 4 
1 3 0 0 0 
3 3 1 3 0 
2 4 4 0 0 
4 1 3 1 3 
1 48 0 0 0
6x7
6 3 1 3 4 4 4 
1 3 0 0 0 0 0 
1 2 0 0 0 0 0 
2 4 4 0 0 0 0 
4 1 3 1 3 0 0 
1 48 0 0 0 0 0
6x5
4 2 4 4 4 
1 3 0 0 0 
4 2 3 1 3 
2 4 4 0 0 
4 1 3 1 3 
1 48 0 0 0
6x5
4 3 4 4 4 
3 3 1 3 0 
1 2 0 0 0 
2 4 4 0 0 
4 1 3 1 3 
1 48 0 0 0
6x5
4 2 4 4 4 
2 2 3 0 0 
3 3 1 3 0 
2 4 4 0 0 
4 1 3 1 3 
1 48 0 0 0
6x7
6 3 1 3 4 4 4 
2 1 3 0 0 0 0 
1 2 0 0 0 0 0 
2 4 4 0 0 0 0 
4 1 3 1 3 0 0 
1 48 0 0 0 0 0
6x5
4 2 4 4 4 
2 2 3 0 0 
4 2 3 1 3 
2 4 4 0 0 
4 1 3 1 3 
1 48 0 0 0
6x5
3 4 4 4 0 
1 3 0 0 0 
3 3 1 3 0 
1 2 0 0 0 
4 1 3 1 3 
1 32 0 0 0
