#17
6x7
5 4 1 4 1 4 0 
2 2 3 0 0 0 0 
1 2 0 0 0 0 0 
2 4 4 0 0 0 0 
6 1 2 4 1 2 4 
1 72 0 0 0 0 0
6x7
5 4 1 4 1 4 0 
2 2 3 0 0 0 0 
1 1 0 0 0 0 0 
2 4 4 0 0 0 0 
6 1 2 4 1 2 4 
1 72 0 0 0 0 0
6x7
5 4 1 4 1 4 0 
2 2 3 0 0 0 0 
2 1 2 0 0 0 0 
2 4 4 0 0 0 0 
6 1 2 4 1 2 4 
1 72 0 0 0 0 0
6x7
5 4 1 4 1 4 0 
1 2 0 0 0 0 0 
1 1 0 0 0 0 0 
2 4 4 0 0 0 0 
6 1 2 4 1 2 4 
1 72 0 0 0 0 0
6x7
5 4 1 4 1 4 0 
3 1 2 3 0 0 0 
1 2 0 0 0 0 0 
2 4 4 0 0 0 0 
6 1 2 4 1 2 4 
1 72 0 0 0 0 0
6x7
5 4 1 4 1 4 0 
1 3 0 0 0 0 0 
1 1 0 0 0 0 0 
2 4 4 0 0 0 0 
6 1 2 4 1 2 4 
1 72 0 0 0 0 0
6x7
5 4 1 4 1 4 0 
3 1 2 3 0 0 0 
2 1 2 0 0 0 0 
2 4 4 0 0 0 0 
6 1 2 4 1 2 4 
1 72 0 0 0 0 0
6x7
2 2 3 0 0 0 0 
1 2 0 0 0 0 0 
1 1 0 0 0 0 0 
2 4 4 0 0 0 0 
6 1 2 4 1 2 4 
1 72 0 0 0 0 0
6x7
6 1 4 1 4 1 4 
2 2 3 0 0 0 0 
1 2 0 0 0 0 0 
2 4 4 0 0 0 0 
6 1 2 4 1 2 4 
1 72 0 0 0 0 0
6x7
6 2 4 1 4 1 4 
2 2 3 0 0 0 0 
1 1 0 0 0 0 0 
2 4 4 0 0 0 0 
6 1 2 4 1 2 4 
1 72 0 0 0 0 0
6x7
6 1 4 1 4 1 4 
2 2 3 0 0 0 0 
2 1 2 0 0 0 0 
2 4 4 0 0 0 0 
6 1 2 4 1 2 4 
1 72 0 0 0 0 0
6x8
7 2 3 4 1 4 1 4 
1 2 0 0 0 0 0 0 
1 1 0 0 0 0 0 0 
2 4 4 0 0 0 0 0 
6 1 2 4 1 2 4 0 
1 72 0 0 0 0 0 0
6x7
6 1 4 1 4 1 4 
3 1 2 3 0 0 0 
1 2 0 0 0 0 0 
2 4 4 0 0 0 0 
6 1 2 4 1 2 4 
1 72 0 0 0 0 0
6x7
6 2 4 1 4 1 4 
1 3 0 0 0 0 0 
1 1 0 0 0 0 0 
2 4 4 0 0 0 0 
6 1 2 4 1 2 4 
1 72 0 0 0 0 0
6x7
6 1 4 1 4 1 4 
3 1 2 3 0 0 0 
2 1 2 0 0 0 0 
2 4 4 0 0 0 0 
6 1 2 4 1 2 4 
1 72 0 0 0 0 0
6x6
5 4 1 4 1 4 
2 2 3 0 0 0 
1 2 0 0 0 0 
1 1 0 0 0 0 
2 4 4 0 0 0 
3 48 0 0 0 0
6x7
5 4 1 4 1 4 0 
2 2 3 0 0 0 0 
1 2 0 0 0 0 0 
1 1 0 0 0 0 0 
6 1 2 4 1 2 4 
3 48 0 0 0 0 0
