#3
5x7
1 2 0 0 0 0 0 
2 2 2 0 0 0 0 
6 1 2 1 2 2 2 
2 1 1 0 0 0 0 
1 16 0 0 0 0 0
5x8
7 1 1 2 1 2 2 2 
2 2 2 0 0 0 0 0 
6 1 2 1 2 2 2 0 
2 1 1 0 0 0 0 0 
1 16 0 0 0 0 0 0
5x7
2 1 2 0 0 0 0 
2 2 2 0 0 0 0 
6 1 2 1 2 2 2 
2 1 1 0 0 0 0 
1 16 0 0 0 0 0
#3 1 1 0
0 1 group.51 1 2 0
1 1 group.150 1 1 0
2 1 min.45 1 1 0
#3 1 1 1
0 1 group.51 1 2 1
1 1 group.150 1 1 2
2 1 min.45 1 1 1
#3 1 1 2
0 1 group.51 1 2 0
1 1 group.150 1 1 6
2 1 min.45 1 1 0
#3 1 1 3
0 1 group.51 1 2 1
1 1 group.150 1 1 4
2 1 min.45 1 1 1
#3 2 1 0
0 1 group.51 1 1 0
1 1 group.150 2 1 0
2 1 min.45 2 1 0
#3 2 1 1
0 1 group.51 1 1 3
1 1 group.150 2 1 0
2 1 min.45 2 1 0
