#7
8x13
7 1 1 2 1 2 2 2 0 0 0 0 0 
10 1 2 1 2 1 2 2 1 2 2 0 0 
12 1 1 2 1 2 1 2 2 1 2 2 1 
12 1 2 1 2 1 2 1 2 1 1 2 2 
12 2 1 1 2 1 1 2 1 2 1 2 2 
12 1 1 2 1 2 1 2 1 2 1 2 2 
12 1 2 1 2 1 2 1 2 1 2 1 2 
1 288 0 0 0 0 0 0 0 0 0 0 0
8x16
15 1 2 1 2 1 2 1 2 1 2 1 2 2 2 2 
7 1 1 2 1 2 2 2 0 0 0 0 0 0 0 0 
12 1 1 2 1 2 1 2 2 1 2 2 1 0 0 0 
12 1 2 1 2 1 2 1 2 1 1 2 2 0 0 0 
12 2 1 1 2 1 1 2 1 2 1 2 2 0 0 0 
12 1 1 2 1 2 1 2 1 2 1 2 2 0 0 0 
12 1 2 1 2 1 2 1 2 1 2 1 2 0 0 0 
1 192 0 0 0 0 0 0 0 0 0 0 0 0 0 0
8x16
15 1 2 1 2 1 2 1 2 1 2 1 2 2 2 2 
10 1 2 1 2 1 2 2 1 2 2 0 0 0 0 0 
12 1 1 2 1 2 1 2 2 1 2 2 1 0 0 0 
12 1 2 1 2 1 2 1 2 1 1 2 2 0 0 0 
12 2 1 1 2 1 1 2 1 2 1 2 2 0 0 0 
12 1 1 2 1 2 1 2 1 2 1 2 2 0 0 0 
12 1 2 1 2 1 2 1 2 1 2 1 2 0 0 0 
1 192 0 0 0 0 0 0 0 0 0 0 0 0 0 0
8x16
15 1 2 1 2 1 2 1 2 1 2 1 2 2 2 2 
12 2 1 1 2 1 1 2 1 1 2 1 1 0 0 0 
12 1 1 2 1 2 1 2 2 1 2 2 1 0 0 0 
12 1 2 1 2 1 2 1 2 1 1 2 2 0 0 0 
12 2 1 1 2 1 1 2 1 2 1 2 2 0 0 0 
12 1 1 2 1 2 1 2 1 2 1 2 2 0 0 0 
12 1 2 1 2 1 2 1 2 1 2 1 2 0 0 0 
1 192 0 0 0 0 0 0 0 0 0 0 0 0 0 0
8x16
15 1 2 1 2 1 2 1 2 1 2 1 2 2 2 2 
8 1 2 1 2 1 2 1 2 0 0 0 0 0 0 0 
12 1 1 2 1 2 1 2 2 1 2 2 1 0 0 0 
12 1 2 1 2 1 2 1 2 1 1 2 2 0 0 0 
12 2 1 1 2 1 1 2 1 2 1 2 2 0 0 0 
12 1 1 2 1 2 1 2 1 2 1 2 2 0 0 0 
12 1 2 1 2 1 2 1 2 1 2 1 2 0 0 0 
1 192 0 0 0 0 0 0 0 0 0 0 0 0 0 0
7x16
15 1 2 1 2 1 2 1 2 1 2 1 2 2 2 2 
7 1 1 2 1 2 2 2 0 0 0 0 0 0 0 0 
10 1 2 1 2 1 2 2 1 2 2 0 0 0 0 0 
12 1 1 2 1 1 2 1 2 2 1 2 2 0 0 0 
12 1 1 2 1 2 1 2 1 1 2 2 2 0 0 0 
12 1 2 1 2 1 2 1 2 1 2 1 2 0 0 0 
4 144 0 0 0 0 0 0 0 0 0 0 0 0 0 0
7x16
15 1 2 1 2 1 2 1 2 1 2 1 2 2 2 2 
7 1 1 2 1 2 2 2 0 0 0 0 0 0 0 0 
10 1 2 1 2 1 2 2 1 2 2 0 0 0 0 0 
9 2 1 2 2 1 2 2 1 2 0 0 0 0 0 0 
12 1 1 2 1 2 1 2 1 2 2 1 2 0 0 0 
12 1 2 1 2 1 2 1 2 1 2 1 2 0 0 0 
4 144 0 0 0 0 0 0 0 0 0 0 0 0 0 0
