#15
6x5
1 4 0 0 0 
1 2 0 0 0 
1 1 0 0 0 
4 1 4 1 4 
4 2 3 2 3 
1 32 0 0 0
6x5
1 4 0 0 0 
1 2 0 0 0 
1 3 0 0 0 
4 1 4 1 4 
4 2 3 2 3 
1 32 0 0 0
6x5
1 4 0 0 0 
1 2 0 0 0 
2 1 3 0 0 
4 1 4 1 4 
4 2 3 2 3 
1 32 0 0 0
6x5
1 4 0 0 0 
1 1 0 0 0 
1 3 0 0 0 
4 1 4 1 4 
4 2 3 2 3 
1 32 0 0 0
6x5
1 4 0 0 0 
2 2 3 0 0 
1 1 0 0 0 
4 1 4 1 4 
4 2 3 2 3 
1 32 0 0 0
6x5
1 4 0 0 0 
2 1 2 0 0 
1 3 0 0 0 
4 1 4 1 4 
4 2 3 2 3 
1 32 0 0 0
6x5
1 4 0 0 0 
2 2 3 0 0 
2 1 3 0 0 
4 1 4 1 4 
4 2 3 2 3 
1 32 0 0 0
6x5
1 2 0 0 0 
1 1 0 0 0 
1 3 0 0 0 
4 1 4 1 4 
4 2 3 2 3 
1 32 0 0 0
6x5
2 3 4 0 0 
1 2 0 0 0 
1 1 0 0 0 
4 1 4 1 4 
4 2 3 2 3 
1 32 0 0 0
6x5
2 4 1 0 0 
1 2 0 0 0 
1 3 0 0 0 
4 1 4 1 4 
4 2 3 2 3 
1 32 0 0 0
6x5
2 3 4 0 0 
1 2 0 0 0 
2 1 3 0 0 
4 1 4 1 4 
4 2 3 2 3 
1 32 0 0 0
6x5
2 2 4 0 0 
1 1 0 0 0 
1 3 0 0 0 
4 1 4 1 4 
4 2 3 2 3 
1 32 0 0 0
6x5
2 3 4 0 0 
2 2 3 0 0 
1 1 0 0 0 
4 1 4 1 4 
4 2 3 2 3 
1 32 0 0 0
6x5
2 4 1 0 0 
2 1 2 0 0 
1 3 0 0 0 
4 1 4 1 4 
4 2 3 2 3 
1 32 0 0 0
6x5
2 3 4 0 0 
2 2 3 0 0 
2 1 3 0 0 
4 1 4 1 4 
4 2 3 2 3 
1 32 0 0 0
