#5
5x10
9 2 2 2 2 2 2 2 2 2 
4 2 2 2 2 0 0 0 0 0 
6 2 2 2 2 2 2 0 0 0 
4 1 1 1 1 0 0 0 0 0 
1 36 0 0 0 0 0 0 0 0
5x7
3 1 1 1 0 0 0 
4 2 2 2 2 0 0 
6 2 2 2 2 2 2 
4 1 1 1 1 0 0 
1 36 0 0 0 0 0
5x13
12 1 1 1 2 2 2 2 2 2 2 2 2 
4 2 2 2 2 0 0 0 0 0 0 0 0 
6 2 2 2 2 2 2 0 0 0 0 0 0 
4 1 1 1 1 0 0 0 0 0 0 0 0 
1 36 0 0 0 0 0 0 0 0 0 0 0
5x10
9 2 2 2 2 2 2 2 2 2 
3 1 1 1 0 0 0 0 0 0 
6 2 2 2 2 2 2 0 0 0 
4 1 1 1 1 0 0 0 0 0 
1 24 0 0 0 0 0 0 0 0
5x10
9 2 2 2 2 2 2 2 2 2 
3 1 1 1 0 0 0 0 0 0 
4 2 2 2 2 0 0 0 0 0 
6 2 2 2 2 2 2 0 0 0 
3 24 0 0 0 0 0 0 0 0
