#5
6x9
5 1 2 2 2 1 0 0 0 
4 2 2 2 2 0 0 0 0 
8 2 1 2 2 2 2 1 2 
8 1 2 2 2 2 1 2 2 
6 2 2 2 2 2 2 0 0 
1 48 0 0 0 0 0 0 0
6x10
9 1 2 1 2 1 2 2 2 2 
4 2 2 2 2 0 0 0 0 0 
8 2 1 2 2 2 2 1 2 0 
8 1 2 2 2 2 1 2 2 0 
6 2 2 2 2 2 2 0 0 0 
1 48 0 0 0 0 0 0 0 0
6x9
6 2 1 2 1 2 1 0 0 
4 2 2 2 2 0 0 0 0 
8 2 1 2 2 2 2 1 2 
8 1 2 2 2 2 1 2 2 
6 2 2 2 2 2 2 0 0 
1 48 0 0 0 0 0 0 0
6x10
5 1 2 2 2 1 0 0 0 0 
9 1 2 1 2 1 2 2 2 2 
8 2 1 2 2 2 2 1 2 0 
8 1 2 2 2 2 1 2 2 0 
6 2 2 2 2 2 2 0 0 0 
1 32 0 0 0 0 0 0 0 0
5x10
5 1 2 2 2 1 0 0 0 0 
9 1 2 1 2 1 2 2 2 2 
4 2 2 2 2 0 0 0 0 0 
6 2 2 2 2 2 2 0 0 0 
4 24 0 0 0 0 0 0 0 0
#3 1 1 0
0 3 group.166 1 1 0
3 1 group.161 1 1 0
4 4 group.158 1 1 0
#4 1 1 1
0 1 group.166 1 1 1
1 2 group.166 1 1 2
3 1 group.161 1 1 5
4 4 group.158 1 1 0
