#6
6x7
5 1 2 1 3 2 0 
5 1 2 1 1 2 0 
6 1 1 2 1 1 2 
6 2 1 1 2 1 1 
4 2 2 2 2 0 0 
1 72 0 0 0 0 0
6x7
5 2 1 1 2 2 0 
5 1 2 1 3 2 0 
6 1 1 2 1 1 2 
6 2 1 1 2 1 1 
4 2 2 2 2 0 0 
3 48 0 0 0 0 0
6x7
5 2 1 1 2 2 0 
5 1 2 1 1 2 0 
6 1 1 2 1 1 2 
6 2 1 1 2 1 1 
4 2 2 2 2 0 0 
3 48 0 0 0 0 0
6x7
5 2 1 1 2 2 0 
4 1 2 3 2 0 0 
6 1 1 2 1 1 2 
6 2 1 1 2 1 1 
4 2 2 2 2 0 0 
3 48 0 0 0 0 0
6x7
5 2 1 1 2 2 0 
6 1 2 1 1 3 2 
6 1 1 2 1 1 2 
6 2 1 1 2 1 1 
4 2 2 2 2 0 0 
3 48 0 0 0 0 0
5x6
5 2 1 1 2 2 
5 1 2 1 3 2 
5 1 2 1 1 2 
4 2 2 2 2 0 
4 36 0 0 0 0
#6 1 1 0
0 1 group.175 1 1 0
1 3 group.165 1 1 0
2 3 group.165 2 1 0
3 3 group.167 1 1 0
4 3 group.168 1 1 0
5 4 group.120 1 2 0
