PS 0
-0.9819950689031452518
0
0
0
PS 1
1.0000000000000000000
0
0
0
PS 2
-0.015625000000000000000
0
0
0
PS 3
0.0006858710562414265617
0
0
0
PS 4
-4.069010416666666441e-5
0
0
0
PS 5
2.666666666666666828e-6
0
0
0
PS 6
-1.7861225422953817946e-7
0
0
0
PS 7
1.1805360767102897696e-8
0
0
0
PS 8
-7.568843781001984120e-10
0
0
0
PS 9
4.666856208231450289e-11
0
0
0
PS 10
-2.7557319223985891827e-12
0
0
0
PS 11
1.5555388284109828877e-13
0
0
0
PS 12
-8.389900409862115042e-15
0
0
0
PS 13
4.325167411403289286e-16
0
0
0
PS 14
-2.1328065682694941401e-17
0
0
0
PS 15
1.0070339070709224160e-18
0
0
0
PS 16
-4.558064777743706945e-20
0
0
0
PS 17
1.9800988792149637653e-21
0
0
0
PS 18
-8.266020047220436332e-23
0
0
0
PS 19
3.319994574782482403e-24
0
0
0
TACKS 0
-0.9817280868344001599
0
0
0
TACKS 1
-0.4537395380404431466
0
0
0
TACKS 2
-0.16484266588799542652
0
0
0
TACKS 3
-0.024050652704230537221
0
0
0
TACKS 4
-0.008333333333333333218
0
0
0
END
