PS 0
0.9981056937831289666
0
0
0
PS 1
-1.0000000000000000000
0
0
0
PS 2
0.001953125000000000000
0
0
0
PS 3
-2.5402631712645428461e-5
0
0
0
PS 4
6.357828776041666314e-7
0
0
0
PS 5
-2.1333333333333332456e-8
0
0
0
PS 6
8.269085843960100824e-10
0
0
0
PS 7
-3.441796142012506690e-11
0
0
0
PS 8
1.4782898009769500235e-12
0
0
0
PS 9
-6.401723193733128156e-14
0
0
0
PS 10
2.7557319223985891323e-15
0
0
0
PS 11
-1.1686993451622710630e-16
0
0
0
PS 12
4.855266440892428143e-18
0
0
0
PS 13
-1.9686697366423711195e-19
0
0
0
PS 14
7.772618689028769829e-21
0
0
0
PS 15
-2.983804169099029167e-22
0
0
0
PS 16
1.1128087836288347033e-23
0
0
0
PS 17
-4.030325420750994557e-25
0
0
0
PS 18
1.4173559751749721292e-26
0
0
0
PS 19
-4.840347827354544864e-28
0
0
0
TACKS 0
0.9960017604424314941
0
0
0
TACKS 1
0.4965745573106380983
0
0
0
TACKS 2
0.16366584481719087529
0
0
0
TACKS 3
0.04090533695143334231
0
0
0
TACKS 4
0.007562325634007385604
0
0
0
TACKS 5
0.0013736888823999619889
0
0
0
TACKS 6
0.00011452691763919303335
0
0
0
TACKS 7
2.4801587301587301566e-5
0
0
0
END
