5077 a 1 [0,0,1,-7,6] 3 1
11197 a 1 [1,-1,1,-6,0] 3 1
11642 a 1 [1,-1,0,-16,28] 3 1
12279 a 1 [0,-1,1,-10,12] 3 1
13766 a 1 [1,0,1,-23,42] 3 1
16811 a 1 [0,0,1,-1,6] 3 1
18097 b 1 [1,1,1,-10,6] 3 1
18562 c 1 [1,0,1,-20,30] 3 1
18745 a 1 [0,1,1,-146,636] 3 1
20888 a 1 [0,0,0,-52,100] 3 1
21443 a 1 [1,1,1,-5,6] 3 1
21858 a 1 [1,1,0,-32,60] 3 1
22481 a 1 [1,-1,1,6,2] 3 1
22696 a 1 [0,1,0,-105,379] 3 1
24301 a 1 [1,0,0,-44,109] 3 1
24546 a 1 [1,1,0,-39,81] 3 1
24646 b 1 [1,0,1,-13,12] 3 1
25071 a 1 [0,-1,1,-24,-16] 3 1
25383 a 1 [0,-1,1,-32,80] 3 1
25451 a 1 [1,1,1,-54,136] 3 1
25751 a 1 [1,0,0,-39,94] 3 1
26171 a 1 [0,0,1,-49,132] 3 1
26198 a 1 [1,-1,0,-16,16] 3 1
26284 a 1 [0,1,0,-9,16] 3 1
26743 a 1 [1,0,0,6,-5] 3 1
27262 c 1 [1,-1,1,-237,1365] 3 1
27382 a 1 [1,0,1,-10,0] 3 1
27448 d 1 [0,0,0,-79,274] 3 1
27584 bd 1 [0,0,0,-4,64] 3 1
27746 a 1 [1,0,1,-12,26] 3 1
27747 c 1 [0,0,1,-327,2286] 3 1
27773 a 1 [1,-1,1,-21,42] 3 1
27808 a 1 [0,0,0,-364,2656] 3 1
28042 b 1 [1,-1,0,-19,49] 3 1
28498 a 1 [1,-1,0,-13,25] 3 1
28571 a 1 [0,-1,1,-4,10] 3 1
29157 b 1 [0,1,1,-240,1190] 3 1
30064 c 1 [0,1,0,-152,676] 3 1
30148 b 1 [0,0,0,-37,85] 3 1
30376 a 1 [0,1,0,-25,-21] 3 1
30446 a 1 [1,1,0,-39,-59] 3 1
30487 a 1 [0,0,1,-28,-15] 3 1
30767 d 1 [0,0,1,-31,60] 3 1
30815 a 1 [0,1,1,-16,26] 3 1
31478 b 1 [1,0,1,-5,12] 3 1
31737 a 1 [0,-1,1,-34,90] 3 1
31814 a 1 [1,0,1,2,12] 3 1
32192 e 1 [0,0,0,-52,160] 3 1
32244 c 1 [0,-1,0,-30,81] 3 1
32276 b 1 [0,1,0,-17,16] 3 1
32336 b 1 [0,1,0,-32,4] 3 1
33424 o 1 [0,-1,0,-312,2224] 3 1
33428 a 1 [0,1,0,-45,79] 3 1
33509 a 1 [0,1,1,-22,32] 3 1
33609 a 1 [1,1,1,-232,1262] 3 1
33709 a 1 [1,-1,1,-48,-42] 3 1
33914 a 1 [1,0,1,-28,282] 3 1
34415 a 1 [1,0,0,9,100] 3 1
34862 a 1 [1,-1,1,-57,345] 3 1
35003 a 1 [0,1,1,18,-18] 3 1
35083 c 1 [0,1,1,-4,8] 3 1
35234 a 1 [1,1,0,-181,749] 3 1
35243 b 1 [1,0,0,-22,21] 3 1
35882 b 1 [1,-1,0,-64,244] 3 1
36094 c 1 [1,-1,1,-162,1185] 3 1
36739 a 1 [1,1,1,-14,-24] 3 1
37229 a 1 [1,0,0,-9,4] 3 1
37544 c 1 [0,1,0,-177,1171] 3 1
38439 b 1 [0,0,1,-57,76] 3 1
38600 m 1 [0,0,0,-175,850] 3 1
38601 a 1 [0,0,1,3,16] 3 1
39023 a 1 [1,-1,1,-6,12] 3 1
39077 c 1 [0,1,1,-90,300] 3 1
39289 a 1 [0,1,1,-257,1500] 3 1
39883 a 1 [0,1,1,-14,18] 3 1
40331 c 1 [0,-1,1,8,-8] 3 1
40929 a 1 [0,-1,1,-42,110] 3 1
41001 a 1 [0,-1,1,-134,644] 3 1
41107 a 1 [0,1,1,-82,182] 3 1
41406 b 1 [1,1,0,-69,189] 3 1
41775 k 1 [0,-1,1,-58,168] 3 1
41785 a 1 [0,1,1,-286,1766] 3 1
41933 a 1 [1,0,0,-95,346] 3 1
42093 a 1 [0,0,1,-21,22] 3 1
42153 a 1 [0,-1,1,-6,20] 3 1
42190 a 1 [1,0,1,-19,42] 3 1
42264 a 1 [0,0,0,-252,1620] 3 1
42384 a 1 [0,-1,0,-80,336] 3 1
42526 b 1 [1,0,1,-78,272] 3 1
42528 c 1 [0,-1,0,-65,81] 3 1
42584 c 1 [0,1,0,-44,112] 3 1
43556 b 1 [0,1,0,-14,1] 3 1
43669 a 1 [0,0,1,-19,30] 3 1
43730 e 1 [1,-1,0,-184,940] 3 1
43976 f 1 [0,0,0,-31,34] 3 1
44012 b 1 [0,-1,0,-65,226] 3 1
44233 a 1 [1,1,1,-137,600] 3 1
44409 b 1 [1,1,1,-45,96] 3 1
44755 a 1 [0,1,1,9,0] 3 1
44755 b 1 [0,1,1,-410,3306] 3 1
44794 c 1 [1,0,0,-155,721] 3 1
44860 b 1 [0,0,0,-28,73] 3 1
44869 b 1 [1,1,1,-222,-410] 3 1
45123 h 1 [0,-1,1,-30,2] 3 1
45352 a 1 [0,1,0,-137,571] 3 1
45985 a 1 [0,1,1,-76,230] 3 1
46024 a 1 [0,1,0,-65,259] 3 1
46222 a 1 [1,-1,0,-61,193] 3 1
46307 a 1 [1,0,0,-9,-2] 3 1
46462 d 1 [1,0,1,-53,132] 3 1
46672 g 1 [0,0,0,-67,130] 3 1
46896 d 1 [0,-1,0,-72,144] 3 1
47087 a 1 [1,-1,1,-31,72] 3 1
47440 a 1 [0,1,0,-576,5140] 3 1
47453 a 1 [0,0,1,-19,42] 3 1
47696 h 1 [0,1,0,-472,3684] 3 1
47976 d 1 [0,-1,0,-52,196] 3 1
48272 b 1 [0,0,0,-19,226] 3 1
48434 c 1 [1,0,1,-227,1374] 3 1
48444 a 1 [0,-1,0,-170,921] 3 1
48734 b 1 [1,0,1,45,110] 3 1
48734 b 2 [1,0,1,-1135,14742] 3 1
48746 a 1 [1,0,0,-15,121] 3 1
48856 a 1 [0,1,0,-1465,21099] 3 1
49183 a 1 [1,0,0,-1611,24754] 3 1
49259 a 1 [1,-1,1,159,-450] 3 1
49411 a 1 [0,1,1,-9,12] 3 1
49626 a 1 [1,-1,0,-9,49] 3 1
49648 d 1 [0,0,0,-2011,34714] 3 1
49831 a 1 [1,0,0,-79,264] 3 1
50029 c 1 [0,1,1,-30,60] 3 1
50121 a 1 [0,0,1,-147,706] 3 1
50360 a 1 [0,0,0,-28,148] 3 1
50382 f 1 [1,-1,0,-51,161] 3 1
50744 c 1 [0,1,0,-20,64] 3 1
50862 a 1 [1,1,0,-172,820] 3 1
51034 a 1 [1,-1,0,-91,-167] 3 1
51052 a 1 [0,1,0,-169,792] 3 1
51065 c 1 [0,1,1,-56,156] 3 1
51094 a 1 [1,-1,0,-1169,15709] 3 1
51317 a 1 [1,-1,1,-9,204] 3 1
51536 b 1 [0,1,0,-72,196] 3 1
51822 d 1 [1,-1,0,-279,1849] 3 1
51962 a 1 [1,-1,0,-31,73] 3 1
52013 a 1 [1,-1,1,-33,90] 3 1
52158 a 1 [1,1,0,-7,25] 3 1
52277 b 1 [0,1,1,-15,15] 3 1
52396 b 1 [0,-1,0,-532,4904] 3 1
53022 b 1 [1,1,0,-17,-15] 3 1
53083 a 1 [0,1,1,-20,30] 3 1
53122 a 1 [1,-1,0,47,-35] 3 1
53237 b 1 [0,1,1,-10,-10] 3 1
53238 e 1 [1,1,0,-22,40] 3 1
53461 b 1 [0,-1,1,-16,28] 3 1
53486 d 1 [1,-1,0,-344,2544] 3 1
53916 a 1 [0,-1,0,-45,126] 3 1
53926 e 1 [1,0,0,-92,784] 3 1
53957 b 1 [0,1,1,-50,120] 3 1
54489 b 1 [1,1,1,-205,56] 3 1
54512 b 1 [0,0,0,-91,346] 3 1
55064 b 1 [0,1,0,-19,30] 3 1
55783 e 1 [1,1,1,-475,3786] 3 1
55846 a 1 [1,-1,0,-154,784] 3 1
55935 g 1 [0,0,1,-273,2178] 3 1
56052 g 1 [0,0,0,-72,225] 3 1
56441 b 1 [1,1,1,-55,-144] 3 1
56982 a 1 [1,1,0,-11,81] 3 1
56982 b 1 [1,1,0,-382,2740] 3 1
58397 c 1 [1,0,0,-35,76] 3 1
58739 a 1 [0,0,1,-104,382] 3 1
58774 b 1 [1,-1,0,2,16] 3 1
58939 a 1 [0,1,1,9,9] 3 1
59111 a 1 [0,-1,1,0,42] 3 1
59450 i 1 [1,0,1,-131,558] 3 2
59450 i 2 [1,0,1,-231,-442] 3 2
59614 a 1 [1,0,1,-28,42] 3 1
59704 d 1 [0,-1,0,-4,68] 3 1
59936 b 1 [0,1,0,-145,639] 3 1
60055 b 1 [0,-1,1,-30,3306] 3 1
60128 a 1 [0,1,0,-2,16] 3 1
60215 b 1 [0,1,1,20,134] 3 1
60296 a 1 [0,-1,0,-24,-35] 3 1
60803 a 1 [0,1,1,-65,195] 3 1
60892 b 1 [0,0,0,-1039,12886] 3 1
61025 b 1 [0,0,1,-175,-594] 3 1
61075 a 1 [0,0,1,-475,3906] 3 1
61229 a 1 [0,0,1,53,1536] 3 1
61376 c 1 [0,1,0,-145,399] 3 2
61376 c 2 [0,1,0,415,3199] 3 2
61504 cg 1 [0,0,0,-124,496] 3 1
61598 c 1 [1,0,1,35,-120] 3 1
61651 a 1 [1,0,0,-12,19] 3 1
61672 b 1 [0,1,0,-92,304] 3 1
61805 c 1 [1,0,0,-71,226] 3 1
61826 a 1 [1,1,0,-161,709] 3 1
61839 b 1 [1,-1,1,-17,20] 3 1
61886 d 1 [1,1,0,-1591,27029] 3 1
61995 a 1 [0,-1,1,-26,32] 3 1
62078 c 1 [1,-1,1,-69,189] 3 1
62168 c 1 [0,1,0,-172,816] 3 1
62246 b 1 [1,0,0,-372,2704] 3 1
62282 a 1 [1,0,1,-30,-28] 3 1
62319 c 1 [1,0,0,-187,-166] 3 1
62546 a 1 [1,1,0,-71,229] 3 1
62576 b 1 [0,-1,0,-104,-272] 3 1
62592 c 1 [0,-1,0,-57,9] 3 1
62823 b 1 [0,-1,1,-22,42] 3 1
63002 h 1 [1,-1,0,-394,3124] 3 1
63213 b 1 [0,1,1,-90,20] 3 1
63298 c 1 [1,-1,1,-129,657] 3 1
63422 h 1 [1,-1,1,-279,1839] 3 1
63437 a 1 [1,-1,1,-93,30] 3 1
63447 a 1 [1,1,1,-2,20] 3 1
63472 g 1 [0,1,0,56,372] 3 1
63574 d 1 [1,-1,0,-91,361] 3 1
63789 c 1 [1,1,1,-1934,40592] 3 1
63936 o 1 [0,0,0,-84,416] 3 1
64018 h 1 [1,0,0,-362,1444] 3 1
64432 d 1 [0,1,0,-24,100] 3 1
64522 c 1 [1,0,0,55,1561] 3 1
64672 h 1 [0,1,0,-102,364] 3 1
64763 a 1 [0,0,1,-1,12] 3 1
64776 a 1 [0,-1,0,-97,421] 3 1
65122 e 1 [1,-1,1,-339,2547] 3 1
65283 c 1 [1,0,0,-370,2711] 3 1
65424 a 1 [0,-1,0,-120,576] 3 1
65428 d 1 [0,0,0,-16,1] 3 1
65481 c 1 [1,1,1,-234,1230] 3 2
65481 c 2 [1,1,1,111,4956] 3 2
65509 a 1 [0,-1,1,-347,2607] 3 1
65515 a 1 [1,0,0,-220,1275] 3 1
65563 a 1 [0,1,1,-85,275] 3 1
65710 b 1 [1,-1,0,-40,100] 3 1
66170 b 1 [1,-1,0,-100,436] 3 1
66387 a 1 [1,1,1,-112,410] 3 1
66531 a 1 [1,1,1,-604,5462] 3 1
66848 j 1 [0,0,0,-13,4] 3 1
66993 d 1 [0,1,1,-202,1042] 3 1
67037 b 1 [1,0,0,-65,196] 3 1
67042 a 1 [1,0,0,6,100] 3 1
67064 a 1 [0,-1,0,-3004,64388] 3 1
67119 a 1 [0,1,1,-510,4430] 3 1
67194 e 1 [1,-1,0,-81,81] 3 1
67244 a 1 [0,-1,0,-669,6889] 3 1
67302 f 1 [1,-1,0,-261,1381] 3 1
67418 a 1 [1,1,0,-124,464] 3 1
67484 b 1 [0,0,0,-1,25] 3 1
67520 z 1 [0,0,0,-532,5344] 3 1
67926 b 1 [1,1,0,-59,141] 3 1
68309 a 1 [0,0,1,-11,6] 3 1
68499 j 1 [0,0,1,-459,3800] 3 1
68594 b 1 [1,0,1,-13,72] 3 1
68672 c 1 [0,0,0,-988,12016] 3 1
68751 d 1 [1,-1,1,-104,-196] 3 1
68773 a 1 [0,-1,1,-296,2058] 3 1
68802 d 1 [1,0,1,-173,812] 3 1
68811 b 1 [0,1,1,-102,380] 3 1
68890 d 1 [1,0,1,22,156] 3 1
68890 d 2 [1,0,1,-1638,25388] 3 1
69158 c 1 [1,0,0,-582,5476] 3 1
69232 a 1 [0,0,0,29,130] 3 1
69309 c 1 [0,0,1,-57,-54] 3 1
69321 a 1 [0,-1,1,-182,992] 3 1
69359 a 1 [0,0,1,-377,2816] 3 1
69402 e 1 [1,1,0,-71,201] 3 1
69477 a 1 [1,1,1,-7,20] 3 1
69668 b 1 [0,1,0,-30,49] 3 1
69850 m 1 [1,-1,0,-142,616] 3 1
69966 t 1 [1,-1,0,-324,-896] 3 2
69966 t 2 [1,-1,0,-2664,52924] 3 2
70022 b 1 [1,-1,0,-517,-2603] 3 1
70363 a 1 [0,0,1,-1459,21450] 3 1
70397 b 1 [0,-1,1,-3418,78052] 3 1
70436 b 1 [0,1,0,-22,-39] 3 1
70449 a 1 [0,-1,1,82,1472] 3 1
70449 b 1 [0,-1,1,-40,132] 3 1
70535 a 1 [1,-1,1,-18,6] 3 1
70802 b 1 [1,1,0,-21,25] 3 1
71145 a 1 [0,0,1,-2793,56848] 3 1
71215 a 1 [1,1,1,10,30] 3 1
71234 a 1 [1,0,1,-301,1980] 3 1
71288 i 1 [0,0,0,-2119,34186] 3 1
71374 d 1 [1,1,0,-57,145] 3 1
71642 b 1 [1,-1,0,-58,-140] 3 1
71688 a 1 [0,-1,0,-65,261] 3 1
72091 a 1 [0,1,1,-2,12] 3 1
72098 a 1 [1,1,0,-329,2209] 3 1
72266 a 1 [1,-1,0,-13,1] 3 1
72379 a 1 [0,1,1,-6,12] 3 1
72382 a 1 [1,1,0,-64,176] 3 1
72410 a 1 [1,-1,0,-130,676] 3 1
72471 b 1 [0,-1,1,-212,1070] 3 1
72578 a 1 [1,-1,0,-286,1936] 3 1
72683 a 1 [1,1,1,19,42] 3 1
72701 a 1 [1,1,1,-2,12] 3 1
72751 b 1 [0,1,1,-420,3180] 3 1
73132 a 1 [0,1,0,-421,3111] 3 1
73136 b 1 [0,1,0,-112,564] 3 1
73334 a 1 [1,0,1,-18,32] 3 1
73397 c 1 [0,1,1,-24,36] 3 1
73401 a 1 [0,-1,1,-4,24] 3 1
73434 b 1 [1,1,0,-19,1] 3 1
73931 a 1 [0,-1,1,-2042,36222] 3 1
74015 a 1 [0,-1,1,84,72] 3 1
74174 a 1 [1,0,1,-83,282] 3 1
74179 b 1 [0,0,1,-97,276] 3 1
74216 a 1 [0,0,0,-76,244] 3 1
74350 c 1 [1,0,1,-51,98] 3 1
74434 a 1 [1,1,0,8,20] 3 1
74451 a 1 [0,-1,1,-92,362] 3 1
74560 p 1 [0,0,0,-508,4432] 3 1
74639 b 1 [1,1,1,-121,462] 3 1
74864 b 1 [0,1,0,-400,2964] 3 1
74921 g 1 [0,-1,1,-604,-596] 3 1
74999 a 1 [0,-1,1,15,72] 3 1
75159 h 1 [1,-1,1,-149,474] 3 1
75692 a 1 [0,0,0,8,25] 3 1
75729 a 1 [0,-1,1,-270,1802] 3 1
75765 c 1 [0,-1,1,-66,236] 3 1
75772 a 1 [0,0,0,-14872,698020] 3 1
75781 a 1 [0,0,1,-13,12] 3 1
76074 b 1 [1,0,1,-163,602] 3 1
76119 a 1 [0,-1,1,-50,152] 3 1
76136 c 1 [0,-1,0,-44,100] 3 1
76338 h 1 [1,-1,0,-51,233] 3 1
76358 e 1 [1,-1,1,-159,519] 3 1
76599 a 1 [1,-1,1,-104,434] 3 1
76626 e 1 [1,-1,0,-429,3509] 3 1
76644 c 1 [0,0,0,-192,1105] 3 1
76784 h 1 [0,-1,0,64,64] 3 1
76784 i 1 [0,0,0,-1579,24154] 3 1
76962 e 1 [1,0,1,-628,6062] 3 1
77063 a 1 [0,0,1,-104,-175] 3 1
77336 d 1 [0,1,0,-140,784] 3 1
77346 a 1 [1,-1,0,-276,1836] 3 1
77346 d 1 [1,-1,0,99,1093] 3 1
77496 f 1 [0,1,0,-660,6624] 3 1
77555 d 1 [1,1,1,-100,342] 3 1
77709 a 1 [1,1,1,-20,-34] 3 1
77725 c 1 [1,0,0,-838,9417] 3 1
77790 a 1 [1,1,0,-18,72] 3 1
78185 b 1 [1,0,0,-1,30] 3 1
78242 a 1 [1,-1,0,-3016,64516] 3 1
78287 b 1 [1,1,1,-74,210] 3 1
78344 a 1 [0,1,0,-12,49] 3 1
78361 a 1 [1,-1,1,-27,90] 3 1
78830 a 1 [1,0,1,-274,1716] 3 1
78923 b 1 [0,0,1,-676,7140] 3 1
79077 f 1 [0,1,1,-214,436] 3 1
79110 c 1 [1,-1,0,-135,625] 3 1
79198 d 1 [1,0,1,-60,110] 3 1
79317 b 1 [0,0,1,-129,1120] 3 1
79555 a 1 [1,0,0,-361,2610] 3 1
79675 b 1 [1,0,0,12,67] 3 1
79934 b 1 [1,1,0,-59,169] 3 1
80212 b 1 [0,-1,0,-30,121] 3 1
80222 a 1 [1,-1,0,-16,-12] 3 1
80256 a 1 [0,-1,0,-835,9571] 3 2
80256 a 2 [0,-1,0,-825,9801] 3 2
80351 d 1 [1,-1,1,51,204] 3 1
80559 b 1 [1,-1,1,-86,240] 3 1
80615 d 1 [0,1,1,-2620,50624] 3 1
80674 a 1 [1,1,0,-10697,420565] 3 1
80721 b 1 [1,-1,1,-113,618] 3 1
80913 a 1 [0,-1,1,-140,512] 3 1
80965 a 1 [0,0,1,-13,-12] 3 1
81063 c 1 [0,0,1,-111,396] 3 1
81162 c 1 [1,-1,0,-96,368] 3 1
81234 h 1 [1,-1,0,-198,1080] 3 1
81328 c 1 [0,1,0,96,196] 3 2
81328 c 2 [0,1,0,-424,1236] 3 2
81494 a 1 [1,1,0,-254,-716] 3 1
81524 c 1 [0,-1,0,-517,4694] 3 1
81939 e 1 [0,-1,1,-280,2172] 3 1
82093 a 1 [1,1,1,-45,106] 3 1
82146 a 1 [1,1,0,-2169,37989] 3 1
82174 c 1 [1,0,0,-1705,26841] 3 1
82288 q 1 [0,0,0,-419,6306] 3 1
82296 i 1 [0,0,0,-207,1170] 3 1
82480 a 1 [0,1,0,-136,660] 3 1
82538 a 1 [1,1,0,-18,16] 3 1
82539 e 1 [1,-1,1,-11,46] 3 1
82547 b 1 [0,0,1,-1267,17346] 3 1
82701 f 1 [0,0,1,-1809,29612] 3 1
82763 a 1 [0,-1,1,-10,22] 3 1
82808 c 1 [0,1,0,28,64] 3 1
83016 f 1 [0,0,0,-39,1226] 3 1
83105 a 1 [1,0,0,-3031,64086] 3 1
83111 c 1 [1,1,1,-42,670] 3 1
83262 a 1 [1,1,0,-21,9] 3 1
83350 a 1 [1,1,0,-400,2000] 3 1
83582 g 1 [1,-1,0,430,1992] 3 1
83718 d 1 [1,-1,0,-216,1156] 3 1
83798 c 1 [1,-1,1,-972,12495] 3 1
83806 a 1 [1,0,1,-52,114] 3 1
83876 a 1 [0,1,0,-125,319] 3 1
83928 b 1 [0,-1,0,-577,5509] 3 1
84176 a 1 [0,0,0,-59,-134] 3 1
84341 a 1 [1,1,1,-58,132] 3 1
84470 b 1 [1,0,1,-48,506] 3 1
84534 a 1 [1,1,0,-301,1885] 3 2
84534 a 2 [1,1,0,-421,85] 3 2
84650 g 1 [1,-1,0,-67,-59] 3 1
84746 a 1 [1,0,0,-1260,17296] 3 1
85174 a 1 [1,0,1,-56,6] 3 1
85222 a 1 [1,0,1,-40,90] 3 1
85295 a 1 [1,0,0,-81,286] 3 1
85318 e 1 [1,-1,1,-282,345] 3 1
85863 a 1 [0,-1,1,-232,1440] 3 1
85970 a 1 [1,0,1,-164,786] 3 1
86007 a 1 [1,1,1,-82,242] 3 1
86321 a 1 [1,0,0,-36,79] 3 1
86487 a 1 [0,-1,1,-198,2774] 3 1
86534 e 1 [1,0,1,-110,480] 3 1
86611 a 1 [0,0,1,-157,756] 3 1
86786 a 1 [1,0,1,-45,152] 3 1
86802 i 1 [1,1,0,-1334,19044] 3 1
86895 f 1 [0,0,1,-63,344] 3 1
86903 b 1 [0,1,1,115,-390] 3 1
87116 c 1 [0,1,0,-174,841] 3 1
87130 a 1 [1,-1,0,-25,25] 3 1
87194 a 1 [1,0,1,-37,84] 3 1
87228 c 1 [0,0,0,-57,785] 3 1
87289 b 1 [1,1,1,-132,-20] 3 1
87336 g 1 [0,0,0,-399,3314] 3 1
87398 b 1 [1,0,1,3,20] 3 1
87634 a 1 [1,0,1,-4358,110352] 3 1
87763 b 1 [1,-1,1,-588,-4872] 3 1
87837 a 1 [0,-1,1,-7172,236912] 3 1
87855 a 1 [1,1,1,-141,588] 3 1
87866 a 1 [1,-1,0,22,4] 3 1
87914 e 1 [1,0,0,5,81] 3 1
88022 a 1 [1,1,0,-534,4564] 3 1
88024 a 1 [0,0,0,14,1] 3 1
88208 c 1 [0,1,0,-17448,881332] 3 1
88264 h 1 [0,0,0,-199,1546] 3 1
88337 a 1 [1,0,0,-15,16] 3 1
88362 e 1 [1,-1,0,-108,324] 3 1
88460 a 1 [0,1,0,-310,2025] 3 1
88492 a 1 [0,1,0,-49,120] 3 1
88502 f 1 [1,0,1,-838,9252] 3 2
88502 f 2 [1,0,1,-1028,4692] 3 2
88582 e 1 [1,1,0,-766,7904] 3 1
88705 c 1 [1,-1,1,-597,20946] 3 1
88754 a 1 [1,-1,0,-10,11412] 3 1
88765 d 1 [1,-1,1,18,6] 3 1
88883 a 1 [1,-1,1,0,14] 3 1
88975 c 1 [0,-1,1,-3,33] 3 1
89098 a 1 [1,1,0,-83,301] 3 1
89294 a 1 [1,-1,1,-84,567] 3 1
89421 b 1 [1,1,1,-1198,15164] 3 1
89428 b 1 [0,1,0,47,240] 3 1
89475 a 1 [1,1,1,37,1406] 3 1
89574 a 1 [1,1,0,-31,85] 3 1
89576 d 1 [0,-1,0,-15,16] 3 1
89687 a 1 [1,0,0,-14,13] 3 1
89738 b 1 [1,-1,0,-31,61] 3 1
89992 a 1 [0,0,0,-31,226] 3 1
90297 b 1 [0,0,1,-114,412] 3 1
90312 i 1 [0,1,0,-620,6864] 3 1
90459 o 1 [0,0,1,-1587,72076] 3 1
90568 e 1 [0,1,0,-36,-32] 3 1
90644 b 1 [0,0,0,56,1] 3 1
90704 c 1 [0,1,0,-77,-281] 3 1
90840 a 1 [0,-1,0,-121,445] 3 1
90935 a 1 [0,1,1,34,426] 3 1
90953 a 1 [1,-1,1,-261,-5418] 3 1
91031 c 1 [0,1,1,-9210,271050] 3 1
91055 a 1 [0,1,1,-46,110] 3 1
91248 s 1 [0,-1,0,-112,256] 3 1
91270 c 1 [1,0,1,-173,1428] 3 1
91341 d 1 [0,0,1,-129,562] 3 1
91388 b 1 [0,1,0,54,793] 3 1
91506 a 1 [1,1,0,-481,3865] 3 1
91607 a 1 [1,0,0,-19,-30] 3 1
91744 d 1 [0,1,0,-1281,17263] 3 1
91775 c 1 [0,1,1,-38,84] 3 1
91958 a 1 [1,1,0,-69,-179] 3 1
91963 a 1 [0,0,1,-11,20] 3 1
91985 b 1 [0,0,1,-367,2580] 3 1
92096 d 1 [0,-1,0,-41,169] 3 1
92144 a 1 [0,1,0,-1056,12916] 3 1
92437 a 1 [0,-1,1,-24,-36] 3 1
92437 b 1 [0,-1,1,-2158,38530] 3 1
92480 bb 1 [0,1,0,-521,4279] 3 2
92480 bb 2 [0,1,0,159,15295] 3 2
92553 b 1 [1,1,1,-22,-40] 3 1
92601 a 1 [0,0,1,33,216] 3 1
92651 a 1 [0,-1,1,-14,30] 3 1
92869 d 1 [0,-1,1,-574,5440] 3 1
93087 a 1 [0,0,1,-18,-15] 3 1
93376 c 1 [0,1,0,-129,415] 3 1
93508 b 1 [0,0,0,-61,181] 3 1
93545 e 1 [0,0,1,-67,132] 3 1
93783 a 1 [1,0,0,-6002,180009] 3 1
93814 a 1 [1,1,0,-196,980] 3 1
93904 a 1 [0,1,0,-104,340] 3 1
94064 a 1 [0,0,0,-187,970] 3 1
94259 d 1 [0,-1,1,-46262,3848910] 3 1
94281 b 1 [0,-1,1,-154,3234] 3 1
94659 a 1 [0,-1,1,-63,380] 3 1
94715 b 1 [0,0,1,-268,-1527] 3 1
94739 a 1 [1,0,1,-4530,116957] 3 1
95134 d 1 [1,0,0,-4145,105961] 3 1
95227 g 1 [1,1,1,-184,870] 3 1
95323 b 1 [1,-1,1,-532,4600] 3 1
95887 b 1 [0,1,1,-100,350] 3 1
95954 c 1 [1,1,0,-190,932] 3 1
96153 a 1 [1,1,1,-172,800] 3 1
96163 a 1 [0,-1,1,-274,1666] 3 1
96266 d 1 [1,0,0,-145,681] 3 1
96376 b 1 [0,0,0,-367,2770] 3 1
96466 b 1 [1,0,1,-12,20] 3 1
96544 a 1 [0,-1,0,-362,2776] 3 1
96873 a 1 [1,1,1,-1422,20040] 3 1
96937 a 1 [1,1,1,-170,996] 3 1
97111 a 1 [1,-1,1,-541,4982] 3 1
97345 d 1 [1,-1,1,-927,10926] 3 1
97389 a 1 [0,0,1,-93,342] 3 1
97408 a 1 [0,0,0,-52,-80] 3 1
97423 a 1 [1,0,0,-4,15] 3 1
97506 a 1 [1,-1,0,-51,133] 3 1
97543 a 1 [1,1,1,-23,30] 3 1
97668 f 1 [0,0,0,-117,405] 3 1
97782 a 1 [1,1,0,2,484] 3 1
97811 a 1 [1,-1,1,-963,11748] 3 1
97834 c 1 [1,1,0,-4912,130880] 3 1
97877 a 1 [1,-1,1,-54,174] 3 1
98081 a 1 [1,-1,1,-129,594] 3 1
98231 a 1 [1,-1,1,1080,420] 3 1
98597 a 1 [0,1,1,-255,1485] 3 1
98730 d 1 [1,-1,0,-240,1556] 3 1
98841 c 1 [0,1,1,-114,488] 3 1
98891 a 1 [1,-1,1,6,12] 3 1
99153 b 1 [1,-1,1,67,-120] 3 1
99248 d 1 [0,0,0,8,60] 3 1
99326 a 1 [1,-1,1,-174,957] 3 1
99378 d 1 [1,-1,0,-153,841] 3 1
99572 b 1 [0,1,0,-2606,50353] 3 1
99776 q 1 [0,-1,0,-121,569] 3 1
99966 a 1 [1,1,0,-186,900] 3 1
99968 j 1 [0,0,0,-196,976] 3 1
100134 e 1 [1,-1,0,-21,1] 3 1
100143 b 1 [1,-1,1,-110,190] 3 1
100209 a 1 [0,1,1,-520,4450] 3 1
100269 c 1 [0,0,1,-69,240] 3 1
100336 a 1 [0,-1,0,-184,1040] 3 1
100480 f 1 [0,1,0,-91,309] 3 1
100494 a 1 [1,-1,0,-234,1444] 3 1
100496 a 1 [0,0,0,-67,610] 3 1
100528 l 1 [0,1,0,0,244] 3 1
100720 d 1 [0,-1,0,-4741,127241] 3 1
100794 a 1 [1,1,0,-6,84] 3 1
100794 i 1 [1,0,1,-1343,18902] 3 1
100886 a 1 [1,-1,0,-58,184] 3 1
100910 a 1 [1,-1,0,-10,100] 3 1
100912 t 1 [0,1,0,-560,-2156] 3 2
100912 t 2 [0,1,0,-4800,125044] 3 2
100915 a 1 [1,1,1,-51,118] 3 1
100955 d 1 [0,0,1,-247,1542] 3 1
100972 a 1 [0,1,0,-29,127] 3 1
100990 a 1 [1,1,0,-138,568] 3 1
100990 f 1 [1,-1,1,-948,11031] 3 1
101066 e 1 [1,0,0,-322,2244] 3 1
101106 b 1 [1,-1,0,-1101,14373] 3 1
101144 b 1 [0,1,0,31,67] 3 1
101235 c 1 [0,-1,1,-786,8192] 3 1
101403 l 1 [0,0,1,-117,506] 3 1
101482 a 1 [1,1,0,-16,14] 3 1
101507 e 1 [0,1,1,-22,-10] 3 1
101536 d 1 [0,1,0,-670,6444] 3 1
101540 a 1 [0,-1,0,-261,961] 3 1
101559 d 1 [0,1,1,-224,1196] 3 1
101646 j 1 [1,-1,1,-1427,19635] 3 1
101655 f 1 [0,0,1,-63,218] 3 1
101682 h 1 [1,-1,0,-684,7164] 3 1
101726 b 1 [1,-1,0,-73,-131] 3 1
102104 a 1 [0,1,0,1,22] 3 1
102126 a 1 [1,1,0,16,36] 3 1
102272 b 1 [0,1,0,-255,289] 3 2
102272 b 2 [0,1,0,-3145,66759] 3 2
102289 b 1 [0,1,1,-550,4790] 3 1
102307 a 1 [0,0,1,-83,-150] 3 1
102311 a 1 [0,-1,1,-219,1395] 3 1
102385 a 1 [0,1,1,-26,30] 3 1
102454 a 1 [1,0,1,-147,674] 3 1
102512 a 1 [0,1,0,-2240,40084] 3 1
102743 c 1 [1,-1,1,-15,30] 3 1
102914 a 1 [1,0,1,-25,72] 3 1
102926 c 1 [1,0,0,-157,561] 3 1
102948 b 1 [0,-1,0,-17,66] 3 1
102969 b 1 [0,0,1,-3864,92497] 3 1
103156 e 1 [0,-1,0,-7770,231361] 3 1
103370 c 1 [1,-1,0,-79,385] 3 1
103525 c 1 [1,0,0,-433,3432] 3 2
103525 c 2 [1,0,0,-458,3007] 3 2
103779 b 1 [0,0,1,-129,702] 3 1
103794 a 1 [1,1,0,-38,36] 3 1
103844 b 1 [0,1,0,-122,289] 3 1
103865 a 1 [1,0,0,-6050,180625] 3 1
104014 a 1 [1,0,1,8,30] 3 1
104014 b 1 [1,0,0,-2819,57409] 3 1
104019 a 1 [0,1,1,-64,442] 3 1
104081 c 1 [0,-1,1,-3074,59136] 3 1
104216 b 1 [0,0,0,-964,-1724] 3 1
104219 a 1 [1,1,0,-1808,28849] 3 1
104384 d 1 [0,1,0,-329,2167] 3 2
104384 d 2 [0,1,0,-609,-2369] 3 2
104386 b 1 [1,-1,0,-988,12204] 3 1
104434 c 1 [1,0,1,-8158,407892] 3 1
104484 c 1 [0,1,0,-65,504] 3 1
104491 a 1 [1,-1,1,-724,7674] 3 1
104646 c 1 [1,1,0,80,256] 3 1
104646 d 1 [1,0,1,-218,1352] 3 1
104684 a 1 [0,-1,0,43,49] 3 1
104734 f 1 [1,-1,1,-4062,98925] 3 1
104865 a 1 [0,-1,1,-360,2756] 3 1
104890 e 1 [1,-1,0,-8305,293725] 3 1
104907 f 1 [0,-1,1,-62,230] 3 1
105136 b 1 [0,1,0,-364,2556] 3 1
105184 c 1 [0,1,0,-65,79] 3 1
105190 a 1 [1,0,1,156,1442] 3 1
105314 e 1 [1,0,0,153,6601] 3 1
105376 b 1 [0,-1,0,-97,1169] 3 1
105536 c 1 [0,1,0,-2209,39231] 3 2
105536 c 2 [0,1,0,-2369,33055] 3 2
105558 f 1 [1,0,1,-313,1832] 3 2
105558 f 2 [1,0,1,497,9932] 3 2
105643 b 1 [0,0,1,-41,102] 3 1
105883 a 1 [0,1,1,-539,4641] 3 1
105915 a 1 [1,1,1,-911,10208] 3 1
105965 b 1 [0,1,1,-190,944] 3 1
106037 b 1 [0,1,1,-98,342] 3 1
106110 c 1 [1,-1,0,-60,116] 3 1
106164 e 1 [0,0,0,-84,281] 3 1
106244 a 1 [0,-1,0,-44,184] 3 1
106276 b 1 [0,-1,0,-54,169] 3 1
106309 a 1 [0,0,1,-19,-28] 3 1
106361 a 1 [1,1,1,-47,132] 3 1
106449 b 1 [1,1,1,-21,72] 3 1
106497 b 1 [1,-1,1,-29,72] 3 1
106509 a 1 [0,-1,1,168,-340] 3 1
106749 b 1 [0,0,1,-27,156] 3 1
106757 a 1 [0,1,1,-680,-7038] 3 1
106894 h 1 [1,0,0,-6400,197376] 3 1
107080 c 1 [0,0,0,-247,1114] 3 1
107199 f 1 [1,-1,1,-2516,37442] 3 1
107349 b 1 [1,1,1,-90,96] 3 1
107350 i 1 [1,-1,0,-592,5716] 3 1
107521 b 1 [1,0,0,-122,589] 3 1
107732 b 1 [0,-1,0,-212,1096] 3 1
107776 k 1 [0,1,0,-219,1177] 3 1
107776 l 1 [0,1,0,-15,-11] 3 1
107854 a 1 [1,0,1,-81,-220] 3 1
108071 b 1 [0,1,1,-54,-102] 3 1
108258 h 1 [1,1,1,-302,875] 3 1
108302 a 1 [1,-1,0,-88,340] 3 1
108320 b 1 [0,-1,0,-1,401] 3 1
108341 a 1 [0,0,1,-31,12] 3 1
108343 a 1 [1,0,0,-5,16] 3 1
108546 e 1 [1,1,1,-335,2261] 3 1
108694 b 1 [1,0,1,-618,5852] 3 1
108701 a 1 [0,1,1,-30,138] 3 1
108708 b 1 [0,-1,0,3,54] 3 1
108737 b 1 [0,-1,1,11,64] 3 1
108762 b 1 [1,1,0,34,36] 3 1
108779 b 1 [0,0,1,-3146,67911] 3 1
108813 d 1 [0,-1,1,1518,1190] 3 1
108914 a 1 [1,-1,0,-2446,48016] 3 1
108977 b 1 [1,-1,1,-27,0] 3 1
109024 a 1 [0,-1,0,10,16] 3 1
109115 c 1 [0,-1,1,-41,117] 3 1
109172 b 1 [0,-1,0,-37,134] 3 1
109304 a 1 [0,1,0,-81,403] 3 1
109330 k 1 [1,0,1,-4948,133506] 3 2
109330 k 2 [1,0,1,-5528,100098] 3 2
109366 a 1 [1,-1,1,-597,5805] 3 1
109439 a 1 [1,0,0,-12,1] 3 1
109470 g 1 [1,1,0,-767,7569] 3 2
109470 g 2 [1,1,0,-2017,-25181] 3 2
109495 d 1 [1,-1,1,-4842,130866] 3 1
109528 a 1 [0,0,0,-196,1060] 3 1
109542 e 1 [1,0,1,-103,182] 3 1
109600 c 1 [0,1,0,-33,10063] 3 1
109600 i 1 [0,1,0,-1073,13183] 3 1
109612 b 1 [0,1,0,-65,184] 3 1
109687 b 1 [1,0,0,930,35161] 3 1
109840 h 1 [0,1,0,-296,1780] 3 1
109926 b 1 [1,-1,0,-483,4229] 3 1
109968 r 1 [0,-1,0,24,432] 3 1
109975 a 1 [0,1,1,-118,434] 3 1
110085 a 1 [0,-1,1,-16,72] 3 1
110095 a 1 [0,0,1,-43,114] 3 1
110104 a 1 [0,0,0,-316,2164] 3 1
110118 c 1 [1,0,1,-53,272] 3 1
110120 d 1 [0,0,0,-487,3466] 3 1
110121 c 1 [0,-1,1,-10521,391610] 3 1
110162 h 1 [1,-1,0,-1438,-9644] 3 1
110210 a 1 [1,-1,0,755,-2075] 3 1
110228 a 1 [0,1,0,-116,676] 3 1
110318 b 1 [1,0,1,32,42] 3 1
110343 c 1 [1,0,0,-45,1296] 3 1
110383 e 1 [0,-1,1,-2730,55812] 3 1
110482 a 1 [1,-1,0,-25,109] 3 1
110499 a 1 [0,1,1,-112,592] 3 1
110517 a 1 [0,-1,1,-110,272] 3 1
110528 a 1 [0,-1,0,-49,305] 3 1
110528 u 1 [0,0,0,-11452,472720] 3 1
110606 a 1 [1,0,1,-122,444] 3 1
110666 c 1 [1,0,0,-109,465] 3 1
110725 c 1 [0,-1,1,-108,-132] 3 1
110976 h 1 [0,-1,0,-79,583] 3 2
110976 h 2 [0,-1,0,-1609,25369] 3 2
110988 b 1 [0,0,0,-336,4196] 3 1
111201 a 1 [1,1,1,-10,26] 3 1
111226 b 1 [1,0,1,-232,1266] 3 1
111272 b 1 [0,1,0,-705,6979] 3 1
111433 c 1 [1,0,0,-182,931] 3 1
111472 b 1 [0,1,0,-120,484] 3 1
111488 f 1 [0,-1,0,-2137,41129] 3 1
111566 a 1 [1,-1,0,-1783,-851] 3 1
111708 c 1 [0,0,0,-2109,37181] 3 1
111715 a 1 [1,0,0,-110,397] 3 1
111879 b 1 [0,0,1,-27,46] 3 1
111879 d 1 [0,0,1,-1326,-16880] 3 1
111941 a 1 [0,1,1,-16,14] 3 1
111941 d 1 [0,0,1,-15809,677310] 3 1
111989 a 1 [0,1,1,-12,0] 3 1
112028 e 1 [0,1,0,-42,49] 3 1
112405 a 1 [1,-1,1,-24543,1486032] 3 1
112576 d 1 [0,1,0,-41,151] 3 1
112607 a 1 [0,1,1,166,546] 3 1
112654 c 1 [1,1,0,-149,289] 3 1
112771 a 1 [1,-1,1,-33,78] 3 1
112776 d 1 [0,-1,0,-412,3364] 3 1
112966 a 1 [1,0,1,-484,4050] 3 1
113032 d 1 [0,1,0,-52,96] 3 1
113072 b 1 [0,0,0,-659,6514] 3 1
113106 b 1 [1,1,0,-129,441] 3 1
113114 a 1 [1,0,1,-285,1820] 3 1
113131 a 1 [0,0,1,-29,62] 3 1
113386 h 1 [1,-1,0,-3586,83656] 3 1
113592 a 1 [0,1,0,-345,1899] 3 1
113594 f 1 [1,0,0,-1270,13476] 3 2
113594 f 2 [1,0,0,2890,84196] 3 2
113631 e 1 [0,-1,1,-72,272] 3 1
113632 f 1 [0,-1,0,911,78593] 3 1
113706 i 1 [1,-1,1,-902,12565] 3 1
113749 a 1 [0,-1,1,-12,0] 3 1
113839 e 1 [0,0,1,-11911,500346] 3 1
113946 b 1 [1,1,0,-42,0] 3 2
113946 b 2 [1,1,0,168,210] 3 2
114235 d 1 [0,0,1,-313,1668] 3 1
114236 a 1 [0,0,0,-71,190] 3 1
114336 n 1 [0,0,0,-444,2176] 3 1
114368 e 1 [0,1,0,-593,5359] 3 1
114399 c 1 [0,0,1,-129,522] 3 1
114433 a 1 [0,-1,1,22,30] 3 1
114477 b 1 [1,1,1,-67,1022] 3 1
114501 a 1 [1,1,1,-60,156] 3 1
114537 c 1 [0,-1,1,-62,212] 3 1
114560 s 1 [0,1,0,-41,295] 3 1
114801 a 1 [0,-1,1,-426,3548] 3 1
114829 a 1 [0,-1,1,213,-1233] 3 1
114865 a 1 [0,0,1,-23,-22] 3 1
114928 h 1 [0,1,0,-1336,18516] 3 1
114950 d 1 [1,0,1,-476,1098] 3 2
114950 d 2 [1,0,1,-5976,177098] 3 2
115021 a 1 [1,0,0,-52,141] 3 1
115082 a 1 [1,-1,0,-208,1180] 3 1
115134 b 1 [1,1,0,-26,120] 3 1
115184 d 1 [0,-1,0,48,16] 3 1
115370 f 1 [1,0,0,-166,996] 3 1
115461 c 1 [0,0,1,-174,765] 3 1
115497 d 1 [0,0,1,294,-1224] 3 1
115497 g 1 [1,-1,1,40,420] 3 1
115640 m 1 [0,0,0,-343,2842] 3 1
115702 b 1 [1,0,1,-192,-550] 3 2
115702 b 2 [1,0,1,638,-3870] 3 2
115729 b 1 [0,1,1,3,72] 3 1
115736 a 1 [0,0,0,-292,580] 3 1
115774 b 1 [1,0,1,-38,72] 3 1
115775 d 1 [1,0,0,-1188,15367] 3 2
115775 d 2 [1,0,0,-2563,-27258] 3 2
115908 b 1 [0,-1,0,10,201] 3 1
115958 a 1 [1,-1,0,-139,-251] 3 1
116053 c 1 [0,0,1,-76,-228] 3 1
116098 c 1 [1,0,1,-63,-190] 3 1
116121 b 1 [0,1,1,-80,350] 3 1
116197 b 1 [0,-1,1,-30,72] 3 1
116206 d 1 [1,-1,1,-534,4389] 3 1
116210 a 1 [1,0,1,-673,6756] 3 1
116217 b 1 [0,0,1,-9,30] 3 1
116217 d 1 [0,0,1,2106,-11348] 3 1
116332 b 1 [0,-1,0,-101,-98] 3 1
116406 d 1 [1,-1,0,-276,1888] 3 1
116529 d 1 [0,-1,1,-602,6602] 3 1
116628 a 1 [0,-1,0,-309,2193] 3 1
116697 a 1 [0,-1,1,-2219,40976] 3 1
116794 b 1 [1,0,0,-254,1348] 3 1
116973 d 1 [0,0,1,-111,72] 3 1
116984 f 1 [0,0,0,-559,4786] 3 1
117051 a 1 [0,-1,1,-1545,23897] 3 1
117158 a 1 [1,-1,0,-25,49] 3 1
117242 a 1 [1,-1,0,-1141,-13439] 3 1
117438 i 1 [1,1,0,-804,18756] 3 1
117516 a 1 [0,-1,0,-1062,13689] 3 1
117616 b 1 [0,1,0,-776,8068] 3 1
117648 bh 1 [0,0,0,-2307,42050] 3 2
117648 bh 2 [0,0,0,-147,117650] 3 2
117818 b 1 [1,0,0,-144,640] 3 1
117848 a 1 [0,1,0,-9,91] 3 1
118023 b 1 [0,1,1,-82,100] 3 1
118158 e 1 [1,1,1,-332,4205] 3 1
118197 b 1 [1,-1,1,-842,9690] 3 1
118336 bj 1 [0,-1,0,-57,121] 3 1
118439 a 1 [1,-1,1,-7,70] 3 1
118502 a 1 [1,0,1,-15,50] 3 1
118547 b 1 [1,0,0,-2444,34645] 3 1
118622 b 1 [1,-1,0,-1426,18196] 3 1
118728 f 1 [0,0,0,-3684,86276] 3 1
118761 b 1 [0,-1,1,-70,252] 3 1
118764 f 1 [0,0,0,-144,729] 3 1
118848 w 1 [0,-1,0,-449,3873] 3 1
118866 k 1 [1,1,1,-435,1521] 3 1
119252 d 1 [0,1,0,-1629,22060] 3 1
119416 d 1 [0,-1,0,-3052,193316] 3 1
119481 a 1 [0,1,1,-270,1640] 3 1
119555 b 1 [1,1,1,-26,24] 3 1
119689 b 1 [1,1,1,-27,40] 3 1
119740 b 1 [0,0,0,-148,697] 3 1
119744 i 1 [0,1,0,-7489,246975] 3 1
119744 j 1 [0,1,0,95,159] 3 1
119822 a 1 [1,0,1,-144,650] 3 1
119859 b 1 [0,1,1,-212,1202] 3 1
119888 a 1 [0,0,0,-8699,252426] 3 1
