#6
6x13
12 1 1 1 1 1 2 1 1 2 1 1 2 
4 1 2 1 2 0 0 0 0 0 0 0 0 
8 1 1 1 1 2 1 2 1 0 0 0 0 
8 1 1 1 2 1 2 1 1 0 0 0 0 
8 1 1 1 1 1 2 2 1 0 0 0 0 
1 72 0 0 0 0 0 0 0 0 0 0 0
6x9
3 1 1 1 0 0 0 0 0 
4 1 2 1 2 0 0 0 0 
8 1 1 1 1 2 1 2 1 
8 1 1 1 2 1 2 1 1 
8 1 1 1 1 1 2 2 1 
1 72 0 0 0 0 0 0 0
6x10
9 1 1 2 1 1 2 1 1 2 
4 1 2 1 2 0 0 0 0 0 
8 1 1 1 1 2 1 2 1 0 
8 1 1 1 2 1 2 1 1 0 
8 1 1 1 1 1 2 2 1 0 
1 72 0 0 0 0 0 0 0 0
6x13
12 1 1 1 1 1 2 1 1 2 1 1 2 
3 1 1 1 0 0 0 0 0 0 0 0 0 
8 1 1 1 1 2 1 2 1 0 0 0 0 
8 1 1 1 2 1 2 1 1 0 0 0 0 
8 1 1 1 1 1 2 2 1 0 0 0 0 
1 48 0 0 0 0 0 0 0 0 0 0 0
5x13
12 1 1 1 1 1 2 1 1 2 1 1 2 
3 1 1 1 0 0 0 0 0 0 0 0 0 
4 1 2 1 2 0 0 0 0 0 0 0 0 
8 1 1 1 1 1 2 2 1 0 0 0 0 
4 36 0 0 0 0 0 0 0 0 0 0 0
6x13
12 1 1 1 1 1 2 1 1 2 1 1 2 
3 1 1 1 0 0 0 0 0 0 0 0 0 
4 1 2 1 2 0 0 0 0 0 0 0 0 
8 1 1 1 1 2 1 2 1 0 0 0 0 
8 1 1 1 2 1 2 1 1 0 0 0 0 
3 48 0 0 0 0 0 0 0 0 0 0 0
