#4
8x13
6 1 2 1 1 2 1 0 0 0 0 0 0 
8 2 2 2 2 1 1 2 2 0 0 0 0 
8 2 2 1 2 2 2 1 2 0 0 0 0 
9 1 1 2 2 2 2 1 2 2 0 0 0 
10 1 1 2 1 2 2 2 2 1 2 0 0 
11 1 1 2 1 2 2 2 1 2 2 1 0 
12 1 1 2 1 1 2 2 2 1 2 1 2 
1 288 0 0 0 0 0 0 0 0 0 0 0
8x13
6 2 2 1 2 1 1 0 0 0 0 0 0 
8 2 2 2 2 1 1 2 2 0 0 0 0 
8 2 2 1 2 2 2 1 2 0 0 0 0 
9 1 1 2 2 2 2 1 2 2 0 0 0 
10 1 1 2 1 2 2 2 2 1 2 0 0 
11 1 1 2 1 2 2 2 1 2 2 1 0 
12 1 1 2 1 1 2 2 2 1 2 1 2 
1 192 0 0 0 0 0 0 0 0 0 0 0
8x13
6 2 2 1 2 1 1 0 0 0 0 0 0 
6 1 2 1 1 2 1 0 0 0 0 0 0 
8 2 2 1 2 2 2 1 2 0 0 0 0 
9 1 1 2 2 2 2 1 2 2 0 0 0 
10 1 1 2 1 2 2 2 2 1 2 0 0 
11 1 1 2 1 2 2 2 1 2 2 1 0 
12 1 1 2 1 1 2 2 2 1 2 1 2 
3 192 0 0 0 0 0 0 0 0 0 0 0
5x13
6 2 2 1 2 1 1 0 0 0 0 0 0 
6 1 2 1 1 2 1 0 0 0 0 0 0 
8 2 2 2 2 1 1 2 2 0 0 0 0 
12 1 1 2 1 1 2 2 2 1 2 1 2 
16 36 0 0 0 0 0 0 0 0 0 0 0
