#4
4x11
6 1 2 1 2 2 2 0 0 0 0 
7 1 2 1 2 2 1 2 0 0 0 
10 2 1 2 1 2 2 1 2 2 1 
10 12 0 0 0 0 0 0 0 0 0
4x10
8 2 2 2 1 2 1 2 2 0 
9 2 2 1 2 1 2 2 2 2 
9 2 1 2 2 2 1 2 1 2 
6 20 0 0 0 0 0 0 0 0
5x10
4 2 1 2 1 0 0 0 0 0 
9 1 2 1 2 2 1 2 2 1 
6 1 2 1 2 2 2 0 0 0 
9 2 1 2 2 1 2 1 2 2 
5 24 0 0 0 0 0 0 0 0
4x9
8 1 2 1 2 1 2 2 1 
7 2 2 2 1 2 1 2 0 
7 2 2 1 2 1 2 2 0 
1 60 0 0 0 0 0 0 0
#4 1 1 0
0 10 group.79 1 4 0
1 6 min.55 1 1 0
2 5 group.136 1 3 0
3 1 min.56 1 1 0
#4 2 1 0
0 10 group.79 1 4 0
1 6 min.55 2 1 0
2 5 group.136 1 3 0
3 1 min.56 2 1 0
