#10
7x9
8 1 2 2 2 2 3 3 3 
1 1 0 0 0 0 0 0 0 
4 2 2 2 2 0 0 0 0 
6 2 2 3 2 2 3 0 0 
6 2 2 2 2 2 2 0 0 
8 2 2 2 3 2 2 2 3 
1 144 0 0 0 0 0 0 0
7x9
8 1 2 2 2 2 3 3 3 
6 1 2 2 2 3 3 0 0 
4 2 2 2 2 0 0 0 0 
6 2 2 3 2 2 3 0 0 
6 2 2 2 2 2 2 0 0 
8 2 2 2 3 2 2 2 3 
1 144 0 0 0 0 0 0 0
7x9
8 1 2 2 2 2 3 3 3 
5 2 2 2 3 3 0 0 0 
4 2 2 2 2 0 0 0 0 
6 2 2 3 2 2 3 0 0 
6 2 2 2 2 2 2 0 0 
8 2 2 2 3 2 2 2 3 
1 144 0 0 0 0 0 0 0
7x9
1 1 0 0 0 0 0 0 0 
6 1 2 2 2 3 3 0 0 
4 2 2 2 2 0 0 0 0 
6 2 2 3 2 2 3 0 0 
6 2 2 2 2 2 2 0 0 
8 2 2 2 3 2 2 2 3 
1 144 0 0 0 0 0 0 0
7x11
10 2 2 2 2 2 2 2 2 3 2 
1 1 0 0 0 0 0 0 0 0 0 
4 2 2 2 2 0 0 0 0 0 0 
6 2 2 3 2 2 3 0 0 0 0 
6 2 2 2 2 2 2 0 0 0 0 
8 2 2 2 3 2 2 2 3 0 0 
1 144 0 0 0 0 0 0 0 0 0
7x9
7 2 2 2 2 3 3 3 0 
6 1 2 2 2 3 3 0 0 
4 2 2 2 2 0 0 0 0 
6 2 2 3 2 2 3 0 0 
6 2 2 2 2 2 2 0 0 
8 2 2 2 3 2 2 2 3 
1 144 0 0 0 0 0 0 0
7x11
10 2 2 2 2 2 2 2 2 3 2 
5 2 2 2 3 3 0 0 0 0 0 
4 2 2 2 2 0 0 0 0 0 0 
6 2 2 3 2 2 3 0 0 0 0 
6 2 2 2 2 2 2 0 0 0 0 
8 2 2 2 3 2 2 2 3 0 0 
1 144 0 0 0 0 0 0 0 0 0
7x9
8 1 2 2 2 2 3 3 3 
1 1 0 0 0 0 0 0 0 
6 1 2 2 2 3 3 0 0 
4 2 2 2 2 0 0 0 0 
6 2 2 2 2 2 2 0 0 
8 2 2 2 3 2 2 2 3 
3 96 0 0 0 0 0 0 0
7x9
8 1 2 2 2 2 3 3 3 
1 1 0 0 0 0 0 0 0 
6 1 2 2 2 3 3 0 0 
6 2 2 3 2 2 3 0 0 
6 2 2 2 2 2 2 0 0 
8 2 2 2 3 2 2 2 3 
3 96 0 0 0 0 0 0 0
6x9
8 1 2 2 2 2 3 3 3 
1 1 0 0 0 0 0 0 0 
6 1 2 2 2 3 3 0 0 
4 2 2 2 2 0 0 0 0 
6 2 2 3 2 2 3 0 0 
4 72 0 0 0 0 0 0 0
