#10
7x10
9 2 2 3 2 2 2 2 3 3 
1 1 0 0 0 0 0 0 0 0 
4 2 2 2 2 0 0 0 0 0 
4 3 3 3 3 0 0 0 0 0 
8 2 2 2 3 2 2 2 3 0 
4 2 3 2 3 0 0 0 0 0 
1 144 0 0 0 0 0 0 0 0
7x10
9 2 2 3 2 2 2 2 3 3 
3 2 2 2 0 0 0 0 0 0 
4 2 2 2 2 0 0 0 0 0 
4 3 3 3 3 0 0 0 0 0 
8 2 2 2 3 2 2 2 3 0 
4 2 3 2 3 0 0 0 0 0 
1 144 0 0 0 0 0 0 0 0
7x10
9 2 2 3 2 2 2 2 3 3 
4 1 2 2 2 0 0 0 0 0 
4 2 2 2 2 0 0 0 0 0 
4 3 3 3 3 0 0 0 0 0 
8 2 2 2 3 2 2 2 3 0 
4 2 3 2 3 0 0 0 0 0 
1 144 0 0 0 0 0 0 0 0
7x9
1 1 0 0 0 0 0 0 0 
3 2 2 2 0 0 0 0 0 
4 2 2 2 2 0 0 0 0 
4 3 3 3 3 0 0 0 0 
8 2 2 2 3 2 2 2 3 
4 2 3 2 3 0 0 0 0 
1 144 0 0 0 0 0 0 0
7x13
12 2 2 2 2 2 3 2 2 2 2 3 3 
1 1 0 0 0 0 0 0 0 0 0 0 0 
4 2 2 2 2 0 0 0 0 0 0 0 0 
4 3 3 3 3 0 0 0 0 0 0 0 0 
8 2 2 2 3 2 2 2 3 0 0 0 0 
4 2 3 2 3 0 0 0 0 0 0 0 0 
1 144 0 0 0 0 0 0 0 0 0 0 0
7x11
10 1 2 2 3 2 2 2 2 3 3 
3 2 2 2 0 0 0 0 0 0 0 
4 2 2 2 2 0 0 0 0 0 0 
4 3 3 3 3 0 0 0 0 0 0 
8 2 2 2 3 2 2 2 3 0 0 
4 2 3 2 3 0 0 0 0 0 0 
1 144 0 0 0 0 0 0 0 0 0
7x13
12 2 2 2 2 2 3 2 2 2 2 3 3 
4 1 2 2 2 0 0 0 0 0 0 0 0 
4 2 2 2 2 0 0 0 0 0 0 0 0 
4 3 3 3 3 0 0 0 0 0 0 0 0 
8 2 2 2 3 2 2 2 3 0 0 0 0 
4 2 3 2 3 0 0 0 0 0 0 0 0 
1 144 0 0 0 0 0 0 0 0 0 0 0
7x10
9 2 2 3 2 2 2 2 3 3 
1 1 0 0 0 0 0 0 0 0 
3 2 2 2 0 0 0 0 0 0 
4 2 2 2 2 0 0 0 0 0 
8 2 2 2 3 2 2 2 3 0 
4 2 3 2 3 0 0 0 0 0 
3 96 0 0 0 0 0 0 0 0
7x10
9 2 2 3 2 2 2 2 3 3 
1 1 0 0 0 0 0 0 0 0 
3 2 2 2 0 0 0 0 0 0 
4 3 3 3 3 0 0 0 0 0 
8 2 2 2 3 2 2 2 3 0 
4 2 3 2 3 0 0 0 0 0 
3 96 0 0 0 0 0 0 0 0
6x10
9 2 2 3 2 2 2 2 3 3 
1 1 0 0 0 0 0 0 0 0 
3 2 2 2 0 0 0 0 0 0 
4 2 2 2 2 0 0 0 0 0 
4 3 3 3 3 0 0 0 0 0 
4 72 0 0 0 0 0 0 0 0
