#15
5x5
1 4 0 0 0 
1 1 0 0 0 
1 2 0 0 0 
4 3 4 3 4 
1 16 0 0 0
5x5
1 4 0 0 0 
1 1 0 0 0 
1 3 0 0 0 
4 3 4 3 4 
1 16 0 0 0
5x5
1 4 0 0 0 
1 1 0 0 0 
2 2 3 0 0 
4 3 4 3 4 
1 16 0 0 0
5x5
1 4 0 0 0 
1 2 0 0 0 
1 3 0 0 0 
4 3 4 3 4 
1 16 0 0 0
5x5
1 4 0 0 0 
2 1 3 0 0 
1 2 0 0 0 
4 3 4 3 4 
1 16 0 0 0
5x5
1 4 0 0 0 
2 1 2 0 0 
1 3 0 0 0 
4 3 4 3 4 
1 16 0 0 0
5x5
1 4 0 0 0 
2 1 3 0 0 
2 2 3 0 0 
4 3 4 3 4 
1 16 0 0 0
5x5
1 1 0 0 0 
1 2 0 0 0 
1 3 0 0 0 
4 3 4 3 4 
1 16 0 0 0
5x5
2 4 3 0 0 
1 1 0 0 0 
1 2 0 0 0 
4 3 4 3 4 
1 16 0 0 0
5x5
2 2 4 0 0 
1 1 0 0 0 
1 3 0 0 0 
4 3 4 3 4 
1 16 0 0 0
5x5
2 4 3 0 0 
1 1 0 0 0 
2 2 3 0 0 
4 3 4 3 4 
1 16 0 0 0
5x5
2 1 4 0 0 
1 2 0 0 0 
1 3 0 0 0 
4 3 4 3 4 
1 16 0 0 0
5x5
2 4 3 0 0 
2 1 3 0 0 
1 2 0 0 0 
4 3 4 3 4 
1 16 0 0 0
5x5
2 2 4 0 0 
2 1 2 0 0 
1 3 0 0 0 
4 3 4 3 4 
1 16 0 0 0
5x5
2 4 3 0 0 
2 1 3 0 0 
2 2 3 0 0 
4 3 4 3 4 
1 16 0 0 0
