#6
6x11
5 1 2 2 2 1 0 0 0 0 0 
8 1 2 2 2 1 2 2 2 0 0 
10 1 2 1 2 1 2 2 2 2 1 
6 1 2 2 1 2 2 0 0 0 0 
6 2 1 2 2 1 2 0 0 0 0 
1 72 0 0 0 0 0 0 0 0 0
6x11
7 1 2 2 1 2 1 2 0 0 0 
8 1 2 2 2 1 2 2 2 0 0 
10 1 2 1 2 1 2 2 2 2 1 
6 1 2 2 1 2 2 0 0 0 0 
6 2 1 2 2 1 2 0 0 0 0 
1 72 0 0 0 0 0 0 0 0 0
6x11
10 1 2 2 2 2 2 1 2 1 2 
8 1 2 2 2 1 2 2 2 0 0 
10 1 2 1 2 1 2 2 2 2 1 
6 1 2 2 1 2 2 0 0 0 0 
6 2 1 2 2 1 2 0 0 0 0 
1 72 0 0 0 0 0 0 0 0 0
6x8
5 1 2 2 2 1 0 0 
7 1 2 2 1 2 1 2 
4 2 2 2 2 0 0 0 
6 1 2 2 1 2 2 0 
6 2 1 2 2 1 2 0 
3 48 0 0 0 0 0 0
6x9
5 1 2 2 2 1 0 0 0 
7 1 2 2 1 2 1 2 0 
8 1 2 2 2 1 2 2 2 
6 1 2 2 1 2 2 0 0 
6 2 1 2 2 1 2 0 0 
3 48 0 0 0 0 0 0 0
5x11
5 1 2 2 2 1 0 0 0 0 0 
7 1 2 2 1 2 1 2 0 0 0 
8 1 2 2 2 1 2 2 2 0 0 
10 1 2 1 2 1 2 2 2 2 1 
4 36 0 0 0 0 0 0 0 0 0
