#8
6x9
7 1 3 2 3 2 1 3 0 
5 2 3 2 3 2 0 0 0 
8 1 2 1 2 3 2 3 2 
8 3 2 1 2 3 2 1 2 
8 2 3 2 1 2 3 2 1 
1 72 0 0 0 0 0 0 0
6x10
7 1 3 2 3 2 1 3 0 0 
9 1 2 3 2 1 2 3 2 1 
8 1 2 1 2 3 2 3 2 0 
8 3 2 1 2 3 2 1 2 0 
8 2 3 2 1 2 3 2 1 0 
1 72 0 0 0 0 0 0 0 0
6x9
7 1 3 2 3 2 1 3 0 
8 1 2 1 3 2 1 2 3 
8 1 2 1 2 3 2 3 2 
8 3 2 1 2 3 2 1 2 
8 2 3 2 1 2 3 2 1 
1 72 0 0 0 0 0 0 0
6x10
5 2 3 2 3 2 0 0 0 0 
9 1 2 3 2 1 2 3 2 1 
8 1 2 1 2 3 2 3 2 0 
8 3 2 1 2 3 2 1 2 0 
8 2 3 2 1 2 3 2 1 0 
1 72 0 0 0 0 0 0 0 0
6x9
8 1 2 1 2 3 2 1 2 
5 2 3 2 3 2 0 0 0 
8 1 2 1 2 3 2 3 2 
8 3 2 1 2 3 2 1 2 
8 2 3 2 1 2 3 2 1 
1 72 0 0 0 0 0 0 0
6x11
10 2 3 2 1 2 3 2 1 2 3 
9 1 2 3 2 1 2 3 2 1 0 
8 1 2 1 2 3 2 3 2 0 0 
8 3 2 1 2 3 2 1 2 0 0 
8 2 3 2 1 2 3 2 1 0 0 
1 72 0 0 0 0 0 0 0 0 0
6x9
8 1 2 1 2 3 2 1 2 
8 1 2 1 3 2 1 2 3 
8 1 2 1 2 3 2 3 2 
8 3 2 1 2 3 2 1 2 
8 2 3 2 1 2 3 2 1 
1 72 0 0 0 0 0 0 0
5x10
7 1 3 2 3 2 1 3 0 0 
5 2 3 2 3 2 0 0 0 0 
9 1 2 3 2 1 2 3 2 1 
8 1 2 1 2 3 2 3 2 0 
9 16 0 0 0 0 0 0 0 0
