#5
5x10
9 1 1 1 1 1 1 2 2 2 
8 1 1 1 1 1 1 1 1 0 
6 1 1 1 1 1 1 0 0 0 
2 2 2 0 0 0 0 0 0 0 
1 36 0 0 0 0 0 0 0 0
5x10
9 1 1 1 1 1 1 1 1 1 
8 1 1 1 1 1 1 1 1 0 
6 1 1 1 1 1 1 0 0 0 
2 2 2 0 0 0 0 0 0 0 
1 36 0 0 0 0 0 0 0 0
5x13
12 1 1 1 1 1 1 1 1 1 2 2 2 
8 1 1 1 1 1 1 1 1 0 0 0 0 
6 1 1 1 1 1 1 0 0 0 0 0 0 
2 2 2 0 0 0 0 0 0 0 0 0 0 
1 36 0 0 0 0 0 0 0 0 0 0 0
5x10
9 1 1 1 1 1 1 2 2 2 
9 1 1 1 1 1 1 1 1 1 
6 1 1 1 1 1 1 0 0 0 
2 2 2 0 0 0 0 0 0 0 
1 24 0 0 0 0 0 0 0 0
5x10
9 1 1 1 1 1 1 2 2 2 
9 1 1 1 1 1 1 1 1 1 
8 1 1 1 1 1 1 1 1 0 
6 1 1 1 1 1 1 0 0 0 
3 24 0 0 0 0 0 0 0 0
#5 1 1 0
0 1 group.119 1 1 0
1 1 group.187 1 1 0
2 1 group.188 1 1 0
3 1 group.185 1 1 0
4 3 min.52 1 1 0
