#5
5x13
11 1 2 2 1 2 1 2 2 1 2 1 0 
11 1 2 1 2 2 1 2 1 2 2 1 0 
12 1 2 1 2 2 1 2 1 2 2 1 2 
8 2 1 2 1 1 2 1 2 0 0 0 0 
15 24 0 0 0 0 0 0 0 0 0 0 0
5x12
11 1 2 2 1 2 1 2 2 1 2 1 
9 2 1 2 1 1 2 1 2 2 0 0 
7 1 2 2 1 2 1 1 0 0 0 0 
6 2 1 2 1 2 2 0 0 0 0 0 
15 24 0 0 0 0 0 0 0 0 0 0
5x14
8 1 2 1 1 2 1 2 1 0 0 0 0 0 
7 2 1 2 1 1 2 2 0 0 0 0 0 0 
13 1 1 2 1 1 2 2 1 2 1 1 2 2 
10 1 2 2 1 2 1 1 2 2 1 0 0 0 
10 36 0 0 0 0 0 0 0 0 0 0 0 0
3x12
8 1 2 1 1 2 1 2 1 0 0 0 
11 1 2 2 1 2 1 2 2 1 2 1 
6 60 0 0 0 0 0 0 0 0 0 0
3x12
11 1 1 2 1 2 2 1 2 1 2 1 
11 1 2 2 1 2 1 2 2 1 2 1 
6 60 0 0 0 0 0 0 0 0 0 0
