PS 0
-0.9074790760808862933
0
0
0
PS 1
1.0000000000000000000
0
0
0
PS 2
-0.06250000000000000000
0
0
0
PS 3
0.006172839506172839164
0
0
0
PS 4
-0.0006510416666666666305
0
0
0
PS 5
6.666666666666666986e-5
0
0
0
PS 6
-6.430041152263374355e-6
0
0
0
PS 7
5.784626775880420119e-7
0
0
0
PS 8
-4.844060019841269837e-8
0
0
0
PS 9
3.780153528667474308e-9
0
0
0
PS 10
-2.755731922398588989e-10
0
0
0
PS 11
1.8822019823772891805e-11
0
0
0
PS 12
-1.2081456590201446418e-12
0
0
0
PS 13
7.309532925271559273e-14
0
0
0
PS 14
-4.180300873808209008e-15
0
0
0
PS 15
2.265826290909575120e-16
0
0
0
PS 16
-1.1668645831023889779e-17
0
0
0
PS 17
5.722485760931244797e-19
0
0
0
PS 18
-2.6781904952994215034e-20
0
0
0
PS 19
1.1985180414964760543e-21
0
0
0
TACKS 0
-0.9890559953279725036
0
0
0
TACKS 1
-0.2886078324507664328
0
0
0
TACKS 2
-0.16666666666666665741
0
0
0
END
