PS 0
1.0000000000000000000
0
0
0
PS 1
-1.0000000000000000000
0
0
0
PS 2
0.5000000000000000000
0
0
0
PS 3
-0.16666666666666665741
-9.251858538542970657e-18
0
0
PS 4
0.04166666666666666435
2.3129646346357426642e-18
0
0
PS 5
-0.008333333333333333218
-1.1564823173178713802e-19
0
0
PS 6
0.0013888888888888889419
-5.300543954373577059e-20
0
0
PS 7
-0.00019841269841269841253
-1.7209558293420705287e-22
0
0
PS 8
2.4801587301587301566e-5
2.1511947866775881608e-23
0
0
PS 9
-2.755731922398589251e-6
1.8583932740464720810e-22
0
0
PS 10
2.755731922398588828e-7
2.3767714622250297319e-23
0
0
PS 11
-2.5052108385441720224e-8
1.4488140709359119660e-24
0
0
PS 12
2.087675698786810019e-9
-1.2073450591132599717e-25
0
0
PS 13
-1.6059043836821613341e-10
-1.2585294588752098052e-26
0
0
PS 14
1.1470745597729724507e-11
2.065551275283074542e-28
0
0
PS 15
-7.647163731819816406e-13
-7.038728777334530011e-30
0
0
PS 16
4.779477332387385253e-14
4.399205485834081257e-31
0
0
PS 17
-2.8114572543455205981e-15
-1.6508842730861432599e-31
0
0
PS 18
1.5619206968586225271e-16
1.1910679660273754002e-32
0
0
PS 19
-8.220635246624329496e-18
-2.214189411960426536e-34
0
0
END
