PS 0
1.0000000000000000000
0
0
0
PS 1
0
0
0
0
PS 2
0.3658234973522992983
-7.414372728645966917e-18
0
0
PS 3
-1.1816359006036774026
5.111057666550532259e-17
0
0
PS 4
0.3460441256619251615
1.5731380989975948484e-17
0
0
PS 5
0.07877572670691182499
-1.5570000699917607340e-18
0
0
PS 6
-0.014820670157275698739
-6.297298581634215902e-19
0
0
PS 7
-0.0011253675243844546427
2.2242858142739441464e-20
0
0
PS 8
0.00015195851674272960402
-1.0520030925032279916e-20
0
0
PS 9
5.954325525843675363e-6
-1.2216873592589281589e-22
0
0
PS 10
-6.187376637259238984e-7
-8.879542933759433700e-24
0
0
PS 11
-1.5036175570312311957e-8
7.429856144871782044e-25
0
0
PS 12
1.2585063154547397022e-9
-4.338102450074274152e-26
0
0
PS 13
2.1029616182254981053e-11
-3.341572429547929152e-28
0
0
PS 14
-1.4637819980237094028e-12
2.7697222779025153891e-30
0
0
PS 15
-1.7974030925004257229e-14
2.046956703660440261e-31
0
0
PS 16
1.0653305332548913715e-15
-6.757875982752491105e-32
0
0
PS 17
1.0069485112047202051e-17
7.640233480912721479e-34
0
0
PS 18
-5.175382669913335367e-19
2.823042904709282081e-35
0
0
PS 19
-3.896859563485759322e-21
-2.816997529543388260e-37
0
0
PSL 0
0
0
0
0
PSL 2
1.0000000000000000000
0
0
0
PSL 4
-0.2500000000000000000
0
0
0
PSL 6
0.006944444444444444059
3.854941057726237774e-19
0
0
PSL 8
-5.787037037037037258e-5
2.2085599809889906920e-21
0
0
PSL 10
2.0667989417989418854e-7
-8.643993635009162607e-24
0
0
PSL 12
-3.827405447775817954e-10
-1.9224371210574950929e-26
0
0
PSL 14
4.142213688069067430e-13
-1.7223646051504111931e-29
0
0
PSL 16
-2.844926983563920052e-16
2.3207228750786648816e-32
0
0
PSL 18
1.3170958257240370718e-19
-1.1814048464838578585e-35
0
0
END
