#5
4x6
5 2 1 1 2 3 
2 1 1 0 0 0 
5 1 2 1 1 2 
1 18 0 0 0 0
4x6
1 2 0 0 0 0 
2 1 1 0 0 0 
5 1 2 1 1 2 
1 18 0 0 0 0
4x6
4 1 1 2 3 0 
2 1 1 0 0 0 
5 1 2 1 1 2 
1 18 0 0 0 0
4x6
5 2 1 1 2 3 
1 2 0 0 0 0 
4 1 2 1 2 0 
3 12 0 0 0 0
4x6
5 2 1 1 2 3 
1 2 0 0 0 0 
5 1 2 1 1 2 
3 12 0 0 0 0
#3 1 1 0
0 1 group.116 3 1 0
1 2 min.51 1 1 0
3 6 group.110 1 2 0
#5 2 1 0
0 1 group.116 3 2 0
1 1 min.51 3 1 0
2 1 min.51 2 1 0
3 3 group.110 1 2 0
4 3 group.110 2 2 0
#3 3 1 0
0 1 group.116 1 1 0
1 2 min.51 1 1 0
3 6 group.110 2 2 0
#3 3 1 1
0 1 group.116 1 1 4
1 2 min.51 1 1 1
3 6 group.110 2 2 0
#3 4 1 0
0 1 group.116 1 2 0
1 2 min.51 2 1 0
3 6 group.110 1 2 0
#3 4 1 1
0 1 group.116 1 2 1
1 2 min.51 2 1 1
3 6 group.110 1 2 0
#3 5 1 0
0 1 group.116 1 2 0
1 2 min.51 3 1 0
3 6 group.110 2 2 0
