#6
6x11
3 2 2 2 0 0 0 0 0 0 0 
8 1 1 1 2 1 1 1 2 0 0 
10 1 1 1 2 2 1 2 2 2 2 
2 1 1 0 0 0 0 0 0 0 0 
8 2 1 1 2 2 2 2 2 0 0 
1 72 0 0 0 0 0 0 0 0 0
6x11
9 1 2 2 1 2 1 2 2 2 0 
8 1 1 1 2 1 1 1 2 0 0 
10 1 1 1 2 2 1 2 2 2 2 
2 1 1 0 0 0 0 0 0 0 0 
8 2 1 1 2 2 2 2 2 0 0 
1 72 0 0 0 0 0 0 0 0 0
6x11
6 1 2 2 1 2 1 0 0 0 0 
8 1 1 1 2 1 1 1 2 0 0 
10 1 1 1 2 2 1 2 2 2 2 
2 1 1 0 0 0 0 0 0 0 0 
8 2 1 1 2 2 2 2 2 0 0 
1 72 0 0 0 0 0 0 0 0 0
6x11
3 2 2 2 0 0 0 0 0 0 0 
9 1 2 2 1 2 1 2 2 2 0 
10 1 1 1 2 2 1 2 2 2 2 
2 1 1 0 0 0 0 0 0 0 0 
8 2 1 1 2 2 2 2 2 0 0 
1 48 0 0 0 0 0 0 0 0 0
6x10
3 2 2 2 0 0 0 0 0 0 
9 1 2 2 1 2 1 2 2 2 
8 1 1 1 2 1 1 1 2 0 
2 1 1 0 0 0 0 0 0 0 
8 2 1 1 2 2 2 2 2 0 
3 48 0 0 0 0 0 0 0 0
5x11
3 2 2 2 0 0 0 0 0 0 0 
9 1 2 2 1 2 1 2 2 2 0 
8 1 1 1 2 1 1 1 2 0 0 
10 1 1 1 2 2 1 2 2 2 2 
4 36 0 0 0 0 0 0 0 0 0
