#7
5x7
4 1 1 1 3 0 0 
1 1 0 0 0 0 0 
6 1 1 2 3 2 3 
2 1 1 0 0 0 0 
1 16 0 0 0 0 0
5x7
4 1 1 1 3 0 0 
1 2 0 0 0 0 0 
6 1 1 2 3 2 3 
2 1 1 0 0 0 0 
1 16 0 0 0 0 0
5x7
4 1 1 1 3 0 0 
2 1 2 0 0 0 0 
6 1 1 2 3 2 3 
2 1 1 0 0 0 0 
1 16 0 0 0 0 0
5x7
1 1 0 0 0 0 0 
1 2 0 0 0 0 0 
6 1 1 2 3 2 3 
2 1 1 0 0 0 0 
1 16 0 0 0 0 0
5x7
5 1 1 1 3 2 0 
1 1 0 0 0 0 0 
6 1 1 2 3 2 3 
2 1 1 0 0 0 0 
1 16 0 0 0 0 0
5x7
3 1 1 3 0 0 0 
1 2 0 0 0 0 0 
6 1 1 2 3 2 3 
2 1 1 0 0 0 0 
1 16 0 0 0 0 0
5x7
5 1 1 1 3 2 0 
2 1 2 0 0 0 0 
6 1 1 2 3 2 3 
2 1 1 0 0 0 0 
1 16 0 0 0 0 0
#5 1 1 0
0 2 group.44 1 3 0
1 2 group.44 1 1 0
2 1 group.53 2 1 0
4 1 group.51 1 1 0
5 1 group.53 1 1 0
#7 1 1 1
0 1 group.44 1 3 0
1 1 group.44 1 1 12
2 1 group.53 2 1 1
3 1 group.44 1 1 51
4 1 group.51 1 1 0
5 1 group.53 1 1 1
6 1 group.44 1 3 3
#5 1 1 11
0 2 group.44 1 3 3
1 2 group.44 1 1 63
2 1 group.53 2 1 13
4 1 group.51 1 1 0
5 1 group.53 1 1 11
#5 1 1 12
0 2 group.44 1 3 7
1 2 group.44 1 1 48
2 1 group.53 2 1 13
4 1 group.51 1 1 3
5 1 group.53 1 1 0
#7 1 1 2
0 1 group.44 1 3 0
1 1 group.44 1 1 3
2 1 group.53 2 1 0
3 1 group.44 1 1 12
4 1 group.51 1 1 1
5 1 group.53 1 1 1
6 1 group.44 1 3 4
#7 1 1 3
0 1 group.44 1 3 0
1 1 group.44 1 1 15
2 1 group.53 2 1 1
3 1 group.44 1 1 63
4 1 group.51 1 1 1
5 1 group.53 1 1 11
6 1 group.44 1 3 7
#7 1 1 4
0 1 group.44 1 3 4
1 1 group.44 1 1 0
2 1 group.53 2 1 1
3 1 group.44 1 1 48
4 1 group.51 1 1 1
5 1 group.53 1 1 0
6 1 group.44 1 3 3
#7 1 1 6
0 1 group.44 1 3 4
1 1 group.44 1 1 3
2 1 group.53 2 1 1
3 1 group.44 1 1 60
4 1 group.51 1 1 3
5 1 group.53 1 1 1
6 1 group.44 1 3 7
#5 1 1 7
0 2 group.44 1 3 4
1 2 group.44 1 1 15
2 1 group.53 2 1 0
4 1 group.51 1 1 3
5 1 group.53 1 1 11
#7 1 1 9
0 1 group.44 1 3 3
1 1 group.44 1 1 60
2 1 group.53 2 1 13
3 1 group.44 1 1 51
4 1 group.51 1 1 1
5 1 group.53 1 1 1
6 1 group.44 1 3 7
#5 1 2 0
0 2 group.44 1 5 0
1 2 group.44 1 4 0
2 1 group.53 2 2 0
4 1 group.51 1 2 0
5 1 group.53 1 2 0
#5 1 2 1
0 2 group.44 1 5 5
1 2 group.44 1 4 3
2 1 group.53 2 2 1
4 1 group.51 1 2 1
5 1 group.53 1 2 3
#5 1 2 2
0 2 group.44 1 5 3
1 2 group.44 1 4 0
2 1 group.53 2 2 0
4 1 group.51 1 2 0
5 1 group.53 1 2 8
#5 1 2 3
0 2 group.44 1 5 6
1 2 group.44 1 4 3
2 1 group.53 2 2 1
4 1 group.51 1 2 1
5 1 group.53 1 2 11
