#8
5x6
1 3 0 0 0 0 
5 1 2 1 2 1 
4 1 3 1 3 0 
4 1 2 1 2 0 
1 24 0 0 0 0
5x6
1 3 0 0 0 0 
5 2 1 3 1 3 
4 1 3 1 3 0 
4 1 2 1 2 0 
1 24 0 0 0 0
5x9
1 3 0 0 0 0 0 0 0 
8 2 1 2 1 2 3 1 3 
4 1 3 1 3 0 0 0 0 
4 1 2 1 2 0 0 0 0 
1 24 0 0 0 0 0 0 0
5x6
5 1 2 1 2 1 
5 2 1 3 1 3 
4 1 3 1 3 0 
4 1 2 1 2 0 
1 24 0 0 0 0
5x6
2 2 3 0 0 0 
5 1 2 1 2 1 
4 1 3 1 3 0 
4 1 2 1 2 0 
1 24 0 0 0 0
5x7
6 1 2 1 2 3 1 
5 2 1 3 1 3 0 
4 1 3 1 3 0 0 
4 1 2 1 2 0 0 
1 24 0 0 0 0 0
5x9
2 2 3 0 0 0 0 0 0 
8 2 1 2 1 2 3 1 3 
4 1 3 1 3 0 0 0 0 
4 1 2 1 2 0 0 0 0 
1 24 0 0 0 0 0 0 0
5x6
1 3 0 0 0 0 
5 1 2 1 2 1 
5 2 1 3 1 3 
4 1 3 1 3 0 
3 16 0 0 0 0
