#7
4x6
5 1 2 1 2 3 
1 2 0 0 0 0 
4 1 2 1 2 0 
1 8 0 0 0 0
4x6
5 1 2 1 2 3 
1 1 0 0 0 0 
4 1 2 1 2 0 
1 8 0 0 0 0
4x6
5 1 2 1 2 3 
2 2 1 0 0 0 
4 1 2 1 2 0 
1 8 0 0 0 0
4x5
1 2 0 0 0 
1 1 0 0 0 
4 1 2 1 2 
1 8 0 0 0
4x5
4 2 1 2 3 
1 2 0 0 0 
4 1 2 1 2 
1 8 0 0 0
4x5
4 1 2 1 3 
1 1 0 0 0 
4 1 2 1 2 
1 8 0 0 0
4x5
4 2 1 2 3 
2 2 1 0 0 
4 1 2 1 2 
1 8 0 0 0
#5 1 1 0
0 1 group.33 1 2 0
1 1 group.33 1 1 0
2 1 group.35 1 1 0
3 2 min.29 1 1 0
4 2 min.28 1 1 0
#7 1 1 1
0 1 group.33 1 2 0
1 1 group.33 1 1 1
2 1 group.35 1 1 1
3 1 min.29 1 1 1
4 1 min.28 1 1 0
5 1 min.28 1 1 4
6 1 min.29 1 1 16
#5 1 1 12
0 1 group.33 1 2 0
1 1 group.33 1 1 3
2 1 group.35 1 1 0
3 2 min.29 1 1 2
4 2 min.28 1 1 1
#7 1 1 13
0 1 group.33 1 2 0
1 1 group.33 1 1 7
2 1 group.35 1 1 1
3 1 min.29 1 1 3
4 1 min.28 1 1 1
5 1 min.28 1 1 5
6 1 min.29 1 1 18
#5 1 1 15
0 1 group.33 1 2 0
1 1 group.33 1 1 15
2 1 group.35 1 1 1
3 2 min.29 1 1 19
4 2 min.28 1 1 5
#7 1 1 16
0 1 group.33 1 2 1
1 1 group.33 1 1 0
2 1 group.35 1 1 1
3 1 min.29 1 1 4
4 1 min.28 1 1 2
5 1 min.28 1 1 0
6 1 min.29 1 1 16
#7 1 1 17
0 1 group.33 1 2 1
1 1 group.33 1 1 1
2 1 group.35 1 1 0
3 1 min.29 1 1 5
4 1 min.28 1 1 2
5 1 min.28 1 1 4
6 1 min.29 1 1 0
#7 1 1 18
0 1 group.33 1 2 1
1 1 group.33 1 1 1
2 1 group.35 1 1 1
3 1 min.29 1 1 20
4 1 min.28 1 1 6
5 1 min.28 1 1 0
6 1 min.29 1 1 17
#7 1 1 19
0 1 group.33 1 2 1
1 1 group.33 1 1 3
2 1 group.35 1 1 1
3 1 min.29 1 1 21
4 1 min.28 1 1 6
5 1 min.28 1 1 4
6 1 min.29 1 1 1
#7 1 1 20
0 1 group.33 1 2 17
1 1 group.33 1 1 21
2 1 group.35 1 1 5
3 1 min.29 1 1 6
4 1 min.28 1 1 2
5 1 min.28 1 1 1
6 1 min.29 1 1 16
#7 1 1 21
0 1 group.33 1 2 17
1 1 group.33 1 1 53
2 1 group.35 1 1 4
3 1 min.29 1 1 7
4 1 min.28 1 1 2
5 1 min.28 1 1 5
6 1 min.29 1 1 0
#7 1 1 22
0 1 group.33 1 2 17
1 1 group.33 1 1 54
2 1 group.35 1 1 5
3 1 min.29 1 1 22
4 1 min.28 1 1 6
5 1 min.28 1 1 1
6 1 min.29 1 1 17
#7 1 1 23
0 1 group.33 1 2 17
1 1 group.33 1 1 61
2 1 group.35 1 1 5
3 1 min.29 1 1 23
4 1 min.28 1 1 6
5 1 min.28 1 1 5
6 1 min.29 1 1 1
#7 1 1 24
0 1 group.33 1 2 17
1 1 group.33 1 1 21
2 1 group.35 1 1 5
3 1 min.29 1 1 4
4 1 min.28 1 1 3
5 1 min.28 1 1 0
6 1 min.29 1 1 18
#7 1 1 25
0 1 group.33 1 2 17
1 1 group.33 1 1 54
2 1 group.35 1 1 4
3 1 min.29 1 1 5
4 1 min.28 1 1 3
5 1 min.28 1 1 4
6 1 min.29 1 1 2
#7 1 1 26
0 1 group.33 1 2 17
1 1 group.33 1 1 53
2 1 group.35 1 1 5
3 1 min.29 1 1 20
4 1 min.28 1 1 7
5 1 min.28 1 1 0
6 1 min.29 1 1 19
#7 1 1 27
0 1 group.33 1 2 17
1 1 group.33 1 1 61
2 1 group.35 1 1 5
3 1 min.29 1 1 21
4 1 min.28 1 1 7
5 1 min.28 1 1 4
6 1 min.29 1 1 3
#7 1 1 28
0 1 group.33 1 2 1
1 1 group.33 1 1 3
2 1 group.35 1 1 1
3 1 min.29 1 1 6
4 1 min.28 1 1 3
5 1 min.28 1 1 1
6 1 min.29 1 1 18
#7 1 1 29
0 1 group.33 1 2 1
1 1 group.33 1 1 7
2 1 group.35 1 1 0
3 1 min.29 1 1 7
4 1 min.28 1 1 3
5 1 min.28 1 1 5
6 1 min.29 1 1 2
#5 1 1 3
0 1 group.33 1 2 0
1 1 group.33 1 1 3
2 1 group.35 1 1 1
3 2 min.29 1 1 17
4 2 min.28 1 1 4
#7 1 1 30
0 1 group.33 1 2 1
1 1 group.33 1 1 7
2 1 group.35 1 1 1
3 1 min.29 1 1 22
4 1 min.28 1 1 7
5 1 min.28 1 1 1
6 1 min.29 1 1 19
#7 1 1 31
0 1 group.33 1 2 1
1 1 group.33 1 1 15
2 1 group.35 1 1 1
3 1 min.29 1 1 23
4 1 min.28 1 1 7
5 1 min.28 1 1 5
6 1 min.29 1 1 3
#7 1 1 4
0 1 group.33 1 2 16
1 1 group.33 1 1 21
2 1 group.35 1 1 4
3 1 min.29 1 1 2
4 1 min.28 1 1 0
5 1 min.28 1 1 1
6 1 min.29 1 1 0
#5 1 1 48
0 1 group.33 1 2 9
1 1 group.33 1 1 0
2 1 group.35 1 1 1
3 2 min.29 1 1 20
4 2 min.28 1 1 2
#7 1 1 49
0 1 group.33 1 2 9
1 1 group.33 1 1 1
2 1 group.35 1 1 1
3 1 min.29 1 1 21
4 1 min.28 1 1 2
5 1 min.28 1 1 6
6 1 min.29 1 1 4
#7 1 1 5
0 1 group.33 1 2 16
1 1 group.33 1 1 53
2 1 group.35 1 1 5
3 1 min.29 1 1 3
4 1 min.28 1 1 0
5 1 min.28 1 1 5
6 1 min.29 1 1 16
#5 1 1 51
0 1 group.33 1 2 9
1 1 group.33 1 1 3
2 1 group.35 1 1 0
3 2 min.29 1 1 5
4 2 min.28 1 1 6
#7 1 1 52
0 1 group.33 1 2 25
1 1 group.33 1 1 21
2 1 group.35 1 1 5
3 1 min.29 1 1 22
4 1 min.28 1 1 2
5 1 min.28 1 1 3
6 1 min.29 1 1 20
#7 1 1 53
0 1 group.33 1 2 25
1 1 group.33 1 1 53
2 1 group.35 1 1 5
3 1 min.29 1 1 23
4 1 min.28 1 1 2
5 1 min.28 1 1 7
6 1 min.29 1 1 4
#7 1 1 54
0 1 group.33 1 2 25
1 1 group.33 1 1 54
2 1 group.35 1 1 5
3 1 min.29 1 1 6
4 1 min.28 1 1 6
5 1 min.28 1 1 3
6 1 min.29 1 1 21
#7 1 1 55
0 1 group.33 1 2 25
1 1 group.33 1 1 61
2 1 group.35 1 1 4
3 1 min.29 1 1 7
4 1 min.28 1 1 6
5 1 min.28 1 1 7
6 1 min.29 1 1 5
#7 1 1 6
0 1 group.33 1 2 16
1 1 group.33 1 1 54
2 1 group.35 1 1 5
3 1 min.29 1 1 18
4 1 min.28 1 1 4
5 1 min.28 1 1 1
6 1 min.29 1 1 1
#5 1 1 60
0 1 group.33 1 2 9
1 1 group.33 1 1 3
2 1 group.35 1 1 1
3 2 min.29 1 1 22
4 2 min.28 1 1 3
#7 1 1 61
0 1 group.33 1 2 9
1 1 group.33 1 1 7
2 1 group.35 1 1 1
3 1 min.29 1 1 23
4 1 min.28 1 1 3
5 1 min.28 1 1 7
6 1 min.29 1 1 6
#5 1 1 63
0 1 group.33 1 2 9
1 1 group.33 1 1 15
2 1 group.35 1 1 0
3 2 min.29 1 1 7
4 2 min.28 1 1 7
#7 1 1 7
0 1 group.33 1 2 16
1 1 group.33 1 1 61
2 1 group.35 1 1 5
3 1 min.29 1 1 19
4 1 min.28 1 1 4
5 1 min.28 1 1 5
6 1 min.29 1 1 17
#7 1 2 0
0 1 group.33 1 5 0
1 1 group.33 1 3 0
2 1 group.35 1 2 0
3 1 min.29 1 2 0
4 1 min.28 1 2 0
5 1 min.28 1 3 0
6 1 min.29 1 3 0
#7 1 2 1
0 1 group.33 1 5 1
1 1 group.33 1 3 0
2 1 group.35 1 2 1
3 1 min.29 1 2 8
4 1 min.28 1 2 0
5 1 min.28 1 3 1
6 1 min.29 1 3 2
#7 1 2 10
0 1 group.33 1 5 28
1 1 group.33 1 3 2
2 1 group.35 1 2 2
3 1 min.29 1 2 3
4 1 min.28 1 2 2
5 1 min.28 1 3 2
6 1 min.29 1 3 4
#7 1 2 11
0 1 group.33 1 5 29
1 1 group.33 1 3 2
2 1 group.35 1 2 2
3 1 min.29 1 2 11
4 1 min.28 1 2 2
5 1 min.28 1 3 3
6 1 min.29 1 3 6
#7 1 2 12
0 1 group.33 1 5 4
1 1 group.33 1 3 1
2 1 group.35 1 2 1
3 1 min.29 1 2 10
4 1 min.28 1 2 3
5 1 min.28 1 3 0
6 1 min.29 1 3 1
#7 1 2 13
0 1 group.33 1 5 5
1 1 group.33 1 3 1
2 1 group.35 1 2 0
3 1 min.29 1 2 2
4 1 min.28 1 2 3
5 1 min.28 1 3 1
6 1 min.29 1 3 3
#7 1 2 14
0 1 group.33 1 5 28
1 1 group.33 1 3 3
2 1 group.35 1 2 2
3 1 min.29 1 2 11
4 1 min.28 1 2 3
5 1 min.28 1 3 2
6 1 min.29 1 3 5
#7 1 2 15
0 1 group.33 1 5 29
1 1 group.33 1 3 3
2 1 group.35 1 2 2
3 1 min.29 1 2 3
4 1 min.28 1 2 3
5 1 min.28 1 3 3
6 1 min.29 1 3 7
#7 1 2 2
0 1 group.33 1 5 8
1 1 group.33 1 3 2
2 1 group.35 1 2 2
3 1 min.29 1 2 1
4 1 min.28 1 2 0
5 1 min.28 1 3 2
6 1 min.29 1 3 4
#7 1 2 3
0 1 group.33 1 5 11
1 1 group.33 1 3 2
2 1 group.35 1 2 2
3 1 min.29 1 2 9
4 1 min.28 1 2 0
5 1 min.28 1 3 3
6 1 min.29 1 3 6
#7 1 2 4
0 1 group.33 1 5 0
1 1 group.33 1 3 1
2 1 group.35 1 2 1
3 1 min.29 1 2 8
4 1 min.28 1 2 1
5 1 min.28 1 3 0
6 1 min.29 1 3 1
#7 1 2 5
0 1 group.33 1 5 1
1 1 group.33 1 3 1
2 1 group.35 1 2 0
3 1 min.29 1 2 0
4 1 min.28 1 2 1
5 1 min.28 1 3 1
6 1 min.29 1 3 3
#7 1 2 6
0 1 group.33 1 5 8
1 1 group.33 1 3 3
2 1 group.35 1 2 2
3 1 min.29 1 2 9
4 1 min.28 1 2 1
5 1 min.28 1 3 2
6 1 min.29 1 3 5
#7 1 2 7
0 1 group.33 1 5 11
1 1 group.33 1 3 3
2 1 group.35 1 2 2
3 1 min.29 1 2 1
4 1 min.28 1 2 1
5 1 min.28 1 3 3
6 1 min.29 1 3 7
#7 1 2 8
0 1 group.33 1 5 4
1 1 group.33 1 3 0
2 1 group.35 1 2 0
3 1 min.29 1 2 2
4 1 min.28 1 2 2
5 1 min.28 1 3 0
6 1 min.29 1 3 0
#7 1 2 9
0 1 group.33 1 5 5
1 1 group.33 1 3 0
2 1 group.35 1 2 1
3 1 min.29 1 2 10
4 1 min.28 1 2 2
5 1 min.28 1 3 1
6 1 min.29 1 3 2
#5 1 3 0
0 1 group.33 1 6 0
1 1 group.33 1 2 0
2 1 group.35 1 1 0
3 2 min.29 1 4 0
4 2 min.28 1 4 0
#7 1 3 1
0 1 group.33 1 6 1
1 1 group.33 1 2 7
2 1 group.35 1 1 4
3 1 min.29 1 4 0
4 1 min.28 1 4 1
5 1 min.28 1 4 0
6 1 min.29 1 4 1
#5 1 3 3
0 1 group.33 1 6 0
1 1 group.33 1 2 9
2 1 group.35 1 1 0
3 2 min.29 1 4 1
4 2 min.28 1 4 1
#5 1 3 4
0 1 group.33 1 6 0
1 1 group.33 1 2 0
2 1 group.35 1 1 1
3 2 min.29 1 4 4
4 2 min.28 1 4 0
#7 1 3 5
0 1 group.33 1 6 1
1 1 group.33 1 2 7
2 1 group.35 1 1 5
3 1 min.29 1 4 4
4 1 min.28 1 4 1
5 1 min.28 1 4 0
6 1 min.29 1 4 5
#5 1 3 7
0 1 group.33 1 6 0
1 1 group.33 1 2 9
2 1 group.35 1 1 1
3 2 min.29 1 4 5
4 2 min.28 1 4 1
#5 1 4 0
0 1 group.33 1 7 0
1 1 group.33 1 4 0
2 1 group.35 1 2 0
3 2 min.29 1 5 0
4 2 min.28 1 5 0
#7 1 4 1
0 1 group.33 1 7 2
1 1 group.33 1 4 1
2 1 group.35 1 2 2
3 1 min.29 1 5 2
4 1 min.28 1 5 0
5 1 min.28 1 5 1
6 1 min.29 1 5 1
#5 1 4 3
0 1 group.33 1 7 1
1 1 group.33 1 4 3
2 1 group.35 1 2 1
3 2 min.29 1 5 3
4 2 min.28 1 5 1
#5 1 5 0
0 1 group.33 1 8 0
1 1 group.33 1 7 0
2 1 group.35 1 2 0
3 2 min.29 1 6 0
4 2 min.28 1 6 0
#7 1 5 1
0 1 group.33 1 8 1
1 1 group.33 1 7 1
2 1 group.35 1 2 0
3 1 min.29 1 6 1
4 1 min.28 1 6 1
5 1 min.28 1 6 0
6 1 min.29 1 6 0
#5 1 5 3
0 1 group.33 1 8 3
1 1 group.33 1 7 0
2 1 group.35 1 2 0
3 2 min.29 1 6 1
4 2 min.28 1 6 1
#7 1 5 4
0 1 group.33 1 8 1
1 1 group.33 1 7 0
2 1 group.35 1 2 1
3 1 min.29 1 6 5
4 1 min.28 1 6 1
5 1 min.28 1 6 0
6 1 min.29 1 6 4
#5 1 5 5
0 1 group.33 1 8 0
1 1 group.33 1 7 1
2 1 group.35 1 2 1
3 2 min.29 1 6 4
4 2 min.28 1 6 0
#5 1 5 6
0 1 group.33 1 8 3
1 1 group.33 1 7 1
2 1 group.35 1 2 1
3 2 min.29 1 6 5
4 2 min.28 1 6 1
