-1 -0.98583 1 0.98583
0.499999 0.476756
0 -4.55379e-09
0.2 0.2
0.0999998 0.0953512
1
683
82 69 3
0.499999 0 0 2
0.494063 0.0659797 0 2
0.476511 0.129516 0 2
0.448095 0.188275 0 2
0.430177 0.215189 0 2
0.410032 0.240135 0 2
0.363948 0.283282 0 2
0.338501 0.301125 0 2
0.311806 0.316288 0 2
0.255816 0.338178 0 2
0.227112 0.344784 0 2
0.212715 0.346992 0 2
0.198338 0.34847 0 2
0.141775 0.347195 0 2
0.114572 0.34237 0 2
0.0884632 0.334895 0 2
0.0405715 0.312601 0 2
0.0192647 0.298148 0 2
0.00936514 0.290188 0 2
0 0.281778 0 2
-0.0317024 0.244265 0 2
-0.0438573 0.223655 0 2
-0.0534081 0.202187 0 2
-0.064461 0.15786 0 2
-0.0659239 0.135602 0 2
-0.0656465 0.124582 0 2
-0.0647047 0.113683 0 2
-0.0544892 0.0720325 0 2
-0.0346542 0.0351524 0 2
-0.0215166 0.0191408 0 2
-0.00649032 0.00505179 0 2
0.0102026 -0.00691518 0 2
0.0190992 -0.0120474 0 2
0.0236712 -0.014392 0 2
0.0283203 -0.0165858 0 2
0.0476039 -0.0238132 0 2
0.0677805 -0.0284792 0 2
0.0885661 -0.0304964 0 2
0.0990964 -0.0304927 0 2
0.109669 -0.0298082 0 2
0.130794 -0.0263905 0 2
0.151643 -0.0202512 0 2
0.171921 -0.0114303 0 2
0.181757 -0.00603563 0 2
0.186582 -0.00309712 0 2
0.188971 -0.00156829 0 2
0.191341 0 0 2
0.226497 0.0302476 0 2
0.241713 0.0487709 0 2
0.255037 0.0693192 0 2
0.275177 0.11562 0 2
0.281639 0.140886 0 2
0.285505 0.167206 0 2
0.285044 0.221866 0 2
0.2733 0.277229 0 2
0.250282 0.330863 0 2
0.234687 0.356284 0 2
0.225912 0.368519 0 2
0.216506 0.38039 0 2
0.172971 0.423591 0 2
0.121115 0.458505 0 2
0.0627544 0.483519 0 2
0.0317854 0.491924 0 2
0.0159765 0.495049 0 2
0 0.497442 0 2
-0.0648354 0.499553 0 2
-0.0972807 0.496094 0 2
-0.12934 0.489643 0 2
-0.191111 0.468015 0 2
-0.220249 0.453041 0 2
-0.234262 0.444574 0 2
-0.247861 0.435479 0 2
-0.29752 0.39331 0 2
-0.338329 0.343193 0 2
-0.368915 0.287148 0 2
-0.380068 0.257604 0 2
-0.388357 0.227441 0 2
-0.396218 0.166478 0 2
-0.392574 0.106702 0 2
-0.378001 0.0504802 0 2
-0.366928 0.0243955 0 2
-0.360516 0.0119718 0 2
-0.353553 0 0 2
-0.32071 -0.0428293 0 2
-0.281315 -0.0764616 0 2
-0.237484 -0.0997833 0 2
-0.214619 -0.10736 0 2
-0.203079 -0.110108 0 2
-0.191516 -0.112162 0 2
-0.168473 -0.114188 0 2
-0.145785 -0.113473 0 2
-0.123743 -0.11008 0 2
-0.113054 -0.107409 0 2
-0.102631 -0.104106 0 2
-0.0827174 -0.0956771 0 2
-0.0642582 -0.0849468 0 2
-0.0474906 -0.0720965 0 2
-0.0398098 -0.0649397 0 2
-0.0361563 -0.0611904 0 2
-0.0343776 -0.0592746 0 2
-0.0326315 -0.0573319 0 2
-0.00938866 -0.0229921 0 2
-0.00131488 -0.00392917 0 2
0.00423414 0.0160292 0 2
0.00745875 0.057469 0 2
0.00506282 0.0783536 0 2
0.00286275 0.0887055 0 2
0 0.0989473 0 2
-0.0179205 0.138076 0 2
-0.0305981 0.156038 0 2
-0.0455844 0.172569 0 2
-0.081809 0.200344 0 2
-0.102647 0.211141 0 2
-0.11365 0.21568 0 2
-0.119283 0.217726 0 2
-0.125 0.219618 0 2
-0.148614 0.225614 0 2
-0.173223 0.228994 0 2
-0.198545 0.229652 0 2
-0.211384 0.228937 0 2
-0.224291 0.227516 0 2
-0.275865 0.214722 0 2
-0.301094 0.204077 0 2
-0.313439 0.197711 0 2
-0.325556 0.190662 0 2
-0.371033 0.155896 0 2
-0.391506 0.134809 0 2
-0.410132 0.111474 0 2
-0.440952 0.058887 0 2
-0.452756 0.0301018 0 2
-0.457684 0.0151984 0 2
-0.461939 0 0 2
-0.471958 -0.0630277 0 2
-0.470346 -0.127841 0 2
-0.456939 -0.191991 0 2
-0.445902 -0.223056 0 2
-0.432085 -0.253051 0 2
-0.396623 -0.308715 0 2
-0.35185 -0.356908 0 2
-0.299463 -0.395878 0 2
-0.271035 -0.411464 0 2
-0.256381 -0.418221 0 2
-0.241481 -0.42427 0 2
-0.180156 -0.441188 0 2
-0.117874 -0.446237 0 2
-0.0570457 -0.439535 0 2
-0.0279105 -0.431954 0 2
-0.0137855 -0.427156 0 2
0 -0.421711 0 2
0.0511196 -0.393874 0 2
0.073862 -0.376667 0 2
0.0944512 -0.357564 0 2
0.128497 -0.314679 0 2
0.141686 -0.291441 0 2
0.147278 -0.279499 0 2
0.15219 -0.26739 0 2
0.164941 -0.218046 0 2
0.166664 -0.16906 0 2
0.157777 -0.122807 0 2
0.149621 -0.101411 0 2
0.144678 -0.0912597 0 2
0.139187 -0.081515 0 2
0.112242 -0.0471605 0 2
0.0961642 -0.0331126 0 2
0.0786723 -0.0213833 0 2
0.0600291 -0.0121122 0 2
0.0405109 -0.00541005 0 2
0.0204036 -0.00135654 0 2
0.0102203 -0.000339419 0 2
0.00511247 -8.4877e-05 0 2
0.00255656 -2.12193e-05 0 2
0 0 0 2
-0.0204036 -0.00135654 0 2
-0.0405109 -0.00541005 0 2
-0.0600292 -0.0121122 0 2
-0.0694777 -0.0164328 0 2
-0.0786723 -0.0213833 0 2
-0.112242 -0.0471605 0 2
-0.126659 -0.0633592 0 2
-0.133172 -0.0722055 0 2
-0.139187 -0.081515 0 2
-0.157777 -0.122807 0 2
-0.163501 -0.145448 0 2
-0.166664 -0.16906 0 2
-0.164941 -0.218046 0 2
-0.159951 -0.242824 0 2
-0.156416 -0.255153 0 2
-0.15219 -0.26739 0 2
-0.128497 -0.314679 0 2
-0.0944512 -0.357564 0 2
-0.0511196 -0.393874 0 2
-0.0264246 -0.408957 0 2
-0.0134137 -0.415637 0 2
0 -0.421711 0 2
0.0570457 -0.439535 0 2
0.0871295 -0.444327 0 2
0.117874 -0.446237 0 2
0.180156 -0.441188 0 2
0.211089 -0.4342 0 2
0.226371 -0.4296 0 2
0.241481 -0.42427 0 2
0.299463 -0.395878 0 2
0.35185 -0.356908 0 2
0.396623 -0.308715 0 2
0.415609 -0.281693 0 2
0.432085 -0.253051 0 2
0.456939 -0.191991 0 2
0.470346 -0.127841 0 2
0.471958 -0.0630277 0 2
0.468372 -0.0311401 0 2
0.465506 -0.0154582 0 2
0.461939 0 0 2
0.440952 0.058887 0 2
0.410132 0.111474 0 2
0.371033 0.155896 0 2
0.348961 0.174563 0 2
0.337408 0.182941 0 2
0.325556 0.190662 0 2
0.275865 0.214722 0 2
0.250165 0.222542 0 2
0.224292 0.227516 0 2
0.198545 0.229652 0 2
0.173223 0.228994 0 2
0.148614 0.225614 0 2
0.136666 0.222936 0 2
0.130795 0.221356 0 2
0.127888 0.220507 0 2
0.125 0.219618 0 2
0.0818089 0.200344 0 2
0.0627174 0.187416 0 2
0.0455844 0.172569 0 2
0.0179204 0.138076 0 2
0.00768602 0.118952 0 2
0.00351906 0.109042 0 2
0 0.0989473 0 2
-0.00745872 0.057469 0 2
-0.00717586 0.036594 0 2
-0.00423416 0.0160292 0 2
0.00938869 -0.0229921 0 2
0.0198746 -0.0408812 0 2
0.0259792 -0.0493023 0 2
0.0292382 -0.053368 0 2
0.0326315 -0.0573319 0 2
0.0474905 -0.0720965 0 2
0.0642582 -0.0849468 0 2
0.0827174 -0.0956771 0 2
0.092508 -0.10019 0 2
0.102631 -0.104106 0 2
0.123743 -0.11008 0 2
0.145785 -0.113473 0 2
0.168473 -0.114188 0 2
0.179968 -0.11352 0 2
0.185738 -0.112928 0 2
0.191516 -0.112162 0 2
0.237484 -0.0997833 0 2
0.259813 -0.0894626 0 2
0.281315 -0.0764616 0 2
0.32071 -0.0428293 0 2
0.338073 -0.0224771 0 2
0.346063 -0.0114918 0 2
0.353553 0 0 2
0.378001 0.0504802 0 2
0.392574 0.106702 0 2
0.396218 0.166478 0 2
0.393742 0.196964 0 2
0.388357 0.227441 0 2
0.368915 0.287148 0 2
0.338329 0.343193 0 2
0.29752 0.39331 0 2
0.273695 0.415502 0 2
0.261015 0.425781 0 2
0.247861 0.435479 0 2
0.191111 0.468015 0 2
0.12934 0.489643 0 2
0.0648354 0.499553 0 2
0.0323072 0.499999 0 2
0.0161071 0.499094 0 2
0 0.497442 0 2
-0.0627544 0.483519 0 2
-0.0926217 0.472335 0 2
-0.121115 0.458505 0 2
-0.172971 0.423591 0 2
-0.195878 0.402911 0 2
-0.206488 0.391865 0 2
-0.216506 0.38039 0 2
-0.250282 0.330863 0 2
-0.2733 0.277229 0 2
-0.285044 0.221866 0 2
-0.286665 0.194297 0 2
-0.285505 0.167206 0 2
-0.275177 0.11562 0 2
-0.255037 0.0693192 0 2
-0.226497 0.0302476 0 2
-0.209622 0.0139369 0 2
-0.200641 0.00666273 0 2
-0.196029 0.00325388 0 2
-0.191341 0 0 2
-0.171922 -0.0114303 0 2
-0.151643 -0.0202512 0 2
-0.130794 -0.0263905 0 2
-0.120247 -0.0284408 0 2
-0.109669 -0.0298082 0 2
-0.0885661 -0.0304964 0 2
-0.0677805 -0.0284792 0 2
-0.0476039 -0.0238132 0 2
-0.0378332 -0.020513 0 2
-0.0330424 -0.0186268 0 2
-0.0283203 -0.0165858 0 2
-0.0102026 -0.00691518 0 2
0.00649029 0.00505179 0 2
0.0215166 0.0191408 0 2
0.0283346 0.0269197 0 2
0.0346543 0.0351524 0 2
0.0544891 0.0720325 0 2
0.060863 0.0923973 0 2
0.0631067 0.102943 0 2
0.0647047 0.113683 0 2
0.064461 0.15786 0 2
0.0534081 0.202187 0 2
0.0317023 0.244265 0 2
0.0170408 0.263731 0 2
0.00880879 0.272948 0 2
0 0.281778 0 2
-0.0405714 0.312601 0 2
-0.0637137 0.324915 0 2
-0.0884632 0.334895 0 2
-0.141775 0.347195 0 2
-0.169793 0.349256 0 2
-0.184018 0.349223 0 2
-0.191169 0.348937 0 2
-0.198338 0.34847 0 2
-0.255816 0.338178 0 2
-0.284146 0.328665 0 2
-0.311806 0.316288 0 2
-0.363948 0.283282 0 2
-0.387877 0.262897 0 2
-0.410032 0.240135 0 2
-0.448095 0.188275 0 2
-0.476511 0.129516 0 2
-0.494063 0.0659797 0 2
-0.498511 0.0331439 0 2
-0.499627 0.0165913 0 2
-0.499999 0 0 2
-0.494063 -0.0659797 0 2
-0.476511 -0.129516 0 2
-0.448095 -0.188275 0 2
-0.430177 -0.215189 0 2
-0.410032 -0.240135 0 2
-0.363948 -0.283282 0 2
-0.311806 -0.316288 0 2
-0.255816 -0.338178 0 2
-0.227112 -0.344784 0 2
-0.212715 -0.346992 0 2
-0.205522 -0.347822 0 2
-0.198338 -0.34847 0 2
-0.141775 -0.347195 0 2
-0.114572 -0.34237 0 2
-0.0884632 -0.334895 0 2
-0.0405714 -0.312601 0 2
-0.0192647 -0.298148 0 2
-0.00936514 -0.290188 0 2
0 -0.281778 0 2
0.0317023 -0.244265 0 2
0.0438573 -0.223655 0 2
0.0534081 -0.202187 0 2
0.064461 -0.15786 0 2
0.0659239 -0.135602 0 2
0.0656465 -0.124582 0 2
0.0647047 -0.113683 0 2
0.0544891 -0.0720325 0 2
0.0346543 -0.0351524 0 2
0.0215166 -0.0191408 0 2
0.00649029 -0.00505179 0 2
-0.0102026 0.00691515 0 2
-0.0190992 0.0120474 0 2
-0.0236712 0.014392 0 2
-0.0283203 0.0165858 0 2
-0.0476039 0.0238132 0 2
-0.0677805 0.0284792 0 2
-0.0885661 0.0304964 0 2
-0.0990964 0.0304927 0 2
-0.109669 0.0298082 0 2
-0.130794 0.0263905 0 2
-0.151643 0.0202512 0 2
-0.171922 0.0114303 0 2
-0.181757 0.00603563 0 2
-0.186582 0.00309712 0 2
-0.188971 0.00156826 0 2
-0.191341 0 0 2
-0.226497 -0.0302476 0 2
-0.241713 -0.0487709 0 2
-0.255037 -0.0693193 0 2
-0.275177 -0.11562 0 2
-0.281639 -0.140886 0 2
-0.285505 -0.167206 0 2
-0.285044 -0.221866 0 2
-0.2733 -0.277229 0 2
-0.250282 -0.330863 0 2
-0.234687 -0.356284 0 2
-0.225912 -0.368519 0 2
-0.216506 -0.38039 0 2
-0.172971 -0.423591 0 2
-0.121115 -0.458505 0 2
-0.0627544 -0.483519 0 2
-0.0317854 -0.491924 0 2
-0.0159765 -0.495049 0 2
0 -0.497442 0 2
0.0648354 -0.499553 0 2
0.0972807 -0.496094 0 2
0.12934 -0.489643 0 2
0.191111 -0.468015 0 2
0.220249 -0.453041 0 2
0.234262 -0.444574 0 2
0.247861 -0.435479 0 2
0.29752 -0.39331 0 2
0.338329 -0.343193 0 2
0.368915 -0.287148 0 2
0.380068 -0.257604 0 2
0.388357 -0.227441 0 2
0.396218 -0.166478 0 2
0.392574 -0.106702 0 2
0.378001 -0.0504802 0 2
0.366928 -0.0243955 0 2
0.360516 -0.0119718 0 2
0.353553 0 0 2
0.32071 0.0428293 0 2
0.281315 0.0764616 0 2
0.237484 0.0997833 0 2
0.214619 0.10736 0 2
0.203079 0.110108 0 2
0.191516 0.112162 0 2
0.168473 0.114188 0 2
0.145785 0.113473 0 2
0.123743 0.11008 0 2
0.113054 0.107409 0 2
0.102631 0.104106 0 2
0.0827174 0.0956771 0 2
0.0642582 0.0849467 0 2
0.0474905 0.0720964 0 2
0.0398098 0.0649397 0 2
0.0361564 0.0611904 0 2
0.0343776 0.0592746 0 2
0.0326315 0.0573319 0 2
0.00938869 0.0229921 0 2
0.00131488 0.00392914 0 2
-0.00423416 -0.0160293 0 2
-0.00745872 -0.057469 0 2
-0.00506279 -0.0783536 0 2
-0.00286278 -0.0887056 0 2
0 -0.0989473 0 2
0.0179204 -0.138076 0 2
0.0305981 -0.156038 0 2
0.0455844 -0.172569 0 2
0.0818089 -0.200344 0 2
0.102647 -0.211141 0 2
0.11365 -0.21568 0 2
0.119283 -0.217726 0 2
0.125 -0.219618 0 2
0.148614 -0.225614 0 2
0.173223 -0.228994 0 2
0.198545 -0.229652 0 2
0.211384 -0.228937 0 2
0.224292 -0.227516 0 2
0.275865 -0.214722 0 2
0.301094 -0.204077 0 2
0.313439 -0.197711 0 2
0.325556 -0.190662 0 2
0.371033 -0.155896 0 2
0.391506 -0.134809 0 2
0.410132 -0.111474 0 2
0.440952 -0.058887 0 2
0.452756 -0.0301018 0 2
0.457684 -0.0151984 0 2
0.461939 0 0 2
0.471958 0.0630276 0 2
0.470346 0.127841 0 2
0.456939 0.191991 0 2
0.445902 0.223056 0 2
0.432085 0.253051 0 2
0.396623 0.308715 0 2
0.35185 0.356908 0 2
0.299463 0.395878 0 2
0.271035 0.411464 0 2
0.256381 0.418221 0 2
0.241481 0.42427 0 2
0.180156 0.441188 0 2
0.117874 0.446237 0 2
0.0570457 0.439535 0 2
0.0279105 0.431954 0 2
0.0137855 0.427156 0 2
0 0.421711 0 2
-0.0511196 0.393874 0 2
-0.0738619 0.376667 0 2
-0.0944512 0.357564 0 2
-0.128497 0.314679 0 2
-0.141686 0.291441 0 2
-0.147278 0.279499 0 2
-0.15219 0.26739 0 2
-0.164941 0.218046 0 2
-0.166664 0.16906 0 2
-0.157777 0.122807 0 2
-0.149621 0.101411 0 2
-0.144678 0.0912597 0 2
-0.139187 0.081515 0 2
-0.112242 0.0471605 0 2
-0.0961642 0.0331126 0 2
-0.0786723 0.0213832 0 2
-0.0600292 0.0121122 0 2
-0.0405109 0.00541002 0 2
-0.0204036 0.00135654 0 2
-0.0102203 0.000339389 0 2
-0.0051125 8.4877e-05 0 2
-0.00255653 2.12193e-05 0 2
0 0 0 2
0.0204036 0.00135654 0 2
0.0405109 0.00541002 0 2
0.0600291 0.0121122 0 2
0.0694777 0.0164328 0 2
0.0786723 0.0213832 0 2
0.112242 0.0471605 0 2
0.126659 0.0633591 0 2
0.133173 0.0722055 0 2
0.139187 0.081515 0 2
0.157777 0.122807 0 2
0.163501 0.145448 0 2
0.166664 0.16906 0 2
0.164941 0.218046 0 2
0.159951 0.242824 0 2
0.156416 0.255153 0 2
0.15219 0.26739 0 2
0.128497 0.314679 0 2
0.0944512 0.357564 0 2
0.0511196 0.393874 0 2
0.0264246 0.408957 0 2
0.0134137 0.415637 0 2
0 0.421711 0 2
-0.0570457 0.439535 0 2
-0.0871295 0.444327 0 2
-0.117874 0.446237 0 2
-0.180156 0.441188 0 2
-0.211089 0.4342 0 2
-0.226371 0.4296 0 2
-0.241481 0.42427 0 2
-0.299463 0.395878 0 2
-0.35185 0.356908 0 2
-0.396623 0.308715 0 2
-0.415609 0.281693 0 2
-0.432085 0.253051 0 2
-0.456939 0.191991 0 2
-0.470346 0.127841 0 2
-0.471958 0.0630276 0 2
-0.468372 0.0311401 0 2
-0.465506 0.0154582 0 2
-0.461939 0 0 2
-0.440952 -0.058887 0 2
-0.410132 -0.111474 0 2
-0.371033 -0.155896 0 2
-0.348961 -0.174563 0 2
-0.337408 -0.182941 0 2
-0.325556 -0.190662 0 2
-0.275865 -0.214722 0 2
-0.250165 -0.222542 0 2
-0.224291 -0.227516 0 2
-0.198545 -0.229652 0 2
-0.173223 -0.228994 0 2
-0.148614 -0.225614 0 2
-0.136666 -0.222936 0 2
-0.130795 -0.221356 0 2
-0.127888 -0.220507 0 2
-0.125 -0.219618 0 2
-0.081809 -0.200344 0 2
-0.0627174 -0.187416 0 2
-0.0455844 -0.172569 0 2
-0.0179205 -0.138076 0 2
-0.00768605 -0.118952 0 2
-0.00351906 -0.109042 0 2
0 -0.0989473 0 2
0.00745875 -0.057469 0 2
0.00717586 -0.0365941 0 2
0.00423414 -0.0160293 0 2
-0.00938866 0.0229921 0 2
-0.0198747 0.0408812 0 2
-0.0259791 0.0493022 0 2
-0.0292382 0.053368 0 2
-0.0326315 0.0573319 0 2
-0.0474906 0.0720964 0 2
-0.0642582 0.0849467 0 2
-0.0827174 0.0956771 0 2
-0.092508 0.10019 0 2
-0.102631 0.104106 0 2
-0.123743 0.11008 0 2
-0.145785 0.113473 0 2
-0.168473 0.114188 0 2
-0.179968 0.11352 0 2
-0.185738 0.112928 0 2
-0.191516 0.112162 0 2
-0.237484 0.0997833 0 2
-0.259813 0.0894625 0 2
-0.281315 0.0764616 0 2
-0.32071 0.0428293 0 2
-0.338073 0.022477 0 2
-0.346063 0.0114918 0 2
-0.353553 0 0 2
-0.378001 -0.0504802 0 2
-0.392574 -0.106702 0 2
-0.396218 -0.166478 0 2
-0.393742 -0.196964 0 2
-0.388357 -0.227441 0 2
-0.368915 -0.287148 0 2
-0.338329 -0.343193 0 2
-0.29752 -0.39331 0 2
-0.273695 -0.415502 0 2
-0.261015 -0.425781 0 2
-0.247861 -0.435479 0 2
-0.191111 -0.468015 0 2
-0.12934 -0.489643 0 2
-0.0648354 -0.499553 0 2
-0.0323072 -0.499999 0 2
-0.0161071 -0.499094 0 2
0 -0.497442 0 2
0.0627544 -0.483519 0 2
0.0926217 -0.472335 0 2
0.121115 -0.458505 0 2
0.172971 -0.423591 0 2
0.195878 -0.402911 0 2
0.206488 -0.391865 0 2
0.216506 -0.38039 0 2
0.250282 -0.330863 0 2
0.2733 -0.277229 0 2
0.285044 -0.221866 0 2
0.286665 -0.194297 0 2
0.285505 -0.167206 0 2
0.275177 -0.11562 0 2
0.255037 -0.0693193 0 2
0.226497 -0.0302476 0 2
0.209622 -0.0139369 0 2
0.200641 -0.00666273 0 2
0.196029 -0.00325391 0 2
0.191341 0 0 2
0.171921 0.0114303 0 2
0.151643 0.0202512 0 2
0.130794 0.0263905 0 2
0.120247 0.0284408 0 2
0.109669 0.0298082 0 2
0.0885661 0.0304964 0 2
0.0677805 0.0284792 0 2
0.0476039 0.0238132 0 2
0.0378332 0.0205129 0 2
0.0330424 0.0186268 0 2
0.0283203 0.0165858 0 2
0.0102026 0.00691515 0 2
-0.00649032 -0.00505179 0 2
-0.0215166 -0.0191408 0 2
-0.0283345 -0.0269197 0 2
-0.0346542 -0.0351524 0 2
-0.0544892 -0.0720325 0 2
-0.060863 -0.0923973 0 2
-0.0631067 -0.102943 0 2
-0.0647047 -0.113683 0 2
-0.064461 -0.15786 0 2
-0.0534081 -0.202187 0 2
-0.0317024 -0.244265 0 2
-0.0170408 -0.263731 0 2
-0.00880876 -0.272948 0 2
0 -0.281778 0 2
0.0405715 -0.312601 0 2
0.0637137 -0.324915 0 2
0.0884632 -0.334895 0 2
0.141775 -0.347195 0 2
0.169793 -0.349256 0 2
0.184018 -0.349223 0 2
0.191169 -0.348937 0 2
0.198338 -0.34847 0 2
0.255816 -0.338178 0 2
0.284146 -0.328665 0 2
0.311806 -0.316288 0 2
0.363948 -0.283282 0 2
0.387877 -0.262897 0 2
0.410032 -0.240135 0 2
0.448095 -0.188275 0 2
0.476511 -0.129516 0 2
0.494063 -0.0659797 0 2
0.499999 0 0 2
