#6
6x10
9 1 1 1 1 1 2 1 2 2 
6 1 1 2 1 1 2 0 0 0 
4 1 1 1 1 0 0 0 0 0 
6 2 2 2 2 2 2 0 0 0 
8 1 2 1 2 2 2 2 2 0 
1 72 0 0 0 0 0 0 0 0
6x9
3 1 1 1 0 0 0 0 0 
6 1 1 2 1 1 2 0 0 
4 1 1 1 1 0 0 0 0 
6 2 2 2 2 2 2 0 0 
8 1 2 1 2 2 2 2 2 
1 72 0 0 0 0 0 0 0
6x9
6 1 1 2 1 2 2 0 0 
6 1 1 2 1 1 2 0 0 
4 1 1 1 1 0 0 0 0 
6 2 2 2 2 2 2 0 0 
8 1 2 1 2 2 2 2 2 
1 72 0 0 0 0 0 0 0
6x10
9 1 1 1 1 1 2 1 2 2 
3 1 1 1 0 0 0 0 0 0 
4 1 1 1 1 0 0 0 0 0 
6 2 2 2 2 2 2 0 0 0 
8 1 2 1 2 2 2 2 2 0 
1 48 0 0 0 0 0 0 0 0
6x10
9 1 1 1 1 1 2 1 2 2 
3 1 1 1 0 0 0 0 0 0 
6 1 1 2 1 1 2 0 0 0 
6 2 2 2 2 2 2 0 0 0 
8 1 2 1 2 2 2 2 2 0 
3 48 0 0 0 0 0 0 0 0
5x10
9 1 1 1 1 1 2 1 2 2 
3 1 1 1 0 0 0 0 0 0 
6 1 1 2 1 1 2 0 0 0 
4 1 1 1 1 0 0 0 0 0 
4 36 0 0 0 0 0 0 0 0
