#5
6x14
13 1 1 1 1 1 1 1 1 2 1 1 2 2 
4 1 2 2 1 0 0 0 0 0 0 0 0 0 
8 1 1 1 1 1 2 2 1 0 0 0 0 0 
8 1 1 1 1 1 1 2 2 0 0 0 0 0 
6 1 1 1 1 1 1 0 0 0 0 0 0 0 
1 48 0 0 0 0 0 0 0 0 0 0 0 0
6x10
9 1 1 1 1 1 1 1 1 1 
4 1 2 2 1 0 0 0 0 0 
8 1 1 1 1 1 2 2 1 0 
8 1 1 1 1 1 1 2 2 0 
6 1 1 1 1 1 1 0 0 0 
1 48 0 0 0 0 0 0 0 0
6x17
16 1 1 1 1 1 1 1 1 1 1 1 2 1 1 2 2 
4 1 2 2 1 0 0 0 0 0 0 0 0 0 0 0 0 
8 1 1 1 1 1 2 2 1 0 0 0 0 0 0 0 0 
8 1 1 1 1 1 1 2 2 0 0 0 0 0 0 0 0 
6 1 1 1 1 1 1 0 0 0 0 0 0 0 0 0 0 
1 48 0 0 0 0 0 0 0 0 0 0 0 0 0 0 0
6x14
13 1 1 1 1 1 1 1 1 2 1 1 2 2 
9 1 1 1 1 1 1 1 1 1 0 0 0 0 
8 1 1 1 1 1 2 2 1 0 0 0 0 0 
8 1 1 1 1 1 1 2 2 0 0 0 0 0 
6 1 1 1 1 1 1 0 0 0 0 0 0 0 
3 32 0 0 0 0 0 0 0 0 0 0 0 0
5x14
13 1 1 1 1 1 1 1 1 2 1 1 2 2 
9 1 1 1 1 1 1 1 1 1 0 0 0 0 
4 1 2 2 1 0 0 0 0 0 0 0 0 0 
6 1 1 1 1 1 1 0 0 0 0 0 0 0 
4 24 0 0 0 0 0 0 0 0 0 0 0 0
