#5
6x11
3 1 2 1 0 0 0 0 0 0 0 
6 1 1 2 1 2 1 0 0 0 0 
4 2 1 2 1 0 0 0 0 0 0 
10 1 1 1 1 1 1 1 2 1 2 
6 1 1 1 1 1 1 0 0 0 0 
1 48 0 0 0 0 0 0 0 0 0
6x11
3 1 1 1 0 0 0 0 0 0 0 
6 1 1 2 1 2 1 0 0 0 0 
4 2 1 2 1 0 0 0 0 0 0 
10 1 1 1 1 1 1 1 2 1 2 
6 1 1 1 1 1 1 0 0 0 0 
1 48 0 0 0 0 0 0 0 0 0
6x13
12 1 1 1 1 1 1 1 1 1 1 2 1 
6 1 1 2 1 2 1 0 0 0 0 0 0 
4 2 1 2 1 0 0 0 0 0 0 0 0 
10 1 1 1 1 1 1 1 2 1 2 0 0 
6 1 1 1 1 1 1 0 0 0 0 0 0 
1 48 0 0 0 0 0 0 0 0 0 0 0
6x11
3 1 2 1 0 0 0 0 0 0 0 
3 1 1 1 0 0 0 0 0 0 0 
4 2 1 2 1 0 0 0 0 0 0 
10 1 1 1 1 1 1 1 2 1 2 
6 1 1 1 1 1 1 0 0 0 0 
3 32 0 0 0 0 0 0 0 0 0
5x7
3 1 2 1 0 0 0 
3 1 1 1 0 0 0 
6 1 1 2 1 2 1 
6 1 1 1 1 1 1 
4 24 0 0 0 0 0
