#8
6x9
1 3 0 0 0 0 0 0 0 
3 3 1 3 0 0 0 0 0 
4 1 3 1 3 0 0 0 0 
8 2 3 1 3 2 3 1 3 
8 3 2 3 1 3 2 3 1 
1 72 0 0 0 0 0 0 0
6x10
1 3 0 0 0 0 0 0 0 0 
9 2 3 1 3 2 3 1 3 2 
4 1 3 1 3 0 0 0 0 0 
8 2 3 1 3 2 3 1 3 0 
8 3 2 3 1 3 2 3 1 0 
1 72 0 0 0 0 0 0 0 0
6x13
1 3 0 0 0 0 0 0 0 0 0 0 0 
12 2 3 1 3 2 3 1 3 2 3 1 3 
4 1 3 1 3 0 0 0 0 0 0 0 0 
8 2 3 1 3 2 3 1 3 0 0 0 0 
8 3 2 3 1 3 2 3 1 0 0 0 0 
1 72 0 0 0 0 0 0 0 0 0 0 0
6x10
3 3 1 3 0 0 0 0 0 0 
9 2 3 1 3 2 3 1 3 2 
4 1 3 1 3 0 0 0 0 0 
8 2 3 1 3 2 3 1 3 0 
8 3 2 3 1 3 2 3 1 0 
1 72 0 0 0 0 0 0 0 0
6x11
10 2 3 1 3 2 3 1 3 2 3 
3 3 1 3 0 0 0 0 0 0 0 
4 1 3 1 3 0 0 0 0 0 0 
8 2 3 1 3 2 3 1 3 0 0 
8 3 2 3 1 3 2 3 1 0 0 
1 72 0 0 0 0 0 0 0 0 0
6x10
2 1 3 0 0 0 0 0 0 0 
9 2 3 1 3 2 3 1 3 2 
4 1 3 1 3 0 0 0 0 0 
8 2 3 1 3 2 3 1 3 0 
8 3 2 3 1 3 2 3 1 0 
1 72 0 0 0 0 0 0 0 0
6x13
10 2 3 1 3 2 3 1 3 2 3 0 0 
12 2 3 1 3 2 3 1 3 2 3 1 3 
4 1 3 1 3 0 0 0 0 0 0 0 0 
8 2 3 1 3 2 3 1 3 0 0 0 0 
8 3 2 3 1 3 2 3 1 0 0 0 0 
1 72 0 0 0 0 0 0 0 0 0 0 0
5x10
1 3 0 0 0 0 0 0 0 0 
3 3 1 3 0 0 0 0 0 0 
9 2 3 1 3 2 3 1 3 2 
4 1 3 1 3 0 0 0 0 0 
9 16 0 0 0 0 0 0 0 0
