#8
5x8
1 3 0 0 0 0 0 0 
7 1 1 2 1 2 1 2 
2 1 1 0 0 0 0 0 
6 1 1 1 2 1 2 0 
1 24 0 0 0 0 0 0
5x7
1 3 0 0 0 0 0 
1 1 0 0 0 0 0 
2 1 1 0 0 0 0 
6 1 1 1 2 1 2 
1 24 0 0 0 0 0
5x9
1 3 0 0 0 0 0 0 0 
8 1 1 1 2 1 2 1 2 
2 1 1 0 0 0 0 0 0 
6 1 1 1 2 1 2 0 0 
1 24 0 0 0 0 0 0 0
5x8
7 1 1 2 1 2 1 2 
1 1 0 0 0 0 0 0 
2 1 1 0 0 0 0 0 
6 1 1 1 2 1 2 0 
1 24 0 0 0 0 0 0
5x8
2 1 3 0 0 0 0 0 
7 1 1 2 1 2 1 2 
2 1 1 0 0 0 0 0 
6 1 1 1 2 1 2 0 
1 24 0 0 0 0 0 0
5x9
8 1 1 2 1 2 1 2 3 
1 1 0 0 0 0 0 0 0 
2 1 1 0 0 0 0 0 0 
6 1 1 1 2 1 2 0 0 
1 24 0 0 0 0 0 0 0
5x9
2 1 3 0 0 0 0 0 0 
8 1 1 1 2 1 2 1 2 
2 1 1 0 0 0 0 0 0 
6 1 1 1 2 1 2 0 0 
1 24 0 0 0 0 0 0 0
5x8
1 3 0 0 0 0 0 0 
7 1 1 2 1 2 1 2 
1 1 0 0 0 0 0 0 
2 1 1 0 0 0 0 0 
3 16 0 0 0 0 0 0
