#9
7x15
1 3 0 0 0 0 0 0 0 0 0 0 0 0 0 
9 1 1 1 1 2 1 2 1 2 0 0 0 0 0 
4 1 1 1 1 0 0 0 0 0 0 0 0 0 0 
14 1 1 1 1 1 1 1 1 1 1 2 1 2 1 
14 1 1 1 1 1 1 1 1 1 1 2 1 1 2 
6 1 1 1 1 1 1 0 0 0 0 0 0 0 0 
1 96 0 0 0 0 0 0 0 0 0 0 0 0 0
7x15
1 3 0 0 0 0 0 0 0 0 0 0 0 0 0 
3 1 1 1 0 0 0 0 0 0 0 0 0 0 0 
4 1 1 1 1 0 0 0 0 0 0 0 0 0 0 
14 1 1 1 1 1 1 1 1 1 1 2 1 2 1 
14 1 1 1 1 1 1 1 1 1 1 2 1 1 2 
6 1 1 1 1 1 1 0 0 0 0 0 0 0 0 
1 96 0 0 0 0 0 0 0 0 0 0 0 0 0
7x15
1 3 0 0 0 0 0 0 0 0 0 0 0 0 0 
12 1 1 1 1 1 1 1 2 1 2 1 2 0 0 
4 1 1 1 1 0 0 0 0 0 0 0 0 0 0 
14 1 1 1 1 1 1 1 1 1 1 2 1 2 1 
14 1 1 1 1 1 1 1 1 1 1 2 1 1 2 
6 1 1 1 1 1 1 0 0 0 0 0 0 0 0 
1 96 0 0 0 0 0 0 0 0 0 0 0 0 0
7x15
9 1 1 1 1 2 1 2 1 2 0 0 0 0 0 
3 1 1 1 0 0 0 0 0 0 0 0 0 0 0 
4 1 1 1 1 0 0 0 0 0 0 0 0 0 0 
14 1 1 1 1 1 1 1 1 1 1 2 1 2 1 
14 1 1 1 1 1 1 1 1 1 1 2 1 1 2 
6 1 1 1 1 1 1 0 0 0 0 0 0 0 0 
1 96 0 0 0 0 0 0 0 0 0 0 0 0 0
7x15
10 1 1 1 1 1 1 1 1 1 3 0 0 0 0 
9 1 1 1 1 2 1 2 1 2 0 0 0 0 0 
4 1 1 1 1 0 0 0 0 0 0 0 0 0 0 
14 1 1 1 1 1 1 1 1 1 1 2 1 2 1 
14 1 1 1 1 1 1 1 1 1 1 2 1 1 2 
6 1 1 1 1 1 1 0 0 0 0 0 0 0 0 
1 96 0 0 0 0 0 0 0 0 0 0 0 0 0
7x15
10 1 1 1 1 2 1 2 1 2 3 0 0 0 0 
3 1 1 1 0 0 0 0 0 0 0 0 0 0 0 
4 1 1 1 1 0 0 0 0 0 0 0 0 0 0 
14 1 1 1 1 1 1 1 1 1 1 2 1 2 1 
14 1 1 1 1 1 1 1 1 1 1 2 1 1 2 
6 1 1 1 1 1 1 0 0 0 0 0 0 0 0 
1 96 0 0 0 0 0 0 0 0 0 0 0 0 0
7x15
10 1 1 1 1 1 1 1 1 1 3 0 0 0 0 
12 1 1 1 1 1 1 1 2 1 2 1 2 0 0 
4 1 1 1 1 0 0 0 0 0 0 0 0 0 0 
14 1 1 1 1 1 1 1 1 1 1 2 1 2 1 
14 1 1 1 1 1 1 1 1 1 1 2 1 1 2 
6 1 1 1 1 1 1 0 0 0 0 0 0 0 0 
1 96 0 0 0 0 0 0 0 0 0 0 0 0 0
7x15
1 3 0 0 0 0 0 0 0 0 0 0 0 0 0 
9 1 1 1 1 2 1 2 1 2 0 0 0 0 0 
3 1 1 1 0 0 0 0 0 0 0 0 0 0 0 
14 1 1 1 1 1 1 1 1 1 1 2 1 2 1 
14 1 1 1 1 1 1 1 1 1 1 2 1 1 2 
6 1 1 1 1 1 1 0 0 0 0 0 0 0 0 
1 64 0 0 0 0 0 0 0 0 0 0 0 0 0
6x10
1 3 0 0 0 0 0 0 0 0 
9 1 1 1 1 2 1 2 1 2 
3 1 1 1 0 0 0 0 0 0 
4 1 1 1 1 0 0 0 0 0 
6 1 1 1 1 1 1 0 0 0 
4 48 0 0 0 0 0 0 0 0
