10x18	% 
 1  5 10 20 20 60 60 60 60 80 80 120 160 160 160 240 240 384
 1  2  2  2  4  2  2  4  4  3  6   4   6   6  12   4   8   5
 5 -3  1  3 -3 -1  1  1  1  2 -2  -1   0   0   0   1  -1   0
 5  5  5  5  1  5  5 -3  1  2  2   1   2   2  -2   1   1   0
 5 -3  1  3 -3 -1  1  1  1  5  1  -1  -3   3  -3   1  -1   0
 0  4  2  1  5  3  2  4  3  2  4   4   4   3   5   3   5   4
 5  1  3  4  2  2  3  5  4  5  3   3   3   4   4   4   4   5
 0  4  2  1  5  3  2  4  3  2  4   4   4   3   5   3   5   4
 5  1  3  4  2  2  3  5  4  5  3   3   3   4   4   4   4   5
 5 -3  1  3 -3 -1  1  1  1  2 -2  -1   0   0   0   1  -1   0
