#4
4x8
7 1 2 1 2 2 2 2 
4 1 2 1 2 0 0 0 
6 1 2 1 2 2 2 0 
1 12 0 0 0 0 0 0
4x7
5 2 1 2 2 2 0 
4 1 2 1 2 0 0 
6 1 2 1 2 2 2 
1 12 0 0 0 0 0
4x7
2 2 1 0 0 0 0 
4 1 2 1 2 0 0 
6 1 2 1 2 2 2 
1 12 0 0 0 0 0
4x8
7 1 2 1 2 2 2 2 
5 2 1 2 2 2 0 0 
4 1 2 1 2 0 0 0 
3 8 0 0 0 0 0 0
#4 1 1 0
0 1 min.39 1 1 0
1 1 group.65 1 1 0
2 1 min.41 1 1 0
3 3 group.46 1 4 0
#4 1 1 1
0 1 min.39 1 1 0
1 1 group.65 1 1 1
2 1 min.41 1 1 0
3 3 group.46 1 4 1
#4 2 1 0
0 1 min.39 1 1 0
1 1 group.65 2 1 0
2 1 min.41 2 1 0
3 3 group.46 1 4 0
#4 2 1 1
0 1 min.39 1 1 0
1 1 group.65 2 1 1
2 1 min.41 2 1 0
3 3 group.46 1 4 1
