PS 0
-0.5772156649015328655
0
0
0
PS 1
1.0000000000000000000
0
0
0
PS 2
-0.2500000000000000000
0
0
0
PS 3
0.05555555555555555247
0
0
0
PS 4
-0.010416666666666666088
0
0
0
PS 5
0.0016666666666666667736
0
0
0
PS 6
-0.00023148148148148149032
0
0
0
PS 7
2.8344671201814060384e-5
0
0
0
PS 8
-3.100198412698412696e-6
0
0
0
PS 9
3.061924358220654429e-7
0
0
0
PS 10
-2.7557319223985890923e-8
0
0
0
PS 11
2.277464398676519983e-9
0
0
0
PS 12
-1.7397297489890083489e-10
0
0
0
PS 13
1.2353110643708934830e-11
0
0
0
PS 14
-8.193389712664088645e-13
0
0
0
PS 15
5.098109154546544607e-14
0
0
0
PS 16
-2.9871733327421157834e-15
0
0
0
PS 17
1.6537983849091297491e-16
0
0
0
PS 18
-8.677337204770125322e-18
0
0
0
PS 19
4.326650129802279011e-19
0
0
0
TACKS 0
-1.0000000000000000000
0
0
0
END
