#9
7x9
3 3 3 3 0 0 0 0 0 
1 2 0 0 0 0 0 0 0 
2 2 2 0 0 0 0 0 0 
4 1 1 3 3 0 0 0 0 
2 1 1 0 0 0 0 0 0 
8 1 1 1 3 1 1 1 3 
1 96 0 0 0 0 0 0 0
7x9
3 3 3 3 0 0 0 0 0 
5 3 1 1 1 3 0 0 0 
2 2 2 0 0 0 0 0 0 
4 1 1 3 3 0 0 0 0 
2 1 1 0 0 0 0 0 0 
8 1 1 1 3 1 1 1 3 
1 96 0 0 0 0 0 0 0
7x9
3 3 3 3 0 0 0 0 0 
6 2 3 1 1 1 3 0 0 
2 2 2 0 0 0 0 0 0 
4 1 1 3 3 0 0 0 0 
2 1 1 0 0 0 0 0 0 
8 1 1 1 3 1 1 1 3 
1 96 0 0 0 0 0 0 0
7x9
1 2 0 0 0 0 0 0 0 
5 3 1 1 1 3 0 0 0 
2 2 2 0 0 0 0 0 0 
4 1 1 3 3 0 0 0 0 
2 1 1 0 0 0 0 0 0 
8 1 1 1 3 1 1 1 3 
1 96 0 0 0 0 0 0 0
7x9
6 1 3 1 1 3 3 0 0 
1 2 0 0 0 0 0 0 0 
2 2 2 0 0 0 0 0 0 
4 1 1 3 3 0 0 0 0 
2 1 1 0 0 0 0 0 0 
8 1 1 1 3 1 1 1 3 
1 96 0 0 0 0 0 0 0
7x9
8 1 1 1 2 1 3 3 3 
5 3 1 1 1 3 0 0 0 
2 2 2 0 0 0 0 0 0 
4 1 1 3 3 0 0 0 0 
2 1 1 0 0 0 0 0 0 
8 1 1 1 3 1 1 1 3 
1 96 0 0 0 0 0 0 0
7x9
6 1 3 1 1 3 3 0 0 
6 2 3 1 1 1 3 0 0 
2 2 2 0 0 0 0 0 0 
4 1 1 3 3 0 0 0 0 
2 1 1 0 0 0 0 0 0 
8 1 1 1 3 1 1 1 3 
1 96 0 0 0 0 0 0 0
7x9
3 3 3 3 0 0 0 0 0 
1 2 0 0 0 0 0 0 0 
5 3 1 1 1 3 0 0 0 
2 2 2 0 0 0 0 0 0 
2 1 1 0 0 0 0 0 0 
8 1 1 1 3 1 1 1 3 
3 64 0 0 0 0 0 0 0
6x6
3 3 3 3 0 0 
1 2 0 0 0 0 
5 3 1 1 1 3 
2 2 2 0 0 0 
4 1 1 3 3 0 
4 48 0 0 0 0
