#6
6x11
10 1 2 1 1 1 2 1 2 2 2 
4 2 1 2 1 0 0 0 0 0 0 
6 2 1 2 2 2 1 0 0 0 0 
6 1 2 2 1 2 2 0 0 0 0 
8 1 1 1 2 2 1 2 2 0 0 
1 72 0 0 0 0 0 0 0 0 0
6x9
5 2 2 1 2 2 0 0 0 
4 2 1 2 1 0 0 0 0 
6 2 1 2 2 2 1 0 0 
6 1 2 2 1 2 2 0 0 
8 1 1 1 2 2 1 2 2 
1 72 0 0 0 0 0 0 0
6x9
7 2 1 2 1 2 2 2 0 
4 2 1 2 1 0 0 0 0 
6 2 1 2 2 2 1 0 0 
6 1 2 2 1 2 2 0 0 
8 1 1 1 2 2 1 2 2 
1 72 0 0 0 0 0 0 0
6x11
10 1 2 1 1 1 2 1 2 2 2 
5 2 2 1 2 2 0 0 0 0 0 
4 2 1 2 1 0 0 0 0 0 0 
6 1 2 2 1 2 2 0 0 0 0 
8 1 1 1 2 2 1 2 2 0 0 
3 48 0 0 0 0 0 0 0 0 0
6x11
10 1 2 1 1 1 2 1 2 2 2 
5 2 2 1 2 2 0 0 0 0 0 
4 1 1 2 2 0 0 0 0 0 0 
6 1 2 2 1 2 2 0 0 0 0 
8 1 1 1 2 2 1 2 2 0 0 
3 48 0 0 0 0 0 0 0 0 0
5x11
10 1 2 1 1 1 2 1 2 2 2 
5 2 2 1 2 2 0 0 0 0 0 
4 2 1 2 1 0 0 0 0 0 0 
6 2 1 2 2 2 1 0 0 0 0 
4 36 0 0 0 0 0 0 0 0 0
