PS 0
-0.9990252676219548711
0
0
0
PS 1
1.0000000000000000000
0
0
0
PS 2
-0.0009765625000000000000
0
0
0
PS 3
8.467543904215142820e-6
0
0
0
PS 4
-1.5894571940104165784e-7
0
0
0
PS 5
4.266666666666666822e-9
0
0
0
PS 6
-1.3781809739933501374e-10
0
0
0
PS 7
4.916851631446438360e-12
0
0
0
PS 8
-1.8478622512211875294e-13
0
0
0
PS 9
7.113025770814585964e-15
0
0
0
PS 10
-2.755731922398588935e-16
0
0
0
PS 11
1.0624539501475192183e-17
0
0
0
PS 12
-4.046055367410356625e-19
0
0
0
PS 13
1.5143613358787470844e-20
0
0
0
PS 14
-5.551870492163406080e-22
0
0
0
PS 15
1.9892027793993528563e-23
0
0
0
PS 16
-6.955054897680216896e-25
0
0
0
PS 17
2.3707796592652911692e-26
0
0
0
PS 18
-7.874199862083177698e-28
0
0
0
PS 19
2.547551488081339461e-29
0
0
0
TACKS 0
-0.9981056937831289666
0
0
0
TACKS 1
-0.4980008802212157470
0
0
0
TACKS 2
-0.16552485243687936611
0
0
0
TACKS 3
-0.04091646120429771882
0
0
0
TACKS 4
-0.008181067390286667768
0
0
0
TACKS 5
-0.0012603876056678975284
0
0
0
TACKS 6
-0.00019624126891428026864
0
0
0
TACKS 7
-1.4315864704899129169e-5
0
0
0
TACKS 8
-2.755731922398589251e-6
0
0
0
END
