#9
6x9
3 3 3 3 0 0 0 0 0 
7 1 1 2 1 2 1 2 0 
2 1 1 0 0 0 0 0 0 
8 1 1 1 2 1 2 3 3 
6 1 1 1 2 1 2 0 0 
1 72 0 0 0 0 0 0 0
6x9
3 3 3 3 0 0 0 0 0 
1 1 0 0 0 0 0 0 0 
2 1 1 0 0 0 0 0 0 
8 1 1 1 2 1 2 3 3 
6 1 1 1 2 1 2 0 0 
1 72 0 0 0 0 0 0 0
6x9
3 3 3 3 0 0 0 0 0 
8 1 1 1 2 1 2 1 2 
2 1 1 0 0 0 0 0 0 
8 1 1 1 2 1 2 3 3 
6 1 1 1 2 1 2 0 0 
1 72 0 0 0 0 0 0 0
6x9
7 1 1 2 1 2 1 2 0 
1 1 0 0 0 0 0 0 0 
2 1 1 0 0 0 0 0 0 
8 1 1 1 2 1 2 3 3 
6 1 1 1 2 1 2 0 0 
1 72 0 0 0 0 0 0 0
6x9
4 1 3 3 3 0 0 0 0 
7 1 1 2 1 2 1 2 0 
2 1 1 0 0 0 0 0 0 
8 1 1 1 2 1 2 3 3 
6 1 1 1 2 1 2 0 0 
1 72 0 0 0 0 0 0 0
6x11
10 1 1 2 1 2 1 2 3 3 3 
1 1 0 0 0 0 0 0 0 0 0 
2 1 1 0 0 0 0 0 0 0 0 
8 1 1 1 2 1 2 3 3 0 0 
6 1 1 1 2 1 2 0 0 0 0 
1 72 0 0 0 0 0 0 0 0 0
6x9
4 1 3 3 3 0 0 0 0 
8 1 1 1 2 1 2 1 2 
2 1 1 0 0 0 0 0 0 
8 1 1 1 2 1 2 3 3 
6 1 1 1 2 1 2 0 0 
1 72 0 0 0 0 0 0 0
6x9
3 3 3 3 0 0 0 0 0 
7 1 1 2 1 2 1 2 0 
1 1 0 0 0 0 0 0 0 
2 1 1 0 0 0 0 0 0 
8 1 1 2 1 2 1 3 3 
3 48 0 0 0 0 0 0 0
6x8
3 3 3 3 0 0 0 0 
7 1 1 2 1 2 1 2 
1 1 0 0 0 0 0 0 
2 1 1 0 0 0 0 0 
6 1 1 1 2 1 2 0 
3 48 0 0 0 0 0 0
