-1 -0.841473 3.1416 0.999845
0.241453 0.510504
-0.258547 -0.0404249
0.4 0.2
0.096581 0.102101
1
49
82 69 3
-0.5 -0.499999 0 2
-0.479166 -0.473012 0 2
-0.458333 -0.442826 0 2
-0.4375 -0.409665 0 2
-0.416666 -0.373776 0 2
-0.395833 -0.335426 0 2
-0.375 -0.2949 0 2
-0.354166 -0.2525 0 2
-0.333333 -0.208542 0 2
-0.3125 -0.163352 0 2
-0.291667 -0.117266 0 2
-0.270833 -0.0706284 0 2
-0.25 -0.0237848 0 2
-0.229167 0.0229157 0 2
-0.208333 0.0691258 0 2
-0.1875 0.114502 0 2
-0.166667 0.158705 0 2
-0.145834 0.201409 0 2
-0.125 0.242293 0 2
-0.104167 0.281055 0 2
-0.0833337 0.317406 0 2
-0.0625004 0.351076 0 2
-0.0416671 0.381813 0 2
-0.0208338 0.40939 0 2
-4.47035e-07 0.4336 0 2
0.0208328 0.454265 0 2
0.0416661 0.47123 0 2
0.0624994 0.484369 0 2
0.0833327 0.493584 0 2
0.104166 0.498807 0 2
0.124999 0.499999 0 2
0.145833 0.497151 0 2
0.166666 0.490283 0 2
0.187499 0.479449 0 2
0.208332 0.464727 0 2
0.229166 0.446227 0 2
0.249999 0.424087 0 2
0.270832 0.398472 0 2
0.291666 0.369573 0 2
0.312499 0.337604 0 2
0.333332 0.302803 0 2
0.354165 0.265429 0 2
0.374999 0.22576 0 2
0.395832 0.184092 0 2
0.416665 0.140734 0 2
0.437499 0.0960086 0 2
0.458332 0.0502493 0 2
0.479165 0.00379616 0 2
0.499999 -0.0430052 0 2
