#8
5x9
1 3 0 0 0 0 0 0 0 
7 2 2 2 3 2 3 2 0 
8 2 2 2 3 2 2 3 2 
6 2 2 2 3 2 3 0 0 
1 40 0 0 0 0 0 0 0
5x9
1 3 0 0 0 0 0 0 0 
1 1 0 0 0 0 0 0 0 
8 2 2 2 3 2 2 3 2 
6 2 2 2 3 2 3 0 0 
1 40 0 0 0 0 0 0 0
5x9
1 3 0 0 0 0 0 0 0 
8 1 2 2 2 3 2 3 2 
8 2 2 2 3 2 2 3 2 
6 2 2 2 3 2 3 0 0 
1 40 0 0 0 0 0 0 0
5x9
7 2 2 2 3 2 3 2 0 
1 1 0 0 0 0 0 0 0 
8 2 2 2 3 2 2 3 2 
6 2 2 2 3 2 3 0 0 
1 40 0 0 0 0 0 0 0
5x9
2 1 3 0 0 0 0 0 0 
7 2 2 2 3 2 3 2 0 
8 2 2 2 3 2 2 3 2 
6 2 2 2 3 2 3 0 0 
1 40 0 0 0 0 0 0 0
5x9
6 2 2 3 2 2 2 0 0 
1 1 0 0 0 0 0 0 0 
8 2 2 2 3 2 2 3 2 
6 2 2 2 3 2 3 0 0 
1 40 0 0 0 0 0 0 0
5x9
2 1 3 0 0 0 0 0 0 
8 1 2 2 2 3 2 3 2 
8 2 2 2 3 2 2 3 2 
6 2 2 2 3 2 3 0 0 
1 40 0 0 0 0 0 0 0
5x9
1 3 0 0 0 0 0 0 0 
7 2 2 2 3 2 3 2 0 
1 1 0 0 0 0 0 0 0 
8 2 2 2 3 2 2 3 2 
5 16 0 0 0 0 0 0 0
