#3
3x3
1 2 0 
2 1 1 
1 4 0
3x3
1 1 0 
2 1 1 
1 4 0
3x3
2 1 2 
2 1 1 
1 4 0
#3 1 1 0
0 1 group.28 1 1 0
1 1 min.25 1 1 0
2 1 min.26 1 1 0
#3 1 1 1
0 1 group.28 1 1 0
1 1 min.25 1 1 2
2 1 min.26 1 1 0
#3 1 1 4
0 1 group.28 1 1 1
1 1 min.25 1 1 0
2 1 min.26 1 1 0
#3 1 1 5
0 1 group.28 1 1 1
1 1 min.25 1 1 2
2 1 min.26 1 1 0
#3 1 2 0
0 1 group.28 1 2 0
1 1 min.25 1 2 0
2 1 min.26 1 2 0
#3 1 2 1
0 1 group.28 1 2 0
1 1 min.25 1 2 4
2 1 min.26 1 2 0
#3 1 2 2
0 1 group.28 1 2 1
1 1 min.25 1 2 1
2 1 min.26 1 2 0
