11x18	% 
 1  1 2  4 4  4  4  4  4  4 4 9 9 18 18 18 18 18
 1  2 2  3 3  6  6  6  6  6 6 2 2  2  4  4  4  4
 5 -3 1 -1 2 -2  0  1  1  3 4 1 1  1  1  1  1  1
 5  5 5 -1 2  2  2 -1 -1 -1 2 5 5  5  1  1  1  1
 5 -3 1  5 5  1 -3  1  1 -3 1 1 1  1  1  1  1  1
 0  4 2  4 2  4  4  4  4  4 2 2 2  2  3  3  3  3
 5  1 3  5 5  3  3  5  5  5 5 3 3  3  4  4  4  4
 0  4 2  4 2  4  4  4  4  4 2 2 2  2  3  3  3  3
 5  1 3  5 5  3  3  5  5  5 5 3 3  3  4  4  4  4
 1  1 1  1 1  1  1  1  1  1 1 1 1  1  1  1  1  1
 4 -4 0 -2 1 -3 -1  0  0  2 3 0 0  0  0  0  0  0
