#8
5x8
3 3 3 3 0 0 0 0 
7 1 2 3 1 2 3 1 
4 1 3 1 3 0 0 0 
2 3 3 0 0 0 0 0 
1 24 0 0 0 0 0 0
5x5
3 3 3 3 0 
4 2 3 1 3 
4 1 3 1 3 
2 3 3 0 0 
1 24 0 0 0
5x6
3 3 3 3 0 0 
5 1 2 3 3 1 
4 1 3 1 3 0 
2 3 3 0 0 0 
1 24 0 0 0 0
5x8
7 1 2 3 1 2 3 1 
4 2 3 1 3 0 0 0 
4 1 3 1 3 0 0 0 
2 3 3 0 0 0 0 0 
1 24 0 0 0 0 0 0
5x8
5 1 2 3 3 3 0 0 
7 1 2 3 1 2 3 1 
4 1 3 1 3 0 0 0 
2 3 3 0 0 0 0 0 
1 24 0 0 0 0 0 0
5x5
2 1 3 0 0 
4 2 3 1 3 
4 1 3 1 3 
2 3 3 0 0 
1 24 0 0 0
5x6
5 1 2 3 3 3 
5 1 2 3 3 1 
4 1 3 1 3 0 
2 3 3 0 0 0 
1 24 0 0 0 0
5x8
3 3 3 3 0 0 0 0 
7 1 2 3 1 2 3 1 
4 2 3 1 3 0 0 0 
4 1 3 1 3 0 0 0 
3 16 0 0 0 0 0 0
