#3
6x11
9 1 1 1 1 1 1 1 2 1 0 
2 1 1 0 0 0 0 0 0 0 0 
10 1 1 1 1 1 1 2 1 2 1 
10 1 1 1 1 1 1 2 1 1 2 
4 1 1 1 1 0 0 0 0 0 0 
1 32 0 0 0 0 0 0 0 0 0
6x11
1 1 0 0 0 0 0 0 0 0 0 
2 1 1 0 0 0 0 0 0 0 0 
10 1 1 1 1 1 1 2 1 2 1 
10 1 1 1 1 1 1 2 1 1 2 
4 1 1 1 1 0 0 0 0 0 0 
1 32 0 0 0 0 0 0 0 0 0
6x11
10 1 1 1 1 1 1 1 2 1 1 
2 1 1 0 0 0 0 0 0 0 0 
10 1 1 1 1 1 1 2 1 2 1 
10 1 1 1 1 1 1 2 1 1 2 
4 1 1 1 1 0 0 0 0 0 0 
1 32 0 0 0 0 0 0 0 0 0
#3 1 1 0
0 1 group.56 3 2 0
1 1 group.162 1 1 0
2 1 min.47 3 1 0
#3 1 1 1
0 1 group.56 3 2 30
1 1 group.162 1 1 3
2 1 min.47 3 1 7
#3 1 1 2
0 1 group.56 3 2 8
1 1 group.162 1 1 1
2 1 min.47 3 1 5
#3 1 1 3
0 1 group.56 3 2 22
1 1 group.162 1 1 2
2 1 min.47 3 1 2
#3 1 1 4
0 1 group.56 3 2 1
1 1 group.162 1 1 0
2 1 min.47 3 1 0
#3 1 1 6
0 1 group.56 3 2 9
1 1 group.162 1 1 1
2 1 min.47 3 1 5
#3 2 1 0
0 1 group.56 1 1 0
1 1 group.162 2 1 0
2 1 min.47 4 1 0
#3 2 1 1
0 1 group.56 1 1 22
1 1 group.162 2 1 1
2 1 min.47 4 1 1
#3 2 1 2
0 1 group.56 1 1 13
1 1 group.162 2 1 3
2 1 min.47 4 1 3
#3 2 1 3
0 1 group.56 1 1 27
1 1 group.162 2 1 1
2 1 min.47 4 1 1
#3 2 1 5
0 1 group.56 1 1 62
1 1 group.162 2 1 3
2 1 min.47 4 1 3
#3 2 1 7
0 1 group.56 1 1 51
1 1 group.162 2 1 0
2 1 min.47 4 1 0
#3 3 1 0
0 1 group.56 1 2 0
1 1 group.162 1 1 0
2 1 min.47 1 1 0
#3 3 1 1
0 1 group.56 1 2 0
1 1 group.162 1 1 0
2 1 min.47 1 1 4
#3 3 1 2
0 1 group.56 1 2 1
1 1 group.162 1 1 1
2 1 min.47 1 1 5
#3 3 1 3
0 1 group.56 1 2 1
1 1 group.162 1 1 1
2 1 min.47 1 1 1
#3 4 1 0
0 1 group.56 3 1 0
1 1 group.162 2 1 0
2 1 min.47 2 1 0
#3 4 1 1
0 1 group.56 3 1 12
1 1 group.162 2 1 3
2 1 min.47 2 1 2
#3 4 1 2
0 1 group.56 3 1 15
1 1 group.162 2 1 3
2 1 min.47 2 1 2
#3 4 1 3
0 1 group.56 3 1 3
1 1 group.162 2 1 0
2 1 min.47 2 1 0
