#6
6x13
3 2 2 2 0 0 0 0 0 0 0 0 0 
12 1 2 2 1 2 2 1 2 2 1 2 2 
10 1 2 1 2 1 2 1 2 2 2 0 0 
10 1 2 1 2 2 1 2 2 1 2 0 0 
10 1 2 1 2 1 2 2 1 2 2 0 0 
1 72 0 0 0 0 0 0 0 0 0 0 0
6x13
9 1 2 2 1 2 1 2 2 2 0 0 0 
12 1 2 2 1 2 2 1 2 2 1 2 2 
10 1 2 1 2 1 2 1 2 2 2 0 0 
10 1 2 1 2 2 1 2 2 1 2 0 0 
10 1 2 1 2 1 2 2 1 2 2 0 0 
1 72 0 0 0 0 0 0 0 0 0 0 0
6x13
6 1 2 2 1 2 1 0 0 0 0 0 0 
12 1 2 2 1 2 2 1 2 2 1 2 2 
10 1 2 1 2 1 2 1 2 2 2 0 0 
10 1 2 1 2 2 1 2 2 1 2 0 0 
10 1 2 1 2 1 2 2 1 2 2 0 0 
1 72 0 0 0 0 0 0 0 0 0 0 0
6x11
3 2 2 2 0 0 0 0 0 0 0 
9 1 2 2 1 2 1 2 2 2 0 
10 1 2 1 2 1 2 1 2 2 2 
10 1 2 1 2 2 1 2 2 1 2 
10 1 2 1 2 1 2 2 1 2 2 
1 48 0 0 0 0 0 0 0 0 0
6x13
3 2 2 2 0 0 0 0 0 0 0 0 0 
9 1 2 2 1 2 1 2 2 2 0 0 0 
12 1 2 2 1 2 2 1 2 2 1 2 2 
10 1 2 1 2 2 1 2 2 1 2 0 0 
10 1 2 1 2 1 2 2 1 2 2 0 0 
3 48 0 0 0 0 0 0 0 0 0 0 0
5x13
3 2 2 2 0 0 0 0 0 0 0 0 0 
9 1 2 2 1 2 1 2 2 2 0 0 0 
12 1 2 2 1 2 2 1 2 2 1 2 2 
10 1 2 1 2 1 2 1 2 2 2 0 0 
4 36 0 0 0 0 0 0 0 0 0 0 0
