Title:
Authors:
Table:
================================================================================
Byte-by-byte Description of file: table.dat
--------------------------------------------------------------------------------
 Bytes Format Units  Label     Explanations
--------------------------------------------------------------------------------
 1-13  E13.8  m      wavelength   [0.0/0.01] Description of wavelength
15-27  E13.8  ---    transmission Description of transmission         
--------------------------------------------------------------------------------
Notes:
--------------------------------------------------------------------------------
3.6000000e-07 0.0000000e+00
3.6500000e-07 1.2205479e-02
3.7000000e-07 3.6121622e-02
3.7500000e-07 6.2640000e-02
3.8000000e-07 1.5347368e-01
3.8500000e-07 3.6607792e-01
3.9000000e-07 6.2411538e-01
3.9500000e-07 8.3768354e-01
4.0000000e-07 9.6997500e-01
4.0500000e-07 1.0000000e+00
4.1000000e-07 9.8286585e-01
4.1500000e-07 9.7102410e-01
4.2000000e-07 9.5850000e-01
4.2500000e-07 9.3007059e-01
4.3000000e-07 8.9476744e-01
4.3500000e-07 8.5748276e-01
4.4000000e-07 8.1736364e-01
4.4500000e-07 7.6904494e-01
4.5000000e-07 7.1280000e-01
4.5500000e-07 6.5245055e-01
4.6000000e-07 5.9253261e-01
4.6500000e-07 5.3912903e-01
4.7000000e-07 4.9030851e-01
4.7500000e-07 4.4251579e-01
4.8000000e-07 3.9403125e-01
4.8500000e-07 3.4571134e-01
4.9000000e-07 2.9920408e-01
4.9500000e-07 2.5772727e-01
5.0000000e-07 2.2032000e-01
5.0500000e-07 1.8605941e-01
5.1000000e-07 1.5326471e-01
5.1500000e-07 1.2189320e-01
5.2000000e-07 9.4240385e-02
5.2500000e-07 7.4057143e-02
5.3000000e-07 5.7311321e-02
5.3500000e-07 4.0878505e-02
5.4000000e-07 2.5500000e-02
5.4500000e-07 1.3376147e-02
5.5000000e-07 5.1545455e-03
5.5500000e-07 7.2972973e-04
5.6000000e-07 0.0000000e+00
