Title:
Authors:
Table:
================================================================================
Byte-by-byte Description of file: table.dat
--------------------------------------------------------------------------------
 Bytes Format Units  Label     Explanations
--------------------------------------------------------------------------------
 1-13  E13.8  m      wavelength   [0.0/0.01] Description of wavelength
15-27  E13.8  ---    transmission Description of transmission         
--------------------------------------------------------------------------------
Notes:
--------------------------------------------------------------------------------
1.9000000e-06 0.0000000e+00
1.9150000e-06 9.5456386e-06
1.9270000e-06 1.8715721e-05
1.9340000e-06 1.8420269e-04
1.9390000e-06 5.7184374e-04
1.9480000e-06 6.1820909e-03
1.9570000e-06 1.3578550e-02
1.9620000e-06 2.2495340e-02
1.9690000e-06 4.7979767e-02
1.9760000e-06 9.8972864e-02
1.9810000e-06 1.7273460e-01
1.9890000e-06 2.7949674e-01
1.9900000e-06 2.1414955e-01
1.9980000e-06 2.6221771e-01
2.0080000e-06 3.2858958e-01
2.0140000e-06 4.4291188e-01
2.0190000e-06 3.7345533e-01
2.0280000e-06 6.8565079e-01
2.0370000e-06 8.4123911e-01
2.0450000e-06 8.1760267e-01
2.0610000e-06 6.7936442e-01
2.0720000e-06 7.8433189e-01
2.0750000e-06 7.4430856e-01
2.0820000e-06 8.4771659e-01
2.0890000e-06 8.7729071e-01
2.0990000e-06 8.7812484e-01
2.1060000e-06 9.1824243e-01
2.1130000e-06 9.3060938e-01
2.1200000e-06 9.0330396e-01
2.1240000e-06 9.4424597e-01
2.1380000e-06 9.6271910e-01
2.1450000e-06 9.6783473e-01
2.1550000e-06 9.6322719e-01
2.1690000e-06 9.3045369e-01
2.1760000e-06 9.4998038e-01
2.1850000e-06 8.6398638e-01
2.1970000e-06 9.6438633e-01
2.2080000e-06 9.9459173e-01
2.2130000e-06 1.0000000e+00
2.2180000e-06 9.9457653e-01
2.2320000e-06 9.6813658e-01
2.2370000e-06 9.8296978e-01
2.2480000e-06 9.7996945e-01
2.2560000e-06 9.5451789e-01
2.2600000e-06 9.7058035e-01
2.2630000e-06 9.8985697e-01
2.2650000e-06 9.5255670e-01
2.2700000e-06 9.6824571e-01
2.2720000e-06 9.5445298e-01
2.2760000e-06 8.9650276e-01
2.2770000e-06 9.6619681e-01
2.2810000e-06 8.7363378e-01
2.2840000e-06 8.7460470e-01
2.2860000e-06 9.2343607e-01
2.2910000e-06 8.2173229e-01
2.2930000e-06 7.8566621e-01
2.2950000e-06 6.9072487e-01
2.2970000e-06 6.4131346e-01
2.2990000e-06 5.4635694e-01
2.3060000e-06 4.3096412e-01
2.3110000e-06 3.3754716e-01
2.3160000e-06 2.2267763e-01
2.3200000e-06 1.5699345e-01
2.3250000e-06 1.3099887e-01
2.3280000e-06 8.8622410e-02
2.3350000e-06 5.9852982e-02
2.3390000e-06 4.1269525e-02
2.3440000e-06 3.2474364e-02
2.3460000e-06 2.9556580e-02
2.3520000e-06 1.1248995e-02
2.3610000e-06 6.4825669e-03
2.3630000e-06 7.0957046e-04
2.3700000e-06 2.8312768e-03
2.3750000e-06 1.9777110e-03
2.3840000e-06 3.8177192e-04
2.3990000e-06 0.0000000e+00
