Title:
Authors:
Table:
================================================================================
Byte-by-byte Description of file: table.dat
--------------------------------------------------------------------------------
 Bytes Format Units  Label     Explanations
--------------------------------------------------------------------------------
 1-13  E13.8  m      wavelength   [0.0/0.01] Description of wavelength
15-27  E13.8  ---    transmission Description of transmission         
--------------------------------------------------------------------------------
Notes:
--------------------------------------------------------------------------------
1.2890000e-06 0.0000000e+00
1.3150000e-06 7.5110382e-08
1.3410000e-06 1.5822993e-07
1.3680000e-06 0.0000000e+00
1.3970000e-06 0.0000000e+00
1.4180000e-06 2.0139876e-05
1.4400000e-06 5.9250656e-04
1.4620000e-06 3.1582638e-03
1.4780000e-06 9.1359365e-03
1.4860000e-06 3.2282958e-02
1.4930000e-06 9.7409991e-02
1.5040000e-06 2.2360893e-01
1.5150000e-06 4.8282636e-01
1.5280000e-06 7.4989176e-01
1.5390000e-06 8.8741527e-01
1.5460000e-06 9.5250421e-01
1.5510000e-06 9.8145765e-01
1.5560000e-06 9.9444790e-01
1.5650000e-06 9.9130627e-01
1.5720000e-06 9.2684623e-01
1.5770000e-06 9.0683417e-01
1.5830000e-06 9.3075038e-01
1.5920000e-06 9.6274489e-01
1.5970000e-06 9.6868942e-01
1.6020000e-06 9.4580362e-01
1.6130000e-06 9.5837680e-01
1.6190000e-06 9.4917638e-01
1.6280000e-06 9.4772533e-01
1.6330000e-06 9.4414370e-01
1.6420000e-06 9.5752885e-01
1.6480000e-06 9.6148428e-01
1.6570000e-06 9.8802272e-01
1.6590000e-06 1.0000000e+00
1.6710000e-06 9.9906885e-01
1.6840000e-06 9.4778819e-01
1.7010000e-06 9.0697234e-01
1.7150000e-06 9.5603171e-01
1.7270000e-06 9.5854218e-01
1.7390000e-06 9.4913798e-01
1.7460000e-06 9.3623493e-01
1.7510000e-06 9.2308910e-01
1.7530000e-06 8.9237641e-01
1.7560000e-06 8.7369917e-01
1.7640000e-06 7.9711600e-01
1.7750000e-06 6.2743915e-01
1.7850000e-06 2.5196166e-01
1.7900000e-06 4.2121286e-01
1.7960000e-06 1.6086711e-01
1.8030000e-06 9.9746272e-02
1.8100000e-06 6.5210052e-02
1.8130000e-06 4.7048764e-03
1.8180000e-06 1.8338632e-02
1.8280000e-06 3.5793867e-04
1.8350000e-06 1.3924437e-06
1.8500000e-06 5.3655119e-05
1.8710000e-06 0.0000000e+00
1.8930000e-06 2.6905829e-05
1.9140000e-06 0.0000000e+00
