Title:
Authors:
Table:
================================================================================
Byte-by-byte Description of file: table.dat
--------------------------------------------------------------------------------
 Bytes Format Units  Label     Explanations
--------------------------------------------------------------------------------
 1-13  E13.8  m      wavelength   [0.0/0.01] Description of wavelength 
15-27  E13.8  ---    transmission [0.0/1.0] Description of transmission
--------------------------------------------------------------------------------
Notes:
--------------------------------------------------------------------------------
2.5300000e-06 1.9625008e-15
2.5400000e-06 4.2484173e-15
2.5500000e-06 5.1270431e-12
2.5600000e-06 2.7687004e-12
2.5700000e-06 2.1035506e-13
2.5800000e-06 8.5684574e-32
2.5900000e-06 4.0021544e-41
2.6000000e-06 1.5333488e-29
2.6100000e-06 8.4156398e-30
2.6200000e-06 8.5945954e-30
2.6300000e-06 5.8768821e-28
2.6400000e-06 4.7991780e-30
2.6500000e-06 7.2237736e-28
2.6600000e-06 5.9891842e-35
2.6700000e-06 6.2641610e-14
2.6800000e-06 8.4841903e-14
2.6900000e-06 3.1601896e-13
2.7000000e-06 3.1563630e-13
2.7100000e-06 2.2931310e-13
2.7200000e-06 5.0881176e-13
2.7300000e-06 2.6879670e-12
2.7400000e-06 1.8439175e-13
2.7500000e-06 3.5914073e-14
2.7600000e-06 1.2805670e-23
2.7700000e-06 1.3030755e-14
2.7800000e-06 2.5360777e-13
2.7900000e-06 2.0507634e-14
2.8000000e-06 2.8942393e-14
2.8100000e-06 5.1471886e-15
2.8200000e-06 1.4378621e-13
2.8300000e-06 1.5011760e-13
2.8400000e-06 1.1551208e-12
2.8500000e-06 4.3311193e-13
2.8600000e-06 1.4085797e-27
2.8700000e-06 9.3800453e-28
2.8800000e-06 1.6836288e-30
2.8900000e-06 5.4953633e-14
2.9000000e-06 2.7553207e-13
2.9100000e-06 2.0059096e-12
2.9200000e-06 2.7558733e-14
2.9300000e-06 1.7819372e-12
2.9400000e-06 1.5450895e-12
2.9500000e-06 2.3985831e-12
2.9600000e-06 2.7617466e-13
2.9700000e-06 1.8675108e-13
2.9800000e-06 1.6754289e-14
2.9900000e-06 1.7241268e-13
3.0000000e-06 1.0852427e-12
3.0100000e-06 2.4779668e-13
3.0200000e-06 5.9725033e-12
3.0300000e-06 2.7353828e-12
3.0400000e-06 3.0015888e-13
3.0500000e-06 1.4617023e-12
3.0600000e-06 1.0630366e-32
3.0700000e-06 1.8011371e-25
3.0800000e-06 5.7364545e-24
3.0900000e-06 3.9258867e-24
3.1000000e-06 1.7420816e-28
3.1100000e-06 1.0195010e-26
3.1200000e-06 2.5655801e-28
3.1300000e-06 1.2299904e-35
3.1400000e-06 2.5266592e-29
3.1500000e-06 1.8758114e-14
3.1600000e-06 3.3228766e-13
3.1700000e-06 8.1031767e-13
3.1800000e-06 8.8335157e-13
3.1900000e-06 7.0766646e-14
3.2000000e-06 1.0745781e-13
3.2100000e-06 1.3952502e-14
3.2200000e-06 3.3204099e-12
3.2300000e-06 2.4825975e-13
3.2400000e-06 3.1029691e-12
3.2500000e-06 6.9961938e-12
3.2600000e-06 4.1822301e-13
3.2700000e-06 1.5543795e-12
3.2800000e-06 2.3020884e-13
3.2900000e-06 3.5406900e-13
3.3000000e-06 5.8975909e-12
3.3100000e-06 1.8598934e-13
3.3200000e-06 2.8338645e-12
3.3300000e-06 1.6345324e-28
3.3400000e-06 2.3180479e-33
3.3500000e-06 4.6222567e-31
3.3600000e-06 3.9796845e-39
3.3700000e-06 5.6488576e-28
3.3800000e-06 2.1605621e-35
3.3900000e-06 8.4306165e-37
3.4000000e-06 6.5373971e-34
3.4100000e-06 1.9700220e-31
3.4200000e-06 6.9573216e-33
3.4300000e-06 2.0670554e-29
3.4400000e-06 2.0119936e-14
3.4500000e-06 6.2905768e-14
3.4600000e-06 1.8104090e-14
3.4700000e-06 1.1728127e-14
3.4800000e-06 1.1199348e-25
3.4900000e-06 4.5932636e-32
3.5000000e-06 6.1338629e-27
3.5100000e-06 1.0931932e-25
3.5200000e-06 3.3677500e-28
3.5300000e-06 1.6069997e-22
3.5400000e-06 3.0382853e-29
3.5500000e-06 1.0910611e-24
3.5600000e-06 2.5472219e-31
3.5700000e-06 2.6890364e-14
3.5800000e-06 7.6564078e-13
3.5900000e-06 7.1097493e-14
3.6000000e-06 3.8207222e-12
3.6100000e-06 6.6186427e-13
3.6200000e-06 1.6359881e-12
3.6300000e-06 8.5958926e-13
3.6400000e-06 5.5746099e-13
3.6500000e-06 2.1930438e-12
3.6600000e-06 6.9020956e-13
3.6700000e-06 1.3123262e-12
3.6800000e-06 6.8799973e-12
3.6900000e-06 1.2637108e-12
3.7000000e-06 7.2873703e-14
3.7100000e-06 4.1947574e-13
3.7200000e-06 1.5405503e-13
3.7300000e-06 6.9170268e-13
3.7400000e-06 3.7990267e-13
3.7500000e-06 1.5087520e-13
3.7600000e-06 1.3225867e-13
3.7700000e-06 6.7928594e-13
3.7800000e-06 2.3633333e-13
3.7900000e-06 7.6268945e-13
3.8000000e-06 5.0768132e-12
3.8100000e-06 1.8283268e-12
3.8200000e-06 1.6026741e-12
3.8300000e-06 8.3210313e-14
3.8400000e-06 1.9220547e-12
3.8500000e-06 4.3276623e-12
3.8600000e-06 7.8963497e-13
3.8700000e-06 1.7847747e-12
3.8800000e-06 4.0420309e-12
3.8900000e-06 1.4005028e-12
3.9000000e-06 2.7378308e-12
3.9100000e-06 1.1421972e-12
3.9200000e-06 1.5388194e-12
3.9300000e-06 1.4504733e-12
3.9400000e-06 4.1982157e-12
3.9500000e-06 1.1974023e-12
3.9600000e-06 2.0464318e-12
3.9700000e-06 1.5172957e-12
3.9800000e-06 8.0537412e-13
3.9900000e-06 2.1856391e-12
4.0000000e-06 4.1742375e-25
4.0100000e-06 8.5769551e-32
4.0200000e-06 1.1873104e-29
4.0300000e-06 2.7568313e-35
4.0400000e-06 3.2800025e-24
4.0500000e-06 1.8591556e-35
4.0600000e-06 5.7051798e-24
4.0700000e-06 2.0555774e-29
4.0800000e-06 2.9107230e-32
4.0900000e-06 1.1125579e-28
4.1000000e-06 1.6343315e-28
4.1100000e-06 1.4392182e-30
4.1200000e-06 5.4861456e-12
4.1300000e-06 3.9844770e-13
4.1400000e-06 9.3231787e-12
4.1500000e-06 2.3473880e-13
4.1600000e-06 5.5612187e-12
4.1700000e-06 1.2974530e-11
4.1800000e-06 2.4221340e-11
4.1900000e-06 2.3520525e-11
4.2000000e-06 5.1048000e-13
4.2100000e-06 5.4867506e-13
4.2200000e-06 9.0540308e-12
4.2300000e-06 2.0230804e-29
4.2400000e-06 3.1219410e-32
4.2500000e-06 2.7058776e-27
4.2600000e-06 1.0343744e-26
4.2700000e-06 4.6392178e-25
4.2800000e-06 2.4301472e-29
4.2900000e-06 2.2922681e-26
4.3000000e-06 3.3553837e-27
4.3100000e-06 9.7088585e-24
4.3200000e-06 1.9694444e-26
4.3300000e-06 3.5237136e-35
4.3400000e-06 2.3099677e-35
4.3500000e-06 1.3114055e-12
4.3600000e-06 2.9628394e-12
4.3700000e-06 8.2143410e-12
4.3800000e-06 5.6218196e-13
4.3900000e-06 4.9500797e-12
4.4000000e-06 6.3423273e-12
4.4100000e-06 1.9083515e-12
4.4200000e-06 1.6586109e-11
4.4300000e-06 8.4743905e-13
4.4400000e-06 4.5781599e-12
4.4500000e-06 6.0591618e-12
4.4600000e-06 2.6341099e-12
4.4700000e-06 1.7526734e-12
4.4800000e-06 5.1956406e-13
4.4900000e-06 9.8659955e-13
4.5000000e-06 8.1408956e-13
4.5100000e-06 4.6926053e-13
4.5200000e-06 1.0070310e-13
4.5300000e-06 6.3590883e-28
4.5400000e-06 1.8162269e-31
4.5500000e-06 2.6848505e-14
4.5600000e-06 8.5002259e-13
4.5700000e-06 3.0268249e-12
4.5800000e-06 3.4397336e-12
4.5900000e-06 3.3472832e-12
4.6000000e-06 7.2163870e-12
4.6100000e-06 6.5347961e-12
4.6200000e-06 2.0195758e-11
4.6300000e-06 6.8388639e-12
4.6400000e-06 1.8519569e-11
4.6500000e-06 1.3920796e-12
4.6600000e-06 1.4271288e-13
4.6700000e-06 1.4501859e-12
4.6800000e-06 7.8383889e-12
4.6900000e-06 6.1466823e-12
4.7000000e-06 7.8291702e-12
4.7100000e-06 6.1175711e-12
4.7200000e-06 2.5671208e-12
4.7300000e-06 2.8135159e-12
4.7400000e-06 7.6000612e-13
4.7500000e-06 1.0430509e-12
4.7600000e-06 4.7082962e-11
4.7700000e-06 6.8640713e-13
4.7800000e-06 1.0258251e-12
4.7900000e-06 1.2439324e-12
4.8000000e-06 1.0731010e-12
4.8100000e-06 7.6280146e-13
4.8200000e-06 2.5212158e-12
4.8300000e-06 7.6522091e-12
4.8400000e-06 3.2388409e-13
4.8500000e-06 5.7304742e-11
4.8600000e-06 5.1220144e-11
4.8700000e-06 4.7810185e-11
4.8800000e-06 7.2730615e-11
4.8900000e-06 5.5618078e-12
4.9000000e-06 9.5020469e-13
4.9100000e-06 1.5161914e-12
4.9200000e-06 1.4080567e-12
4.9300000e-06 6.5521379e-12
4.9400000e-06 3.9927895e-12
4.9500000e-06 1.0814040e-10
4.9600000e-06 1.0719337e-11
4.9700000e-06 2.8773702e-10
4.9800000e-06 1.7426024e-10
4.9900000e-06 9.6872986e-11
5.0000000e-06 1.9114640e-10
5.0100000e-06 6.1276846e-08
5.0200000e-06 4.3641633e-08
5.0300000e-06 7.7369801e-08
5.0400000e-06 7.5570397e-08
5.0500000e-06 1.1725877e-07
5.0600000e-06 1.4488261e-07
5.0700000e-06 1.3493375e-07
5.0800000e-06 1.6817815e-07
5.0900000e-06 1.7801611e-07
5.1000000e-06 2.4634275e-07
5.1100000e-06 2.5529550e-07
5.1200000e-06 2.5742793e-07
5.1300000e-06 2.8221793e-07
5.1400000e-06 2.2373502e-07
5.1500000e-06 2.8236097e-07
5.1600000e-06 2.6793605e-07
5.1700000e-06 1.9596925e-07
5.1800000e-06 1.9216911e-07
5.1900000e-06 2.5887380e-07
5.2000000e-06 2.4228712e-07
5.2100000e-06 2.4141382e-07
5.2200000e-06 1.6285268e-07
5.2300000e-06 2.0199044e-07
5.2400000e-06 1.4640038e-07
5.2500000e-06 1.3842381e-07
5.2600000e-06 1.4031730e-07
5.2700000e-06 1.2194262e-07
5.2800000e-06 1.2941936e-07
5.2900000e-06 7.1677353e-08
5.3000000e-06 7.2665811e-08
5.3100000e-06 3.5196309e-08
5.3200000e-06 4.9136898e-08
5.3300000e-06 7.0008762e-08
5.3400000e-06 9.3179064e-08
5.3500000e-06 1.1385082e-07
5.3600000e-06 9.4802295e-08
5.3700000e-06 1.5869981e-07
5.3800000e-06 1.4021859e-07
5.3900000e-06 1.6916030e-07
5.4000000e-06 2.3305093e-07
5.4100000e-06 2.6040351e-07
5.4200000e-06 2.8229188e-07
5.4300000e-06 2.9260939e-07
5.4400000e-06 3.5945257e-07
5.4500000e-06 3.5593101e-07
5.4600000e-06 4.0280549e-07
5.4700000e-06 4.7206179e-07
5.4800000e-06 5.0742664e-07
5.4900000e-06 5.0198233e-07
5.5000000e-06 5.1744109e-07
5.5100000e-06 5.0929619e-07
5.5200000e-06 5.2815362e-07
5.5300000e-06 5.3553219e-07
5.5400000e-06 5.3738105e-07
5.5500000e-06 5.2657622e-07
5.5600000e-06 5.0369604e-07
5.5700000e-06 4.9859120e-07
5.5800000e-06 4.7863853e-07
5.5900000e-06 4.5152773e-07
5.6000000e-06 4.0349696e-07
5.6100000e-06 3.5601658e-07
5.6200000e-06 3.0618203e-07
5.6300000e-06 2.6357673e-07
5.6400000e-06 2.4789858e-07
5.6500000e-06 2.6778867e-07
5.6600000e-06 2.7883993e-07
5.6700000e-06 2.8947707e-07
5.6800000e-06 2.9545827e-07
5.6900000e-06 4.0695852e-07
5.7000000e-06 5.8349456e-07
5.7100000e-06 7.5630806e-07
5.7200000e-06 9.4277168e-07
5.7300000e-06 1.1718916e-06
5.7400000e-06 1.3747683e-06
5.7500000e-06 1.7373583e-06
5.7600000e-06 1.9620590e-06
5.7700000e-06 2.3100867e-06
5.7800000e-06 2.5980311e-06
5.7900000e-06 2.7527323e-06
5.8000000e-06 2.9936914e-06
5.8100000e-06 3.3473098e-06
5.8200000e-06 3.5986014e-06
5.8300000e-06 3.7930892e-06
5.8400000e-06 3.8120890e-06
5.8500000e-06 3.9982752e-06
5.8600000e-06 3.9793532e-06
5.8700000e-06 3.9375468e-06
5.8800000e-06 4.0164609e-06
5.8900000e-06 4.2997419e-06
5.9000000e-06 4.1182085e-06
5.9100000e-06 3.9528849e-06
5.9200000e-06 3.7474003e-06
5.9300000e-06 3.6430405e-06
5.9400000e-06 3.4805455e-06
5.9500000e-06 3.3638773e-06
5.9600000e-06 3.1643289e-06
5.9700000e-06 2.8965678e-06
5.9800000e-06 2.6403729e-06
5.9900000e-06 2.4027880e-06
6.0000000e-06 2.2806167e-06
6.0100000e-06 2.0621165e-06
6.0200000e-06 1.8466977e-06
6.0300000e-06 1.6413997e-06
6.0400000e-06 1.4144785e-06
6.0500000e-06 1.2070579e-06
6.0600000e-06 9.7891139e-07
6.0700000e-06 8.7229193e-07
6.0800000e-06 7.5004737e-07
6.0900000e-06 6.1248752e-07
6.1000000e-06 4.9757852e-07
6.1100000e-06 3.8710704e-07
6.1200000e-06 3.6596912e-07
6.1300000e-06 4.0793524e-07
6.1400000e-06 4.7666971e-07
6.1500000e-06 5.7377122e-07
6.1600000e-06 6.8701640e-07
6.1700000e-06 8.2862220e-07
6.1800000e-06 1.2252621e-06
6.1900000e-06 1.7833813e-06
6.2000000e-06 2.6107210e-06
6.2100000e-06 3.9080628e-06
6.2200000e-06 8.3005434e-06
6.2300000e-06 7.1616966e-06
6.2400000e-06 9.3090337e-06
6.2500000e-06 1.2467056e-05
6.2600000e-06 1.0756187e-05
6.2700000e-06 2.3056635e-05
6.2800000e-06 2.0129729e-05
6.2900000e-06 1.1090383e-05
6.3000000e-06 8.4010873e-06
6.3100000e-06 2.9180238e-06
6.3200000e-06 2.8730206e-06
6.3300000e-06 2.6164676e-06
6.3400000e-06 2.5072208e-06
6.3500000e-06 2.2207890e-06
6.3600000e-06 1.9408318e-06
6.3700000e-06 1.6127802e-06
6.3800000e-06 1.3190956e-06
6.3900000e-06 1.1339562e-06
6.4000000e-06 8.9001656e-07
6.4100000e-06 7.3377629e-07
6.4200000e-06 6.2948598e-07
6.4300000e-06 6.3721788e-07
6.4400000e-06 7.8606522e-07
6.4500000e-06 1.0208501e-06
6.4600000e-06 1.2928824e-06
6.4700000e-06 1.4837496e-06
6.4800000e-06 1.7571821e-06
6.4900000e-06 2.0406965e-06
6.5000000e-06 2.4422323e-06
6.5100000e-06 2.7368925e-06
6.5200000e-06 3.1111181e-06
6.5300000e-06 3.4733400e-06
6.5400000e-06 3.8723976e-06
6.5500000e-06 4.3135344e-06
6.5600000e-06 4.4453003e-06
6.5700000e-06 4.8388980e-06
6.5800000e-06 5.2539271e-06
6.5900000e-06 6.0625417e-06
6.6000000e-06 6.7677273e-06
6.6100000e-06 7.4461089e-06
6.6200000e-06 7.7990000e-06
6.6300000e-06 8.9571403e-06
6.6400000e-06 9.7060392e-06
6.6500000e-06 1.0592353e-05
6.6600000e-06 1.1305676e-05
6.6700000e-06 1.2032804e-05
6.6800000e-06 1.2757754e-05
6.6900000e-06 1.2590314e-05
6.7000000e-06 1.2656179e-05
6.7100000e-06 1.2774680e-05
6.7200000e-06 1.2270342e-05
6.7300000e-06 1.1493596e-05
6.7400000e-06 1.0571884e-05
6.7500000e-06 8.9344504e-06
6.7600000e-06 7.6731420e-06
6.7700000e-06 6.8931137e-06
6.7800000e-06 5.6730457e-06
6.7900000e-06 5.4266171e-06
6.8000000e-06 5.8847000e-06
6.8100000e-06 7.0920822e-06
6.8200000e-06 8.3936452e-06
6.8300000e-06 9.8336120e-06
6.8400000e-06 1.0821579e-05
6.8500000e-06 1.2420438e-05
6.8600000e-06 1.4024971e-05
6.8700000e-06 1.5552591e-05
6.8800000e-06 1.7323096e-05
6.8900000e-06 1.9633846e-05
6.9000000e-06 2.2842130e-05
6.9100000e-06 2.4614920e-05
6.9200000e-06 2.6782168e-05
6.9300000e-06 2.9546782e-05
6.9400000e-06 2.9810692e-05
6.9500000e-06 3.1012374e-05
6.9600000e-06 3.1742011e-05
6.9700000e-06 3.2316973e-05
6.9800000e-06 3.3702894e-05
6.9900000e-06 3.2559227e-05
7.0000000e-06 3.2725414e-05
7.0100000e-06 3.3841854e-05
7.0200000e-06 3.3611852e-05
7.0300000e-06 3.2747127e-05
7.0400000e-06 3.1542443e-05
7.0500000e-06 2.9355617e-05
7.0600000e-06 2.8048683e-05
7.0700000e-06 2.7988953e-05
7.0800000e-06 2.6046737e-05
7.0900000e-06 2.6110000e-05
7.1000000e-06 2.5144535e-05
7.1100000e-06 2.3663249e-05
7.1200000e-06 2.3480646e-05
7.1300000e-06 2.1647868e-05
7.1400000e-06 2.0525252e-05
7.1500000e-06 1.9286783e-05
7.1600000e-06 1.8398352e-05
7.1700000e-06 1.6592775e-05
7.1800000e-06 1.5789568e-05
7.1900000e-06 1.4288470e-05
7.2000000e-06 1.3342986e-05
7.2100000e-06 1.2213287e-05
7.2200000e-06 1.0880499e-05
7.2300000e-06 1.0267261e-05
7.2400000e-06 9.1161340e-06
7.2500000e-06 8.6009034e-06
7.2600000e-06 7.7931405e-06
7.2700000e-06 6.9661444e-06
7.2800000e-06 6.4209299e-06
7.2900000e-06 5.7721742e-06
7.3000000e-06 5.2339740e-06
7.3100000e-06 4.7205239e-06
7.3200000e-06 4.2104139e-06
7.3300000e-06 3.6639727e-06
7.3400000e-06 3.1083951e-06
7.3500000e-06 2.5379306e-06
7.3600000e-06 2.0277785e-06
7.3700000e-06 1.5392130e-06
7.3800000e-06 1.0952033e-06
7.3900000e-06 1.0716549e-06
7.4000000e-06 1.2886554e-06
7.4100000e-06 1.6304130e-06
7.4200000e-06 2.0429137e-06
7.4300000e-06 2.5869435e-06
7.4400000e-06 2.9894261e-06
7.4500000e-06 3.3984416e-06
7.4600000e-06 3.5877681e-06
7.4700000e-06 3.7376734e-06
7.4800000e-06 3.7004492e-06
7.4900000e-06 3.7816489e-06
7.5000000e-06 3.6452053e-06
7.5100000e-06 3.4005566e-06
7.5200000e-06 3.3026955e-06
7.5300000e-06 3.0469110e-06
7.5400000e-06 2.8002679e-06
7.5500000e-06 2.5270450e-06
7.5600000e-06 2.1823320e-06
7.5700000e-06 1.9453012e-06
7.5800000e-06 1.6209723e-06
7.5900000e-06 1.4161318e-06
7.6000000e-06 1.1232053e-06
7.6100000e-06 1.0108607e-06
7.6200000e-06 8.4158858e-07
7.6300000e-06 7.7609017e-07
7.6400000e-06 7.6700065e-07
7.6500000e-06 7.6720288e-07
7.6600000e-06 7.5333564e-07
7.6700000e-06 7.6880743e-07
7.6800000e-06 8.3584453e-07
7.6900000e-06 8.7126788e-07
7.7000000e-06 9.2446234e-07
7.7100000e-06 9.3797665e-07
7.7200000e-06 9.9645725e-07
7.7300000e-06 1.0850543e-06
7.7400000e-06 1.1267054e-06
7.7500000e-06 1.1956942e-06
7.7600000e-06 1.2983106e-06
7.7700000e-06 1.3313140e-06
7.7800000e-06 1.4389602e-06
7.7900000e-06 1.4935417e-06
7.8000000e-06 1.5088974e-06
7.8100000e-06 1.5677887e-06
7.8200000e-06 1.6718619e-06
7.8300000e-06 1.7512209e-06
7.8400000e-06 1.7281875e-06
7.8500000e-06 1.7530815e-06
7.8600000e-06 1.8428588e-06
7.8700000e-06 1.8044816e-06
7.8800000e-06 1.8930660e-06
7.8900000e-06 1.9490760e-06
7.9000000e-06 1.9457114e-06
7.9100000e-06 2.0266106e-06
7.9200000e-06 2.1090960e-06
7.9300000e-06 2.2012081e-06
7.9400000e-06 2.3689887e-06
7.9500000e-06 2.4676767e-06
7.9600000e-06 2.4993141e-06
7.9700000e-06 2.7274705e-06
7.9800000e-06 2.7515952e-06
7.9900000e-06 2.8714944e-06
8.0000000e-06 2.9937525e-06
8.0100000e-06 3.0032921e-06
8.0200000e-06 3.0048516e-06
8.0300000e-06 3.0646812e-06
8.0400000e-06 2.9338843e-06
8.0500000e-06 2.9249553e-06
8.0600000e-06 2.7656278e-06
8.0700000e-06 2.6866444e-06
8.0800000e-06 2.5824097e-06
8.0900000e-06 2.4302311e-06
8.1000000e-06 2.4272309e-06
8.1100000e-06 2.3892688e-06
8.1200000e-06 2.2614655e-06
8.1300000e-06 2.2447306e-06
8.1400000e-06 2.3795921e-06
8.1500000e-06 2.2966380e-06
8.1600000e-06 2.3737598e-06
8.1700000e-06 2.4828017e-06
8.1800000e-06 2.6201797e-06
8.1900000e-06 2.7935812e-06
8.2000000e-06 2.9933634e-06
8.2100000e-06 3.2721084e-06
8.2200000e-06 3.6536788e-06
8.2300000e-06 4.1394228e-06
8.2400000e-06 4.9767670e-06
8.2500000e-06 5.5362158e-06
8.2600000e-06 6.5071780e-06
8.2700000e-06 8.0707690e-06
8.2800000e-06 8.6484300e-06
8.2900000e-06 1.0254415e-05
8.3000000e-06 1.2514277e-05
8.3100000e-06 8.3510132e-07
8.3200000e-06 6.9502452e-07
8.3300000e-06 6.5478235e-07
8.3400000e-06 5.7366091e-07
8.3500000e-06 5.5955808e-07
8.3600000e-06 5.6889617e-07
8.3700000e-06 5.3289355e-07
8.3800000e-06 5.2278174e-07
8.3900000e-06 5.3069368e-07
8.4000000e-06 5.0406524e-07
8.4100000e-06 4.5844732e-07
8.4200000e-06 4.3407304e-07
8.4300000e-06 4.0681293e-07
8.4400000e-06 3.9751043e-07
8.4500000e-06 3.7790959e-07
8.4600000e-06 3.4620319e-07
8.4700000e-06 3.3122940e-07
8.4800000e-06 3.2456816e-07
8.4900000e-06 3.1959282e-07
8.5000000e-06 3.1554671e-07
8.5100000e-06 3.1642562e-07
8.5200000e-06 3.2728838e-07
8.5300000e-06 3.1934091e-07
8.5400000e-06 3.3748068e-07
8.5500000e-06 3.3144713e-07
8.5600000e-06 3.4795666e-07
8.5700000e-06 3.4225589e-07
8.5800000e-06 3.4698030e-07
8.5900000e-06 3.5334447e-07
8.6000000e-06 3.5895186e-07
8.6100000e-06 3.6545203e-07
8.6200000e-06 3.8221845e-07
8.6300000e-06 3.8703349e-07
8.6400000e-06 3.9036030e-07
8.6500000e-06 3.8564682e-07
8.6600000e-06 3.9838268e-07
8.6700000e-06 4.0724567e-07
8.6800000e-06 4.1494470e-07
8.6900000e-06 4.2319712e-07
8.7000000e-06 4.2971920e-07
8.7100000e-06 4.3256326e-07
8.7200000e-06 4.3897833e-07
8.7300000e-06 4.4351077e-07
8.7400000e-06 4.2961831e-07
8.7500000e-06 4.4014720e-07
8.7600000e-06 4.4425811e-07
8.7700000e-06 4.3922429e-07
8.7800000e-06 4.4849499e-07
8.7900000e-06 4.5822856e-07
8.8000000e-06 4.7180727e-07
8.8100000e-06 4.9742667e-07
8.8200000e-06 5.1101054e-07
8.8300000e-06 5.1227860e-07
8.8400000e-06 5.2084231e-07
8.8500000e-06 5.4540927e-07
8.8600000e-06 5.4503375e-07
8.8700000e-06 5.5912683e-07
8.8800000e-06 5.7398660e-07
8.8900000e-06 5.9288031e-07
8.9000000e-06 6.3077101e-07
8.9100000e-06 6.4637565e-07
8.9200000e-06 6.7672937e-07
8.9300000e-06 6.9899619e-07
8.9400000e-06 7.1526521e-07
8.9500000e-06 7.4385587e-07
8.9600000e-06 7.6075067e-07
8.9700000e-06 7.8235028e-07
8.9800000e-06 7.9742762e-07
8.9900000e-06 8.0363849e-07
9.0000000e-06 7.9092889e-07
9.0100000e-06 8.2074029e-07
9.0200000e-06 8.4891353e-07
9.0300000e-06 8.5425471e-07
9.0400000e-06 8.4468252e-07
9.0500000e-06 8.6960221e-07
9.0600000e-06 8.8116336e-07
9.0700000e-06 8.9191731e-07
9.0800000e-06 8.9718172e-07
9.0900000e-06 9.0321452e-07
9.1000000e-06 9.0533846e-07
9.1100000e-06 9.0123161e-07
9.1200000e-06 8.9480154e-07
9.1300000e-06 9.0236364e-07
9.1400000e-06 8.7500219e-07
9.1500000e-06 8.6784699e-07
9.1600000e-06 8.6844760e-07
9.1700000e-06 8.6131516e-07
9.1800000e-06 8.6269390e-07
9.1900000e-06 8.4478237e-07
9.2000000e-06 8.1766196e-07
9.2100000e-06 7.7135505e-07
9.2200000e-06 7.6221345e-07
9.2300000e-06 7.3035450e-07
9.2400000e-06 6.7692619e-07
9.2500000e-06 6.4507503e-07
9.2600000e-06 6.2447127e-07
9.2700000e-06 6.0620647e-07
9.2800000e-06 5.7109644e-07
9.2900000e-06 5.5788913e-07
9.3000000e-06 5.5027548e-07
9.3100000e-06 5.3574812e-07
9.3200000e-06 5.2155622e-07
9.3300000e-06 5.0139143e-07
9.3400000e-06 5.0100642e-07
9.3500000e-06 4.9394930e-07
9.3600000e-06 4.7918098e-07
9.3700000e-06 4.6837887e-07
9.3800000e-06 4.6266407e-07
9.3900000e-06 4.5726347e-07
9.4000000e-06 4.5187436e-07
9.4100000e-06 4.4664740e-07
9.4200000e-06 4.4165732e-07
9.4300000e-06 4.3675302e-07
9.4400000e-06 4.3253506e-07
9.4500000e-06 4.2877619e-07
9.4600000e-06 4.2217727e-07
9.4700000e-06 4.1723939e-07
9.4800000e-06 4.1051698e-07
9.4900000e-06 4.0500411e-07
9.5000000e-06 3.9801021e-07
9.5100000e-06 3.9349127e-07
9.5200000e-06 3.8816261e-07
9.5300000e-06 3.8195236e-07
9.5400000e-06 3.7872788e-07
9.5500000e-06 3.7491623e-07
9.5600000e-06 3.7192835e-07
9.5700000e-06 3.6339028e-07
9.5800000e-06 3.7055981e-07
9.5900000e-06 3.6817727e-07
9.6000000e-06 3.6040833e-07
9.6100000e-06 3.5804131e-07
9.6200000e-06 3.5516331e-07
9.6300000e-06 3.5310114e-07
9.6400000e-06 3.5420581e-07
9.6500000e-06 3.5119378e-07
9.6600000e-06 3.5736242e-07
9.6700000e-06 3.5941241e-07
9.6800000e-06 3.5830868e-07
9.6900000e-06 3.5245129e-07
9.7000000e-06 3.4989515e-07
9.7100000e-06 3.5252853e-07
9.7200000e-06 3.4742459e-07
9.7300000e-06 3.4203967e-07
9.7400000e-06 3.3935914e-07
9.7500000e-06 3.3748400e-07
9.7600000e-06 3.4164211e-07
9.7700000e-06 3.4180041e-07
9.7800000e-06 3.3891360e-07
9.7900000e-06 3.3856742e-07
9.8000000e-06 3.3865602e-07
9.8100000e-06 3.3722671e-07
9.8200000e-06 3.3623350e-07
9.8300000e-06 3.3517019e-07
9.8400000e-06 3.3619858e-07
9.8500000e-06 3.3693695e-07
9.8600000e-06 3.3587617e-07
9.8700000e-06 3.3151317e-07
9.8800000e-06 3.3067530e-07
9.8900000e-06 3.3249161e-07
9.9000000e-06 3.3015051e-07
9.9100000e-06 3.2717023e-07
9.9200000e-06 3.3270111e-07
9.9300000e-06 3.3172346e-07
9.9400000e-06 3.3131841e-07
9.9500000e-06 3.3041538e-07
9.9600000e-06 3.3179207e-07
9.9700000e-06 3.3202818e-07
9.9800000e-06 3.3134028e-07
9.9900000e-06 3.2880851e-07
1.0000000e-05 3.2890510e-07
1.0010000e-05 3.2914316e-07
1.0020000e-05 3.3015908e-07
1.0030000e-05 3.3060748e-07
1.0040000e-05 3.3176116e-07
1.0050000e-05 3.3298308e-07
1.0060000e-05 3.3208827e-07
1.0070000e-05 3.3175849e-07
1.0080000e-05 3.3051498e-07
1.0090000e-05 3.2400387e-07
1.0100000e-05 3.2964990e-07
1.0110000e-05 3.2602779e-07
1.0120000e-05 3.2437451e-07
1.0130000e-05 3.2230454e-07
1.0140000e-05 3.2051834e-07
1.0150000e-05 3.1936433e-07
1.0160000e-05 3.1660758e-07
1.0170000e-05 3.1434425e-07
1.0180000e-05 3.1278183e-07
1.0190000e-05 3.1184868e-07
1.0200000e-05 3.0994422e-07
1.0210000e-05 3.0887679e-07
1.0220000e-05 3.0711771e-07
1.0230000e-05 3.0757986e-07
1.0240000e-05 3.0423301e-07
1.0250000e-05 3.0310615e-07
1.0260000e-05 3.0281072e-07
1.0270000e-05 2.9927118e-07
1.0280000e-05 2.9780759e-07
1.0290000e-05 2.9620904e-07
1.0300000e-05 2.9736699e-07
1.0310000e-05 2.9907284e-07
1.0320000e-05 3.0015707e-07
1.0330000e-05 3.0117057e-07
1.0340000e-05 3.0225068e-07
1.0350000e-05 3.0332870e-07
1.0360000e-05 3.0830550e-07
1.0370000e-05 3.1142671e-07
1.0380000e-05 3.1023873e-07
1.0390000e-05 3.0816593e-07
1.0400000e-05 3.0439279e-07
1.0410000e-05 3.0267012e-07
1.0420000e-05 3.0306008e-07
1.0430000e-05 3.0168188e-07
1.0440000e-05 2.9969511e-07
1.0450000e-05 2.9811923e-07
1.0460000e-05 2.9851205e-07
1.0470000e-05 2.9822693e-07
1.0480000e-05 2.9253015e-07
1.0490000e-05 2.9644175e-07
1.0500000e-05 2.9940057e-07
1.0510000e-05 2.9979029e-07
1.0520000e-05 3.0098802e-07
1.0530000e-05 3.0393409e-07
1.0540000e-05 3.0566376e-07
1.0550000e-05 3.0698692e-07
1.0560000e-05 3.0441345e-07
1.0570000e-05 3.0211315e-07
1.0580000e-05 3.0196163e-07
1.0590000e-05 3.0114089e-07
1.0600000e-05 2.9971972e-07
1.0610000e-05 2.9896946e-07
1.0620000e-05 2.9755301e-07
1.0630000e-05 2.9600583e-07
1.0640000e-05 2.9799323e-07
1.0650000e-05 2.9564967e-07
1.0660000e-05 2.9324400e-07
1.0670000e-05 2.9137441e-07
1.0680000e-05 2.9017219e-07
1.0690000e-05 2.8811001e-07
1.0700000e-05 2.8658178e-07
1.0710000e-05 2.8472540e-07
1.0720000e-05 2.8260793e-07
1.0730000e-05 2.8194809e-07
1.0740000e-05 2.8175158e-07
1.0750000e-05 2.8155544e-07
1.0760000e-05 2.7865809e-07
1.0770000e-05 2.7622693e-07
1.0780000e-05 2.7833840e-07
1.0790000e-05 2.7808044e-07
1.0800000e-05 2.7703519e-07
1.0810000e-05 2.7559833e-07
1.0820000e-05 2.7468835e-07
1.0830000e-05 2.7129234e-07
1.0840000e-05 2.7169613e-07
1.0850000e-05 2.7321005e-07
1.0860000e-05 2.7446004e-07
1.0870000e-05 2.7446845e-07
1.0880000e-05 2.7349936e-07
1.0890000e-05 2.7344353e-07
1.0900000e-05 2.7371303e-07
1.0910000e-05 2.7794620e-07
1.0920000e-05 2.7957454e-07
1.0930000e-05 2.8048637e-07
1.0940000e-05 2.8269269e-07
1.0950000e-05 2.8567196e-07
1.0960000e-05 2.8825766e-07
1.0970000e-05 2.9103254e-07
1.0980000e-05 2.9412523e-07
1.0990000e-05 2.9837352e-07
1.1000000e-05 3.0487000e-07
1.1010000e-05 3.1225622e-07
1.1020000e-05 3.1969338e-07
1.1030000e-05 3.2705277e-07
1.1040000e-05 3.4017871e-07
1.1050000e-05 3.5629656e-07
1.1060000e-05 3.7353915e-07
1.1070000e-05 3.9376079e-07
1.1080000e-05 4.1599359e-07
1.1090000e-05 4.4515482e-07
1.1100000e-05 4.7784045e-07
1.1110000e-05 3.0357453e-07
1.1120000e-05 2.7429119e-07
1.1130000e-05 2.4512417e-07
1.1140000e-05 2.1015422e-07
1.1150000e-05 1.8771013e-07
1.1160000e-05 1.6784749e-07
1.1170000e-05 1.5087672e-07
1.1180000e-05 1.3393631e-07
1.1190000e-05 1.2013083e-07
1.1200000e-05 1.1078125e-07
1.1210000e-05 1.0208082e-07
1.1220000e-05 9.4343761e-08
1.1230000e-05 8.7883170e-08
1.1240000e-05 8.3326423e-08
1.1250000e-05 7.8336622e-08
1.1260000e-05 7.4174245e-08
1.1270000e-05 6.9390151e-08
1.1280000e-05 6.6940160e-08
1.1290000e-05 6.6252879e-08
1.1300000e-05 6.4437434e-08
1.1310000e-05 6.2875950e-08
1.1320000e-05 6.0358949e-08
1.1330000e-05 5.9917696e-08
1.1340000e-05 5.9677293e-08
1.1350000e-05 6.0149436e-08
1.1360000e-05 6.0346136e-08
1.1370000e-05 6.0187054e-08
1.1380000e-05 5.9342926e-08
1.1390000e-05 6.0566901e-08
1.1400000e-05 6.1639465e-08
1.1410000e-05 6.2070123e-08
1.1420000e-05 6.3139492e-08
1.1430000e-05 6.3642520e-08
1.1440000e-05 6.4702448e-08
1.1450000e-05 6.5141310e-08
1.1460000e-05 6.6445550e-08
1.1470000e-05 6.7809329e-08
1.1480000e-05 6.8367857e-08
1.1490000e-05 6.8925413e-08
1.1500000e-05 7.0036870e-08
1.1510000e-05 7.1515986e-08
1.1520000e-05 7.2746354e-08
1.1530000e-05 7.3790113e-08
1.1540000e-05 7.4279116e-08
1.1550000e-05 7.5503896e-08
1.1560000e-05 7.6113235e-08
1.1570000e-05 7.6660242e-08
1.1580000e-05 7.8430829e-08
1.1590000e-05 7.9403106e-08
1.1600000e-05 8.0434828e-08
1.1610000e-05 8.1525840e-08
1.1620000e-05 8.2859036e-08
1.1630000e-05 8.4494755e-08
1.1640000e-05 8.5274914e-08
1.1650000e-05 8.7088326e-08
1.1660000e-05 8.9263465e-08
1.1670000e-05 9.0766581e-08
1.1680000e-05 9.2631336e-08
1.1690000e-05 9.4250299e-08
1.1700000e-05 9.6169487e-08
1.1710000e-05 9.8327583e-08
1.1720000e-05 1.0054249e-07
1.1730000e-05 1.0233052e-07
1.1740000e-05 1.0357198e-07
1.1750000e-05 1.0577677e-07
1.1760000e-05 1.0779694e-07
1.1770000e-05 1.0891011e-07
1.1780000e-05 1.1062326e-07
1.1790000e-05 1.1287472e-07
1.1800000e-05 1.1506229e-07
1.1810000e-05 1.1832676e-07
1.1820000e-05 1.2020609e-07
1.1830000e-05 1.2274150e-07
1.1840000e-05 1.2515287e-07
1.1850000e-05 1.2738068e-07
1.1860000e-05 1.2924604e-07
1.1870000e-05 1.3033176e-07
1.1880000e-05 1.3392222e-07
1.1890000e-05 1.3768553e-07
1.1900000e-05 1.3971471e-07
1.1910000e-05 1.4156188e-07
1.1920000e-05 1.4388180e-07
1.1930000e-05 1.4518751e-07
1.1940000e-05 1.4465025e-07
1.1950000e-05 1.4636845e-07
1.1960000e-05 1.4814306e-07
1.1970000e-05 1.4985547e-07
1.1980000e-05 1.5103239e-07
1.1990000e-05 1.5279867e-07
1.2000000e-05 1.5403025e-07
1.2010000e-05 1.5768018e-07
1.2020000e-05 1.5849276e-07
1.2030000e-05 1.5836101e-07
1.2040000e-05 1.5481404e-07
1.2050000e-05 1.5545046e-07
1.2060000e-05 1.5549793e-07
1.2070000e-05 1.5613273e-07
1.2080000e-05 1.5670778e-07
1.2090000e-05 1.5722324e-07
1.2100000e-05 1.5762066e-07
1.2110000e-05 1.5795888e-07
1.2120000e-05 1.5771155e-07
1.2130000e-05 1.5810758e-07
1.2140000e-05 1.5850297e-07
1.2150000e-05 1.5895605e-07
1.2160000e-05 1.5940839e-07
1.2170000e-05 1.6399630e-07
1.2180000e-05 1.6490944e-07
1.2190000e-05 1.6436702e-07
1.2200000e-05 1.6132656e-07
1.2210000e-05 1.6241384e-07
1.2220000e-05 1.6280311e-07
1.2230000e-05 1.6585846e-07
1.2240000e-05 1.6641806e-07
1.2250000e-05 1.6593494e-07
1.2260000e-05 1.6522129e-07
1.2270000e-05 1.6439324e-07
1.2280000e-05 1.6322011e-07
1.2290000e-05 1.6141432e-07
1.2300000e-05 1.5747870e-07
1.2310000e-05 1.5614127e-07
1.2320000e-05 1.5538149e-07
1.2330000e-05 1.5410543e-07
1.2340000e-05 1.5616386e-07
1.2350000e-05 1.5517628e-07
1.2360000e-05 1.5287095e-07
1.2370000e-05 1.4735966e-07
1.2380000e-05 1.4563708e-07
1.2390000e-05 1.4386005e-07
1.2400000e-05 1.4208589e-07
1.2410000e-05 1.4225705e-07
1.2420000e-05 1.4134332e-07
1.2430000e-05 1.3940434e-07
1.2440000e-05 1.3621463e-07
1.2450000e-05 1.3354257e-07
1.2460000e-05 1.3178523e-07
1.2470000e-05 1.3167955e-07
1.2480000e-05 1.2998333e-07
1.2490000e-05 1.2777894e-07
1.2500000e-05 1.2586168e-07
1.2510000e-05 1.2304069e-07
1.2520000e-05 1.1818554e-07
1.2530000e-05 1.1628053e-07
1.2540000e-05 1.1443509e-07
1.2550000e-05 1.1445689e-07
1.2560000e-05 1.1272874e-07
1.2570000e-05 1.1077772e-07
1.2580000e-05 1.0877345e-07
1.2590000e-05 1.0660342e-07
1.2600000e-05 1.0387413e-07
1.2610000e-05 1.0221745e-07
1.2620000e-05 1.0118138e-07
1.2630000e-05 9.9697862e-08
1.2640000e-05 9.7992326e-08
1.2650000e-05 9.6177391e-08
1.2660000e-05 9.4141311e-08
1.2670000e-05 9.0429676e-08
1.2680000e-05 8.8680915e-08
1.2690000e-05 8.6934909e-08
1.2700000e-05 8.4633386e-08
1.2710000e-05 8.3506924e-08
1.2720000e-05 8.2828145e-08
1.2730000e-05 8.2763079e-08
1.2740000e-05 8.2141601e-08
1.2750000e-05 8.1521098e-08
1.2760000e-05 8.1457210e-08
1.2770000e-05 8.0838215e-08
1.2780000e-05 8.2439280e-08
1.2790000e-05 8.3982408e-08
1.2800000e-05 8.6132422e-08
1.2810000e-05 8.8223731e-08
1.2820000e-05 9.0864821e-08
1.2830000e-05 9.3501793e-08
1.2840000e-05 9.8895561e-08
1.2850000e-05 1.0615689e-07
1.2860000e-05 1.1495062e-07
1.2870000e-05 1.2494266e-07
1.2880000e-05 1.3640543e-07
1.2890000e-05 1.5005058e-07
1.2900000e-05 1.6631271e-07
1.2910000e-05 1.8139636e-07
1.2920000e-05 1.9854195e-07
1.2930000e-05 2.1971872e-07
1.2940000e-05 2.4590355e-07
1.2950000e-05 2.7900108e-07
1.2960000e-05 3.2501304e-07
1.2970000e-05 3.7111804e-07
1.2980000e-05 4.1502173e-07
1.2990000e-05 4.6868229e-07
1.3000000e-05 5.3529500e-07
1.3010000e-05 6.2616526e-07
1.3020000e-05 7.4494009e-07
1.3030000e-05 9.0597467e-07
1.3040000e-05 9.8955521e-07
1.3050000e-05 1.0811571e-06
1.3060000e-05 1.1910766e-06
1.3070000e-05 1.3208990e-06
1.3080000e-05 1.4873823e-06
1.3090000e-05 1.7180657e-06
1.3100000e-05 1.5857786e-06
1.3110000e-05 1.8587590e-06
1.3120000e-05 1.8389687e-06
1.3130000e-05 1.8278484e-06
1.3140000e-05 1.8032557e-06
1.3150000e-05 1.7727696e-06
1.3160000e-05 1.7358647e-06
1.3170000e-05 1.6672536e-06
1.3180000e-05 1.5917534e-06
1.3190000e-05 1.5206679e-06
1.3200000e-05 1.0301985e-06
1.3210000e-05 2.7184595e-06
1.3220000e-05 2.7319561e-06
1.3230000e-05 2.7540068e-06
1.3240000e-05 2.7626367e-06
1.3250000e-05 2.7717887e-06
1.3260000e-05 2.7787881e-06
1.3270000e-05 2.7766940e-06
1.3280000e-05 2.7703321e-06
1.3290000e-05 2.7703815e-06
1.3300000e-05 2.7682985e-06
1.3310000e-05 2.7672840e-06
1.3320000e-05 2.7630773e-06
1.3330000e-05 2.7535581e-06
1.3340000e-05 2.7366124e-06
1.3350000e-05 2.6405603e-06
1.3360000e-05 2.7908915e-06
1.3370000e-05 2.7835011e-06
1.3380000e-05 2.6802108e-06
1.3390000e-05 2.6956826e-06
1.3400000e-05 2.6772687e-06
1.3410000e-05 2.7413609e-06
1.3420000e-05 2.7361483e-06
1.3430000e-05 2.7246083e-06
1.3440000e-05 2.6207679e-06
1.3450000e-05 2.6351606e-06
1.3460000e-05 2.7280171e-06
1.3470000e-05 2.7270445e-06
1.3480000e-05 2.7329110e-06
1.3490000e-05 2.7324618e-06
1.3500000e-05 2.7335889e-06
1.3510000e-05 2.7446854e-06
1.3520000e-05 2.7510459e-06
1.3530000e-05 2.7626371e-06
1.3540000e-05 2.7694985e-06
1.3550000e-05 2.7821055e-06
1.3560000e-05 2.7952168e-06
1.3570000e-05 2.8025615e-06
1.3580000e-05 2.7279271e-06
1.3590000e-05 2.7655695e-06
1.3600000e-05 2.7713559e-06
1.3610000e-05 2.7599427e-06
1.3620000e-05 2.8229860e-06
1.3630000e-05 2.8250763e-06
1.3640000e-05 2.8214457e-06
1.3650000e-05 2.7466608e-06
1.3660000e-05 2.7622972e-06
1.3670000e-05 2.7659817e-06
1.3680000e-05 2.7655146e-06
1.3690000e-05 2.7624587e-06
1.3700000e-05 2.7568197e-06
1.3710000e-05 2.7480861e-06
1.3720000e-05 2.7481501e-06
1.3730000e-05 2.7606074e-06
1.3740000e-05 2.7694345e-06
1.3750000e-05 2.7715455e-06
1.3760000e-05 2.7690160e-06
1.3770000e-05 2.7319927e-06
1.3780000e-05 2.7752874e-06
1.3790000e-05 2.7712183e-06
1.3800000e-05 2.7728065e-06
1.3810000e-05 2.7743925e-06
1.3820000e-05 2.7816194e-06
1.3830000e-05 2.7826840e-06
1.3840000e-05 2.7842594e-06
1.3850000e-05 2.7899278e-06
1.3860000e-05 2.7899610e-06
1.3870000e-05 2.7940836e-06
1.3880000e-05 2.7971787e-06
1.3890000e-05 2.7992484e-06
1.3900000e-05 2.8018252e-06
1.3910000e-05 2.8038886e-06
1.3920000e-05 2.7652019e-06
1.3930000e-05 2.7820488e-06
1.3940000e-05 2.7820875e-06
1.3950000e-05 2.7394337e-06
1.3960000e-05 2.8126375e-06
1.3970000e-05 2.8106242e-06
1.3980000e-05 2.8146996e-06
1.3990000e-05 2.8142080e-06
1.4000000e-05 2.8142236e-06
1.4010000e-05 2.7853933e-06
1.4020000e-05 2.8011063e-06
1.4030000e-05 2.7940563e-06
1.4040000e-05 2.8122657e-06
1.4050000e-05 2.8127872e-06
1.4060000e-05 2.8153250e-06
1.4070000e-05 2.8208827e-06
1.4080000e-05 2.7755739e-06
1.4090000e-05 2.7861838e-06
1.4100000e-05 2.8113610e-06
1.4110000e-05 2.7917817e-06
1.4120000e-05 2.7742387e-06
1.4130000e-05 2.7582258e-06
1.4140000e-05 2.7141563e-06
1.4150000e-05 2.7172488e-06
1.4160000e-05 2.7098220e-06
1.4170000e-05 2.6949005e-06
1.4180000e-05 2.6500000e-06
1.4190000e-05 2.6846068e-06
1.4200000e-05 2.6752268e-06
1.4210000e-05 2.6239486e-06
1.4220000e-05 2.6360640e-06
1.4230000e-05 2.6342115e-06
1.4240000e-05 2.6298722e-06
1.4250000e-05 2.6290218e-06
1.4260000e-05 2.6341388e-06
1.4270000e-05 2.6367645e-06
1.4280000e-05 2.6354146e-06
1.4290000e-05 2.6241435e-06
1.4300000e-05 2.6143755e-06
1.4310000e-05 2.6061076e-06
1.4320000e-05 2.6067633e-06
1.4330000e-05 2.6138500e-06
1.4340000e-05 2.6159826e-06
1.4350000e-05 2.6161359e-06
1.4360000e-05 2.5990084e-06
1.4370000e-05 2.6307502e-06
1.4380000e-05 2.6382886e-06
1.4390000e-05 2.6403968e-06
1.4400000e-05 2.6464410e-06
1.4410000e-05 2.6529688e-06
1.4420000e-05 2.6585042e-06
1.4430000e-05 2.6694366e-06
1.4440000e-05 2.5939384e-06
1.4450000e-05 2.6480782e-06
1.4460000e-05 2.6918465e-06
1.4470000e-05 2.6978258e-06
1.4480000e-05 2.7086934e-06
1.4490000e-05 2.7195459e-06
1.4500000e-05 2.7113138e-06
1.4510000e-05 2.7446265e-06
1.4520000e-05 2.7608030e-06
1.4530000e-05 2.7779332e-06
1.4540000e-05 2.7882132e-06
1.4550000e-05 2.7594962e-06
1.4560000e-05 2.8155481e-06
1.4570000e-05 2.8321071e-06
1.4580000e-05 2.8311372e-06
1.4590000e-05 2.8787635e-06
1.4600000e-05 2.9083568e-06
1.4610000e-05 2.9218953e-06
1.4620000e-05 2.9320205e-06
1.4630000e-05 2.9275933e-06
1.4640000e-05 2.9406066e-06
1.4650000e-05 2.9865113e-06
1.4660000e-05 3.0120409e-06
1.4670000e-05 3.0360859e-06
1.4680000e-05 3.0552684e-06
1.4690000e-05 3.0594629e-06
1.4700000e-05 3.0655810e-06
1.4710000e-05 3.0789205e-06
1.4720000e-05 3.0970584e-06
1.4730000e-05 3.1156531e-06
1.4740000e-05 3.1246024e-06
1.4750000e-05 3.1340203e-06
1.4760000e-05 3.1487093e-06
1.4770000e-05 3.1307366e-06
1.4780000e-05 3.1679540e-06
1.4790000e-05 3.1777965e-06
1.4800000e-05 3.1871466e-06
1.4810000e-05 3.1960054e-06
1.4820000e-05 3.2058090e-06
1.4830000e-05 3.2041254e-06
1.4840000e-05 3.2076995e-06
1.4850000e-05 3.1979003e-06
1.4860000e-05 3.2420289e-06
1.4870000e-05 3.2517687e-06
1.4880000e-05 3.2519657e-06
1.4890000e-05 3.2402586e-06
1.4900000e-05 3.2228570e-06
1.4910000e-05 3.2011992e-06
1.4920000e-05 3.2014296e-06
1.4930000e-05 3.1973858e-06
1.4940000e-05 3.1530094e-06
1.4950000e-05 3.2177692e-06
1.4960000e-05 3.2246230e-06
1.4970000e-05 3.2286259e-06
1.4980000e-05 3.2222109e-06
1.4990000e-05 3.2167505e-06
1.5000000e-05 3.2089340e-06
1.5010000e-05 3.2058514e-06
1.5020000e-05 3.2098535e-06
1.5030000e-05 3.2162089e-06
1.5040000e-05 3.2192560e-06
1.5050000e-05 3.2208857e-06
1.5060000e-05 3.2211009e-06
1.5070000e-05 3.2227273e-06
1.5080000e-05 3.2177692e-06
1.5090000e-05 3.2043605e-06
1.5100000e-05 3.1886219e-06
1.5110000e-05 3.1438120e-06
1.5120000e-05 3.1717434e-06
1.5130000e-05 3.1279412e-06
1.5140000e-05 3.1581876e-06
1.5150000e-05 3.1579749e-06
1.5160000e-05 3.1493443e-06
1.5170000e-05 3.1393230e-06
1.5180000e-05 3.1181054e-06
1.5190000e-05 3.0791791e-06
1.5200000e-05 3.1154020e-06
1.5210000e-05 3.1077600e-06
1.5220000e-05 3.1001281e-06
1.5230000e-05 3.0966960e-06
1.5240000e-05 3.0895466e-06
1.5250000e-05 3.0819416e-06
1.5260000e-05 3.0789928e-06
1.5270000e-05 3.0765121e-06
1.5280000e-05 3.0731067e-06
1.5290000e-05 3.0706331e-06
1.5300000e-05 3.0681627e-06
1.5310000e-05 3.0254063e-06
1.5320000e-05 3.0336129e-06
1.5330000e-05 3.0260841e-06
1.5340000e-05 2.9862119e-06
1.5350000e-05 3.0590925e-06
1.5360000e-05 3.0571009e-06
1.5370000e-05 3.0601861e-06
1.5380000e-05 3.0028778e-06
1.5390000e-05 3.0156686e-06
1.5400000e-05 3.0095669e-06
1.5410000e-05 2.9961116e-06
1.5420000e-05 2.9996861e-06
1.5430000e-05 3.0124459e-06
1.5440000e-05 3.0297811e-06
1.5450000e-05 3.0411282e-06
1.5460000e-05 3.0510847e-06
1.5470000e-05 3.0486542e-06
1.5480000e-05 3.0247003e-06
1.5490000e-05 3.1211562e-06
1.5500000e-05 3.1301206e-06
1.5510000e-05 3.1395306e-06
1.5520000e-05 3.0826881e-06
1.5530000e-05 3.1144868e-06
1.5540000e-05 3.1448758e-06
1.5550000e-05 3.1756817e-06
1.5560000e-05 3.1959679e-06
1.5570000e-05 3.2103083e-06
1.5580000e-05 3.2114332e-06
1.5590000e-05 3.3071507e-06
1.5600000e-05 3.3277551e-06
1.5610000e-05 3.3474247e-06
1.5620000e-05 3.3711543e-06
1.5630000e-05 3.3903173e-06
1.5640000e-05 3.4126292e-06
1.5650000e-05 3.3787361e-06
1.5660000e-05 3.4109872e-06
1.5670000e-05 3.4323382e-06
1.5680000e-05 3.4500446e-06
1.5690000e-05 3.4681804e-06
1.5700000e-05 3.4921637e-06
1.5710000e-05 3.5192756e-06
1.5720000e-05 3.5409408e-06
1.5730000e-05 3.5562683e-06
1.5740000e-05 3.5688736e-06
1.5750000e-05 3.5792121e-06
1.5760000e-05 3.5832392e-06
1.5770000e-05 3.5665802e-06
1.5780000e-05 3.6613695e-06
1.5790000e-05 3.6752153e-06
1.5800000e-05 3.6876975e-06
1.5810000e-05 3.7055452e-06
1.5820000e-05 3.6077434e-06
1.5830000e-05 3.6511485e-06
1.5840000e-05 3.6528718e-06
1.5850000e-05 3.7547924e-06
1.5860000e-05 3.7676242e-06
1.5870000e-05 3.7795463e-06
1.5880000e-05 3.7923463e-06
1.5890000e-05 3.8042379e-06
1.5900000e-05 3.8170063e-06
1.5910000e-05 3.8288674e-06
1.5920000e-05 3.7574328e-06
1.5930000e-05 3.7888996e-06
1.5940000e-05 3.7945289e-06
1.5950000e-05 3.7725912e-06
1.5960000e-05 3.8875056e-06
1.5970000e-05 3.9014978e-06
1.5980000e-05 3.9145851e-06
1.5990000e-05 3.9276560e-06
1.6000000e-05 3.9407106e-06
1.6010000e-05 3.9603916e-06
1.6020000e-05 3.9747372e-06
1.6030000e-05 3.9903918e-06
1.6040000e-05 4.0051428e-06
1.6050000e-05 4.0212006e-06
1.6060000e-05 4.0367970e-06
1.6070000e-05 4.0528152e-06
1.6080000e-05 4.0696953e-06
1.6090000e-05 4.0283891e-06
1.6100000e-05 4.0730068e-06
1.6110000e-05 4.0898430e-06
1.6120000e-05 4.1431638e-06
1.6130000e-05 4.1454303e-06
1.6140000e-05 4.1459368e-06
1.6150000e-05 4.1899046e-06
1.6160000e-05 4.1851182e-06
1.6170000e-05 4.1781453e-06
1.6180000e-05 4.2150006e-06
1.6190000e-05 4.2062662e-06
1.6200000e-05 4.2071710e-06
1.6210000e-05 4.2181345e-06
1.6220000e-05 4.2771671e-06
1.6230000e-05 4.2889476e-06
1.6240000e-05 4.2980942e-06
1.6250000e-05 4.3028665e-06
1.6260000e-05 4.3041445e-06
1.6270000e-05 4.3450762e-06
1.6280000e-05 4.3371812e-06
1.6290000e-05 4.3232026e-06
1.6300000e-05 4.3005417e-06
1.6310000e-05 4.2418283e-06
1.6320000e-05 4.2991814e-06
1.6330000e-05 4.2961145e-06
1.6340000e-05 4.2930514e-06
1.6350000e-05 4.2635401e-06
1.6360000e-05 4.2904034e-06
1.6370000e-05 4.2938461e-06
1.6380000e-05 4.2721795e-06
1.6390000e-05 4.2825503e-06
1.6400000e-05 4.2821006e-06
1.6410000e-05 4.2812194e-06
1.6420000e-05 4.2803392e-06
1.6430000e-05 4.3239075e-06
1.6440000e-05 4.3255900e-06
1.6450000e-05 4.3229605e-06
1.6460000e-05 4.3246416e-06
1.6470000e-05 4.3220158e-06
1.6480000e-05 4.3236954e-06
1.6490000e-05 4.3210734e-06
1.6500000e-05 4.3657212e-06
1.6510000e-05 4.3630769e-06
1.6520000e-05 4.3604358e-06
1.6530000e-05 4.3577979e-06
1.6540000e-05 4.4023156e-06
1.6550000e-05 4.3996556e-06
1.6560000e-05 4.4398128e-06
1.6570000e-05 4.4371334e-06
1.6580000e-05 4.4301809e-06
1.6590000e-05 4.4873418e-06
1.6600000e-05 4.5059940e-06
1.6610000e-05 4.5416978e-06
1.6620000e-05 4.5219013e-06
1.6630000e-05 4.5063921e-06
1.6640000e-05 4.5675962e-06
1.6650000e-05 4.6031772e-06
1.6660000e-05 4.5748800e-06
1.6670000e-05 4.6274265e-06
1.6680000e-05 4.6331535e-06
1.6690000e-05 4.7025944e-06
1.6700000e-05 4.7379880e-06
1.6710000e-05 4.7690963e-06
1.6720000e-05 4.8044079e-06
1.6730000e-05 4.8396772e-06
1.6740000e-05 4.8706691e-06
1.6750000e-05 4.9058567e-06
1.6760000e-05 4.9410024e-06
1.6770000e-05 4.9761061e-06
1.6780000e-05 5.0111681e-06
1.6790000e-05 5.0419655e-06
1.6800000e-05 5.1064881e-06
1.6810000e-05 5.1456276e-06
1.6820000e-05 5.1299227e-06
1.6830000e-05 5.2237671e-06
1.6840000e-05 5.3048694e-06
1.6850000e-05 5.3395905e-06
1.6860000e-05 5.3700652e-06
1.6870000e-05 5.4509366e-06
1.6880000e-05 5.4813092e-06
1.6890000e-05 5.5158437e-06
1.6900000e-05 5.6216568e-06
1.6910000e-05 5.6938025e-06
1.6920000e-05 5.7784338e-06
1.6930000e-05 5.8127112e-06
1.6940000e-05 5.8427627e-06
1.6950000e-05 5.9104248e-06
1.6960000e-05 5.9362028e-06
1.6970000e-05 6.0204420e-06
1.6980000e-05 6.1087574e-06
1.6990000e-05 6.1552384e-06
1.7000000e-05 6.2433706e-06
1.7010000e-05 6.2855497e-06
1.7020000e-05 6.3651704e-06
1.7030000e-05 6.4405344e-06
1.7040000e-05 6.4658803e-06
1.7050000e-05 6.5327801e-06
1.7060000e-05 6.5912896e-06
1.7070000e-05 6.6538840e-06
1.7080000e-05 6.6956499e-06
1.7090000e-05 6.7995963e-06
1.7100000e-05 6.9034211e-06
1.7110000e-05 6.9946932e-06
1.7120000e-05 7.0610105e-06
1.7130000e-05 7.0775832e-06
1.7140000e-05 7.0900000e-06
1.7150000e-05 7.1272070e-06
1.7160000e-05 7.2056876e-06
1.7170000e-05 7.2799476e-06
1.7180000e-05 7.5191967e-06
1.7190000e-05 7.6220593e-06
1.7200000e-05 7.7371686e-06
1.7210000e-05 7.7903486e-06
1.7220000e-05 7.8311150e-06
1.7230000e-05 7.9047533e-06
1.7240000e-05 7.9042807e-06
1.7250000e-05 7.7558435e-06
1.7260000e-05 7.7965353e-06
1.7270000e-05 7.8330747e-06
1.7280000e-05 7.9147049e-06
1.7290000e-05 7.9552342e-06
1.7300000e-05 7.9957168e-06
1.7310000e-05 8.2163720e-06
1.7320000e-05 8.4122113e-06
1.7330000e-05 8.4809983e-06
1.7340000e-05 8.4965513e-06
1.7350000e-05 8.4385303e-06
1.7360000e-05 8.3233986e-06
1.7370000e-05 8.3635060e-06
1.7380000e-05 8.4035673e-06
1.7390000e-05 8.4843531e-06
1.7400000e-05 8.7484080e-06
1.7410000e-05 8.8981333e-06
1.7420000e-05 8.9581458e-06
1.7430000e-05 8.8553815e-06
1.7440000e-05 8.7974541e-06
1.7450000e-05 8.8777364e-06
1.7460000e-05 9.1406586e-06
1.7470000e-05 9.3992215e-06
1.7480000e-05 9.5439188e-06
1.7490000e-05 9.6600743e-06
1.7500000e-05 9.7517886e-06
1.7510000e-05 9.8231525e-06
1.7520000e-05 9.9227626e-06
1.7530000e-05 1.0050570e-05
1.7540000e-05 1.0149937e-05
1.7550000e-05 1.0245151e-05
1.7560000e-05 1.0073776e-05
1.7570000e-05 1.0221383e-05
1.7580000e-05 1.0405119e-05
1.7590000e-05 1.0592678e-05
1.7600000e-05 1.0884761e-05
1.7610000e-05 1.1289245e-05
1.7620000e-05 1.1536339e-05
1.7630000e-05 1.1779132e-05
1.7640000e-05 1.1953322e-05
1.7650000e-05 1.2187569e-05
1.7660000e-05 1.2397463e-05
1.7670000e-05 1.2599095e-05
1.7680000e-05 1.2872681e-05
1.7690000e-05 1.3125919e-05
1.7700000e-05 1.3414921e-05
1.7710000e-05 1.3627532e-05
1.7720000e-05 1.3735875e-05
1.7730000e-05 1.4064033e-05
1.7740000e-05 1.4395817e-05
1.7750000e-05 1.4759183e-05
1.7760000e-05 1.5126132e-05
1.7770000e-05 1.5604384e-05
1.7780000e-05 1.6389145e-05
1.7790000e-05 1.7069404e-05
1.7800000e-05 1.7697118e-05
1.7810000e-05 1.8264413e-05
1.7820000e-05 1.8839029e-05
1.7830000e-05 1.9377213e-05
1.7840000e-05 1.9986328e-05
1.7850000e-05 2.0654342e-05
1.7860000e-05 2.1365274e-05
1.7870000e-05 2.2174600e-05
1.7880000e-05 2.3046465e-05
1.7890000e-05 2.4067954e-05
1.7900000e-05 2.5183363e-05
1.7910000e-05 2.6325237e-05
1.7920000e-05 2.7362969e-05
1.7930000e-05 2.8767289e-05
1.7940000e-05 3.0434833e-05
1.7950000e-05 3.2128167e-05
1.7960000e-05 3.4656520e-05
1.7970000e-05 3.7205732e-05
1.7980000e-05 3.9866463e-05
1.7990000e-05 4.3154808e-05
1.8000000e-05 4.6360722e-05
1.8010000e-05 4.9799278e-05
1.8020000e-05 5.2643840e-05
1.8030000e-05 5.5367277e-05
1.8040000e-05 6.0092073e-05
1.8050000e-05 6.4772355e-05
1.8060000e-05 7.0075581e-05
1.8070000e-05 7.6314610e-05
1.8080000e-05 8.3409458e-05
1.8090000e-05 9.2495301e-05
1.8100000e-05 1.0188448e-04
1.8110000e-05 1.1678338e-04
1.8120000e-05 1.3444393e-04
1.8130000e-05 1.5709062e-04
1.8140000e-05 1.5696494e-04
1.8150000e-05 1.6176138e-04
1.8160000e-05 1.5854895e-04
1.8170000e-05 1.5475476e-04
1.8180000e-05 1.4979477e-04
1.8190000e-05 1.4452842e-04
1.8200000e-05 1.3817709e-04
1.8210000e-05 1.3253355e-04
1.8220000e-05 9.4987322e-05
1.8230000e-05 1.1492567e-04
1.8240000e-05 1.2318098e-04
1.8250000e-05 1.2684301e-04
1.8260000e-05 1.2615230e-04
1.8270000e-05 9.1933279e-05
1.8280000e-05 4.5185175e-05
1.8290000e-05 5.5433024e-05
1.8300000e-05 4.3469836e-05
1.8310000e-05 3.4710410e-05
1.8320000e-05 2.8054263e-05
1.8330000e-05 2.2882946e-05
1.8340000e-05 1.9132176e-05
1.8350000e-05 1.6231657e-05
1.8360000e-05 1.3967609e-05
1.8370000e-05 1.2250223e-05
1.8380000e-05 8.6136942e-06
1.8390000e-05 1.0297656e-05
1.8400000e-05 7.5331250e-06
1.8410000e-05 8.5688485e-06
1.8420000e-05 9.8305429e-06
1.8430000e-05 1.0671546e-05
1.8440000e-05 1.0954127e-05
1.8450000e-05 1.0394824e-05
1.8460000e-05 8.9220314e-06
1.8470000e-05 6.7944234e-06
1.8480000e-05 4.5962229e-06
1.8490000e-05 4.9196701e-06
1.8500000e-05 8.6804595e-06
1.8510000e-05 1.2877677e-05
1.8520000e-05 1.6400410e-05
1.8530000e-05 1.8687296e-05
1.8540000e-05 1.8730755e-05
1.8550000e-05 1.5296054e-05
1.8560000e-05 3.2638448e-06
1.8570000e-05 1.5795008e-06
1.8580000e-05 1.6847336e-06
1.8590000e-05 1.8058714e-06
1.8600000e-05 1.9291661e-06
1.8610000e-05 2.0725202e-06
1.8620000e-05 1.7987734e-05
1.8630000e-05 2.7279184e-05
1.8640000e-05 3.1311631e-05
1.8650000e-05 3.0234193e-05
1.8660000e-05 2.4119678e-05
1.8670000e-05 9.9685324e-06
1.8680000e-05 3.3419406e-06
1.8690000e-05 3.5070653e-06
1.8700000e-05 3.6352364e-06
1.8710000e-05 8.4125067e-06
1.8720000e-05 2.6678397e-05
1.8730000e-05 3.8724346e-05
1.8740000e-05 4.7935059e-05
1.8750000e-05 5.4867147e-05
1.8760000e-05 6.0128945e-05
1.8770000e-05 6.4025306e-05
1.8780000e-05 6.6482907e-05
1.8790000e-05 6.7692709e-05
1.8800000e-05 6.7694415e-05
1.8810000e-05 6.6829187e-05
1.8820000e-05 6.5362115e-05
1.8830000e-05 6.3821296e-05
1.8840000e-05 6.3599257e-05
1.8850000e-05 6.5107639e-05
1.8860000e-05 6.8042948e-05
1.8870000e-05 7.2402915e-05
1.8880000e-05 7.7959958e-05
1.8890000e-05 8.3360985e-05
1.8900000e-05 8.9619101e-05
1.8910000e-05 9.6133051e-05
1.8920000e-05 1.0312727e-04
1.8930000e-05 1.0955230e-04
1.8940000e-05 1.1574593e-04
1.8950000e-05 1.2129699e-04
1.8960000e-05 1.2508465e-04
1.8970000e-05 1.2699958e-04
1.8980000e-05 1.2413103e-04
1.8990000e-05 1.1480648e-04
1.9000000e-05 9.6200105e-05
1.9010000e-05 6.2396476e-05
1.9020000e-05 3.2069017e-05
1.9030000e-05 3.4872517e-05
1.9040000e-05 3.7944905e-05
1.9050000e-05 6.8555276e-05
1.9060000e-05 1.2863179e-04
1.9070000e-05 4.2904352e-04
1.9080000e-05 1.0055314e-03
1.9090000e-05 1.8711063e-03
1.9100000e-05 2.5743010e-03
1.9110000e-05 3.1261298e-03
1.9120000e-05 3.2917327e-03
1.9130000e-05 3.3563534e-03
1.9140000e-05 3.2193934e-03
1.9150000e-05 3.0111211e-03
1.9160000e-05 2.6550496e-03
1.9170000e-05 2.1787788e-03
1.9180000e-05 1.6043066e-03
1.9190000e-05 8.7193330e-04
1.9200000e-05 3.8071823e-04
1.9210000e-05 2.1760875e-04
1.9220000e-05 8.3626587e-05
1.9230000e-05 2.0237655e-04
1.9240000e-05 2.2165463e-04
1.9250000e-05 2.0109818e-04
1.9260000e-05 3.6922482e-04
1.9270000e-05 5.2356357e-04
1.9280000e-05 6.6891649e-04
1.9290000e-05 8.0125454e-04
1.9300000e-05 1.8448694e-04
1.9310000e-05 9.1020766e-04
1.9320000e-05 9.9487526e-04
1.9330000e-05 1.1242033e-03
1.9340000e-05 1.2816256e-03
1.9350000e-05 1.4912817e-03
1.9360000e-05 1.7040170e-03
1.9370000e-05 2.1551843e-03
1.9380000e-05 2.6775908e-03
1.9390000e-05 3.5892439e-03
1.9400000e-05 4.6779381e-03
1.9410000e-05 5.7896188e-03
1.9420000e-05 6.8015808e-03
1.9430000e-05 7.6446475e-03
1.9440000e-05 8.2534311e-03
1.9450000e-05 8.8032648e-03
1.9460000e-05 9.1958684e-03
1.9470000e-05 9.5807858e-03
1.9480000e-05 9.8779569e-03
1.9490000e-05 1.0171185e-02
1.9500000e-05 1.0602277e-02
1.9510000e-05 1.1131046e-02
1.9520000e-05 1.1938950e-02
1.9530000e-05 1.3029191e-02
1.9540000e-05 1.4404964e-02
1.9550000e-05 1.6258041e-02
1.9560000e-05 1.8341207e-02
1.9570000e-05 2.1262754e-02
1.9580000e-05 2.4344265e-02
1.9590000e-05 2.8522864e-02
1.9600000e-05 3.2917857e-02
1.9610000e-05 3.8468944e-02
1.9620000e-05 4.4195056e-02
1.9630000e-05 5.0637697e-02
1.9640000e-05 5.7795774e-02
1.9650000e-05 6.6029008e-02
1.9660000e-05 7.4975127e-02
1.9670000e-05 8.4633045e-02
1.9680000e-05 9.5722205e-02
1.9690000e-05 1.0752026e-01
1.9700000e-05 1.2214954e-01
1.9710000e-05 1.3712369e-01
1.9720000e-05 1.5524655e-01
1.9730000e-05 1.7410568e-01
1.9740000e-05 1.9610638e-01
1.9750000e-05 2.1840790e-01
1.9760000e-05 2.4319848e-01
1.9770000e-05 2.6943434e-01
1.9780000e-05 2.9740005e-01
1.9790000e-05 3.2784533e-01
1.9800000e-05 3.5915505e-01
1.9810000e-05 3.9834276e-01
1.9820000e-05 4.3713320e-01
1.9830000e-05 4.7981745e-01
1.9840000e-05 5.2210131e-01
1.9850000e-05 5.6469975e-01
1.9860000e-05 6.0725529e-01
1.9870000e-05 6.4263161e-01
1.9880000e-05 6.7797233e-01
1.9890000e-05 7.1006938e-01
1.9900000e-05 7.3857136e-01
1.9910000e-05 7.6348368e-01
1.9920000e-05 7.8837098e-01
1.9930000e-05 8.0932012e-01
1.9940000e-05 8.3060381e-01
1.9950000e-05 8.4795689e-01
1.9960000e-05 8.6209569e-01
1.9970000e-05 8.6876465e-01
1.9980000e-05 8.7578178e-01
1.9990000e-05 8.7534367e-01
2.0000000e-05 8.7526050e-01
2.0010000e-05 8.7127986e-01
2.0020000e-05 8.7084466e-01
2.0030000e-05 8.7076385e-01
2.0040000e-05 8.7032934e-01
2.0050000e-05 8.7343142e-01
2.0060000e-05 8.7688385e-01
2.0070000e-05 8.7997957e-01
2.0080000e-05 8.8307221e-01
2.0090000e-05 8.8616177e-01
2.0100000e-05 8.8572090e-01
2.0110000e-05 8.8563302e-01
2.0120000e-05 8.8871670e-01
2.0130000e-05 8.9531942e-01
2.0140000e-05 9.0543595e-01
2.0150000e-05 9.1554243e-01
2.0160000e-05 9.2915575e-01
2.0170000e-05 9.3924046e-01
2.0180000e-05 9.4896383e-01
2.0190000e-05 9.5551709e-01
2.0200000e-05 9.5504406e-01
2.0210000e-05 9.5807966e-01
2.0220000e-05 9.5409941e-01
2.0230000e-05 9.5362778e-01
2.0240000e-05 9.4965366e-01
2.0250000e-05 9.4568346e-01
2.0260000e-05 9.4206713e-01
2.0270000e-05 9.4160237e-01
2.0280000e-05 9.3414596e-01
2.0290000e-05 9.2669690e-01
2.0300000e-05 9.1925517e-01
2.0310000e-05 9.1182078e-01
2.0320000e-05 9.0439370e-01
2.0330000e-05 9.0046139e-01
2.0340000e-05 9.0001868e-01
2.0350000e-05 8.9957641e-01
2.0360000e-05 9.0575098e-01
2.0370000e-05 9.1226755e-01
2.0380000e-05 9.2225662e-01
2.0390000e-05 9.2875871e-01
2.0400000e-05 9.3525441e-01
2.0410000e-05 9.3826997e-01
2.0420000e-05 9.4128257e-01
2.0430000e-05 9.4429222e-01
2.0440000e-05 9.4729892e-01
2.0450000e-05 9.5376968e-01
2.0460000e-05 9.6023412e-01
2.0470000e-05 9.7015584e-01
2.0480000e-05 9.7660596e-01
2.0490000e-05 9.8651000e-01
2.0500000e-05 9.8602878e-01
2.0510000e-05 9.8900488e-01
2.0520000e-05 9.8506774e-01
2.0530000e-05 9.8113444e-01
2.0540000e-05 9.7375316e-01
2.0550000e-05 9.6982920e-01
2.0560000e-05 9.6590905e-01
2.0570000e-05 9.6199271e-01
2.0580000e-05 9.6152527e-01
2.0590000e-05 9.6105828e-01
2.0600000e-05 9.5715000e-01
2.0610000e-05 9.5324551e-01
2.0620000e-05 9.4934481e-01
2.0630000e-05 9.4201115e-01
2.0640000e-05 9.3811967e-01
2.0650000e-05 9.3079855e-01
2.0660000e-05 9.3034802e-01
2.0670000e-05 9.3332801e-01
2.0680000e-05 9.3973356e-01
2.0690000e-05 9.4955969e-01
2.0700000e-05 9.5595121e-01
2.0710000e-05 9.6233655e-01
2.0720000e-05 9.6529392e-01
2.0730000e-05 9.6482827e-01
2.0740000e-05 9.6094455e-01
2.0750000e-05 9.5364771e-01
2.0760000e-05 9.4635790e-01
2.0770000e-05 9.3907511e-01
2.0780000e-05 9.3179933e-01
2.0790000e-05 9.3135113e-01
2.0800000e-05 9.3090337e-01
2.0810000e-05 9.3386305e-01
2.0820000e-05 9.3341451e-01
2.0830000e-05 9.3637014e-01
2.0840000e-05 9.3932294e-01
2.0850000e-05 9.3887242e-01
2.0860000e-05 9.3502349e-01
2.0870000e-05 9.3457547e-01
2.0880000e-05 9.3412787e-01
2.0890000e-05 9.3368071e-01
2.0900000e-05 9.3662632e-01
2.0910000e-05 9.3617838e-01
2.0920000e-05 9.3911998e-01
2.0930000e-05 9.3867129e-01
2.0940000e-05 9.3822302e-01
2.0950000e-05 9.3100668e-01
2.0960000e-05 9.2379723e-01
2.0970000e-05 9.1659466e-01
2.0980000e-05 9.0601954e-01
2.0990000e-05 8.9545450e-01
2.1000000e-05 8.9165190e-01
2.1010000e-05 8.8447834e-01
2.1020000e-05 8.8743054e-01
2.1030000e-05 8.8700856e-01
2.1040000e-05 8.9332652e-01
2.1050000e-05 8.9963848e-01
2.1060000e-05 9.0257787e-01
2.1070000e-05 9.0887945e-01
2.1080000e-05 9.1517505e-01
2.1090000e-05 9.1810289e-01
2.1100000e-05 9.2438815e-01
2.1110000e-05 9.3066746e-01
2.1120000e-05 9.3694081e-01
2.1130000e-05 9.4656365e-01
2.1140000e-05 9.5617739e-01
2.1150000e-05 9.6544681e-01
2.1160000e-05 9.7504253e-01
2.1170000e-05 9.8128011e-01
2.1180000e-05 9.8751180e-01
2.1190000e-05 9.8704578e-01
2.1200000e-05 9.8658019e-01
2.1210000e-05 9.8611504e-01
2.1220000e-05 9.8565033e-01
2.1230000e-05 9.8852567e-01
2.1240000e-05 9.8806026e-01
2.1250000e-05 9.9093176e-01
2.1260000e-05 9.9713547e-01
2.1270000e-05 1.0000000e+00
2.1280000e-05 9.9953008e-01
2.1290000e-05 9.9906059e-01
2.1300000e-05 9.9193427e-01
2.1310000e-05 9.8481464e-01
2.1320000e-05 9.7437617e-01
2.1330000e-05 9.6062353e-01
2.1340000e-05 9.5352858e-01
2.1350000e-05 9.4311944e-01
2.1360000e-05 9.3603933e-01
2.1370000e-05 9.3228358e-01
2.1380000e-05 9.2853134e-01
2.1390000e-05 9.2478261e-01
2.1400000e-05 9.2103738e-01
2.1410000e-05 9.1729566e-01
2.1420000e-05 9.1355742e-01
2.1430000e-05 9.0651423e-01
2.1440000e-05 9.0278451e-01
2.1450000e-05 8.9905828e-01
2.1460000e-05 8.9863933e-01
2.1470000e-05 9.0482534e-01
2.1480000e-05 9.1100559e-01
2.1490000e-05 9.2047929e-01
2.1500000e-05 9.3324186e-01
2.1510000e-05 9.4599256e-01
2.1520000e-05 9.5543680e-01
2.1530000e-05 9.6487227e-01
2.1540000e-05 9.7100743e-01
2.1550000e-05 9.7384687e-01
2.1560000e-05 9.7668367e-01
2.1570000e-05 9.7623088e-01
2.1580000e-05 9.7577850e-01
2.1590000e-05 9.7532654e-01
2.1600000e-05 9.7487500e-01
2.1610000e-05 9.7442388e-01
2.1620000e-05 9.7397317e-01
2.1630000e-05 9.6696718e-01
2.1640000e-05 9.6324399e-01
2.1650000e-05 9.5297460e-01
2.1660000e-05 9.3944137e-01
2.1670000e-05 9.2592063e-01
2.1680000e-05 9.0914207e-01
2.1690000e-05 8.9237898e-01
2.1700000e-05 8.7889862e-01
2.1710000e-05 8.6869645e-01
2.1720000e-05 8.6176796e-01
2.1730000e-05 8.5484584e-01
2.1740000e-05 8.5445262e-01
2.1750000e-05 8.5405977e-01
2.1760000e-05 8.5366728e-01
2.1770000e-05 8.5653192e-01
2.1780000e-05 8.5613866e-01
2.1790000e-05 8.5574575e-01
2.1800000e-05 8.5535321e-01
2.1810000e-05 8.5821183e-01
2.1820000e-05 8.6431714e-01
2.1830000e-05 8.7041686e-01
2.1840000e-05 8.8300366e-01
2.1850000e-05 8.9233410e-01
2.1860000e-05 9.0781839e-01
2.1870000e-05 9.2361271e-01
2.1880000e-05 9.3291179e-01
2.1890000e-05 9.4220238e-01
2.1900000e-05 9.4824703e-01
2.1910000e-05 9.4457827e-01
2.1920000e-05 9.4091286e-01
2.1930000e-05 9.3401778e-01
2.1940000e-05 9.2389745e-01
2.1950000e-05 9.1701640e-01
2.1960000e-05 9.1014162e-01
2.1970000e-05 9.0327310e-01
2.1980000e-05 8.9963649e-01
2.1990000e-05 8.9600318e-01
2.2000000e-05 8.9237318e-01
2.2010000e-05 8.9196774e-01
2.2020000e-05 8.8834287e-01
2.2030000e-05 8.8472129e-01
2.2040000e-05 8.7788612e-01
2.2050000e-05 8.7427256e-01
2.2060000e-05 8.6744832e-01
2.2070000e-05 8.6063027e-01
2.2080000e-05 8.5735054e-01
2.2090000e-05 8.5375283e-01
2.2100000e-05 8.5015837e-01
2.2110000e-05 8.4977386e-01
2.2120000e-05 8.4618445e-01
2.2130000e-05 8.4580208e-01
2.2140000e-05 8.4221771e-01
2.2150000e-05 8.3543567e-01
2.2160000e-05 8.3185921e-01
2.2170000e-05 8.2508796e-01
2.2180000e-05 8.1832281e-01
2.2190000e-05 8.1475890e-01
2.2200000e-05 8.0800450e-01
2.2210000e-05 8.0444845e-01
2.2220000e-05 8.0408641e-01
2.2230000e-05 8.0372470e-01
2.2240000e-05 8.0336331e-01
2.2250000e-05 8.0300225e-01
2.2260000e-05 7.9945642e-01
2.2270000e-05 7.9591379e-01
2.2280000e-05 7.9237433e-01
2.2290000e-05 7.8565725e-01
2.2300000e-05 7.7894619e-01
2.2310000e-05 7.7224115e-01
2.2320000e-05 7.6236559e-01
2.2330000e-05 7.5884908e-01
2.2340000e-05 7.5216204e-01
2.2350000e-05 7.4865324e-01
2.2360000e-05 7.4831843e-01
2.2370000e-05 7.4481448e-01
2.2380000e-05 7.4131367e-01
2.2390000e-05 7.3781599e-01
2.2400000e-05 7.3115625e-01
2.2410000e-05 7.2450245e-01
2.2420000e-05 7.1469224e-01
2.2430000e-05 7.0172983e-01
2.2440000e-05 6.8877897e-01
2.2450000e-05 6.7583964e-01
2.2460000e-05 6.6291184e-01
2.2470000e-05 6.5315087e-01
2.2480000e-05 6.4655249e-01
2.2490000e-05 6.3995998e-01
2.2500000e-05 6.3652444e-01
2.2510000e-05 6.3624167e-01
2.2520000e-05 6.3281083e-01
2.2530000e-05 6.2938304e-01
2.2540000e-05 6.2595830e-01
2.2550000e-05 6.2253659e-01
2.2560000e-05 6.1597518e-01
2.2570000e-05 6.1256092e-01
2.2580000e-05 6.0914969e-01
2.2590000e-05 6.0574148e-01
2.2600000e-05 6.0547345e-01
2.2610000e-05 6.0520566e-01
2.2620000e-05 6.1120690e-01
2.2630000e-05 6.1406982e-01
2.2640000e-05 6.2006184e-01
2.2650000e-05 6.2291832e-01
2.2660000e-05 6.2890115e-01
2.2670000e-05 6.2862373e-01
2.2680000e-05 6.2834656e-01
2.2690000e-05 6.2806963e-01
2.2700000e-05 6.2466960e-01
2.2710000e-05 6.2127257e-01
2.2720000e-05 6.2099912e-01
2.2730000e-05 6.2072591e-01
2.2740000e-05 6.2045295e-01
2.2750000e-05 6.2329670e-01
2.2760000e-05 6.2613796e-01
2.2770000e-05 6.2897672e-01
2.2780000e-05 6.3181299e-01
2.2790000e-05 6.3153576e-01
2.2800000e-05 6.2814912e-01
2.2810000e-05 6.2787374e-01
2.2820000e-05 6.2138475e-01
2.2830000e-05 6.1490145e-01
2.2840000e-05 6.0531961e-01
2.2850000e-05 5.9884902e-01
2.2860000e-05 5.9238408e-01
2.2870000e-05 5.8902492e-01
2.2880000e-05 5.8566871e-01
2.2890000e-05 5.8541284e-01
2.2900000e-05 5.8515721e-01
2.2910000e-05 5.8799651e-01
2.2920000e-05 5.8773997e-01
2.2930000e-05 5.9057567e-01
2.2940000e-05 5.9340889e-01
2.2950000e-05 5.9284139e-01
2.2960000e-05 5.9258319e-01
2.2970000e-05 5.9232521e-01
2.2980000e-05 5.9515274e-01
2.2990000e-05 5.9489387e-01
2.3000000e-05 6.0080043e-01
2.3010000e-05 6.0362060e-01
2.3020000e-05 6.0951825e-01
2.3030000e-05 6.1541077e-01
2.3040000e-05 6.2129818e-01
2.3050000e-05 6.2410456e-01
2.3060000e-05 6.2690850e-01
2.3070000e-05 6.2663676e-01
2.3080000e-05 6.2329333e-01
2.3090000e-05 6.2302339e-01
2.3100000e-05 6.1968442e-01
2.3110000e-05 6.1328040e-01
2.3120000e-05 6.0994853e-01
2.3130000e-05 6.0661954e-01
2.3140000e-05 6.0359983e-01
2.3150000e-05 6.0027646e-01
2.3160000e-05 6.0001727e-01
2.3170000e-05 5.9669832e-01
2.3180000e-05 5.9032355e-01
2.3190000e-05 5.8701164e-01
2.3200000e-05 5.8064655e-01
2.3210000e-05 5.7123223e-01
2.3220000e-05 5.6487941e-01
2.3230000e-05 5.5242789e-01
2.3240000e-05 5.3998709e-01
2.3250000e-05 5.3060645e-01
2.3260000e-05 5.1818573e-01
2.3270000e-05 5.0882252e-01
2.3280000e-05 4.9946735e-01
2.3290000e-05 4.9316445e-01
2.3300000e-05 4.8686695e-01
2.3310000e-05 4.8361647e-01
2.3320000e-05 4.7732847e-01
2.3330000e-05 4.7104586e-01
2.3340000e-05 4.6780634e-01
2.3350000e-05 4.6153319e-01
2.3360000e-05 4.5526541e-01
2.3370000e-05 4.4900300e-01
2.3380000e-05 4.4274594e-01
2.3390000e-05 4.3649423e-01
2.3400000e-05 4.3024786e-01
2.3410000e-05 4.2703545e-01
2.3420000e-05 4.2382579e-01
2.3430000e-05 4.2061886e-01
2.3440000e-05 4.1741468e-01
2.3450000e-05 4.1723667e-01
2.3460000e-05 4.1403666e-01
2.3470000e-05 4.1083937e-01
2.3480000e-05 4.0764480e-01
2.3490000e-05 4.0143465e-01
2.3500000e-05 3.9522979e-01
2.3510000e-05 3.8903020e-01
2.3520000e-05 3.8283588e-01
2.3530000e-05 3.7363366e-01
2.3540000e-05 3.6745115e-01
2.3550000e-05 3.6428450e-01
2.3560000e-05 3.5811121e-01
2.3570000e-05 3.5495121e-01
2.3580000e-05 3.5480068e-01
2.3590000e-05 3.5164476e-01
2.3600000e-05 3.5149576e-01
2.3610000e-05 3.5434985e-01
2.3620000e-05 3.5419983e-01
2.3630000e-05 3.5404994e-01
2.3640000e-05 3.5390017e-01
2.3650000e-05 3.5375053e-01
2.3660000e-05 3.5360101e-01
2.3670000e-05 3.5345163e-01
2.3680000e-05 3.5330236e-01
2.3690000e-05 3.5315323e-01
2.3700000e-05 3.5599578e-01
2.3710000e-05 3.5584563e-01
2.3720000e-05 3.5868465e-01
2.3730000e-05 3.6152128e-01
2.3740000e-05 3.6435552e-01
2.3750000e-05 3.6420211e-01
2.3760000e-05 3.6404882e-01
2.3770000e-05 3.6389567e-01
2.3780000e-05 3.6374264e-01
2.3790000e-05 3.6060950e-01
2.3800000e-05 3.6045798e-01
2.3810000e-05 3.5732885e-01
2.3820000e-05 3.5717884e-01
2.3830000e-05 3.5405371e-01
2.3840000e-05 3.5390520e-01
2.3850000e-05 3.5672956e-01
2.3860000e-05 3.5658005e-01
2.3870000e-05 3.5940092e-01
2.3880000e-05 3.6518844e-01
2.3890000e-05 3.6800335e-01
2.3900000e-05 3.7378243e-01
2.3910000e-05 3.7659138e-01
2.3920000e-05 3.7939799e-01
2.3930000e-05 3.8220226e-01
2.3940000e-05 3.8500418e-01
2.3950000e-05 3.8780376e-01
2.3960000e-05 3.9060100e-01
2.3970000e-05 3.9043805e-01
2.3980000e-05 3.9323186e-01
2.3990000e-05 3.9602334e-01
2.4000000e-05 3.9881250e-01
2.4010000e-05 4.0159933e-01
2.4020000e-05 4.0733555e-01
2.4030000e-05 4.1011652e-01
2.4040000e-05 4.1584443e-01
2.4050000e-05 4.2156757e-01
2.4060000e-05 4.2433915e-01
2.4070000e-05 4.2710843e-01
2.4080000e-05 4.2693106e-01
2.4090000e-05 4.2969697e-01
2.4100000e-05 4.2951867e-01
2.4110000e-05 4.2934052e-01
2.4120000e-05 4.2916252e-01
2.4130000e-05 4.2898467e-01
2.4140000e-05 4.2880696e-01
2.4150000e-05 4.2862940e-01
2.4160000e-05 4.3138659e-01
2.4170000e-05 4.3414150e-01
2.4180000e-05 4.3689413e-01
2.4190000e-05 4.3964448e-01
2.4200000e-05 4.4239256e-01
2.4210000e-05 4.4220983e-01
2.4220000e-05 4.4202725e-01
2.4230000e-05 4.4184482e-01
2.4240000e-05 4.3873762e-01
2.4250000e-05 4.3855670e-01
2.4260000e-05 4.3545342e-01
2.4270000e-05 4.3235270e-01
2.4280000e-05 4.2925453e-01
2.4290000e-05 4.2907781e-01
2.4300000e-05 4.2598354e-01
2.4310000e-05 4.2580831e-01
2.4320000e-05 4.2854852e-01
2.4330000e-05 4.3128648e-01
2.4340000e-05 4.3110929e-01
2.4350000e-05 4.3384394e-01
2.4360000e-05 4.3366585e-01
2.4370000e-05 4.3639721e-01
2.4380000e-05 4.3621821e-01
2.4390000e-05 4.3603936e-01
2.4400000e-05 4.3586066e-01
2.4410000e-05 4.3277755e-01
2.4420000e-05 4.3260033e-01
2.4430000e-05 4.2952108e-01
2.4440000e-05 4.2934534e-01
2.4450000e-05 4.2916973e-01
2.4460000e-05 4.2609567e-01
2.4470000e-05 4.2592154e-01
2.4480000e-05 4.2574755e-01
2.4490000e-05 4.2267864e-01
2.4500000e-05 4.2250612e-01
2.4510000e-05 4.1944104e-01
2.4520000e-05 4.1637847e-01
2.4530000e-05 4.1071708e-01
2.4540000e-05 4.0766055e-01
2.4550000e-05 4.0171853e-01
2.4560000e-05 3.9578135e-01
2.4570000e-05 3.8984900e-01
2.4580000e-05 3.8392148e-01
2.4590000e-05 3.7799878e-01
2.4600000e-05 3.7208089e-01
2.4610000e-05 3.6904876e-01
2.4620000e-05 3.6601909e-01
2.4630000e-05 3.6299188e-01
2.4640000e-05 3.6284456e-01
2.4650000e-05 3.6269736e-01
2.4660000e-05 3.5967518e-01
2.4670000e-05 3.5952939e-01
2.4680000e-05 3.5938371e-01
2.4690000e-05 3.5636655e-01
2.4700000e-05 3.5335182e-01
2.4710000e-05 3.5320882e-01
2.4720000e-05 3.5019782e-01
2.4730000e-05 3.4432228e-01
2.4740000e-05 3.4131730e-01
2.4750000e-05 3.3831475e-01
2.4760000e-05 3.3531462e-01
2.4770000e-05 3.3517925e-01
2.4780000e-05 3.3218281e-01
2.4790000e-05 3.3204881e-01
2.4800000e-05 3.3191492e-01
2.4810000e-05 3.3178114e-01
2.4820000e-05 3.3164746e-01
2.4830000e-05 3.2865848e-01
2.4840000e-05 3.2852617e-01
2.4850000e-05 3.2554085e-01
2.4860000e-05 3.2255792e-01
2.4870000e-05 3.1957740e-01
2.4880000e-05 3.1374960e-01
2.4890000e-05 3.1077501e-01
2.4900000e-05 3.0780281e-01
2.4910000e-05 3.0483300e-01
2.4920000e-05 3.0186557e-01
2.4930000e-05 2.9890052e-01
2.4940000e-05 2.9878067e-01
2.4950000e-05 2.9581924e-01
2.4960000e-05 2.9286018e-01
2.4970000e-05 2.9274289e-01
2.4980000e-05 2.8978743e-01
2.4990000e-05 2.8683433e-01
2.5000000e-05 2.8360000e-01
2.5010000e-05 2.8042495e-01
2.5020000e-05 2.7577890e-01
2.5030000e-05 2.7088162e-01
2.5040000e-05 2.6595994e-01
2.5050000e-05 2.6078747e-01
2.5060000e-05 2.5561911e-01
2.5070000e-05 2.5042661e-01
2.5080000e-05 2.4611459e-01
2.5090000e-05 2.4237118e-01
2.5100000e-05 2.3863076e-01
2.5110000e-05 2.3571215e-01
2.5120000e-05 2.3336035e-01
2.5130000e-05 2.3101043e-01
2.5140000e-05 2.2891619e-01
2.5150000e-05 2.2710553e-01
2.5160000e-05 2.2529630e-01
2.5170000e-05 2.2348852e-01
2.5180000e-05 2.2199190e-01
2.5190000e-05 2.2021501e-01
2.5200000e-05 2.1872087e-01
2.5210000e-05 2.1725605e-01
2.5220000e-05 2.1607351e-01
2.5230000e-05 2.1489191e-01
2.5240000e-05 2.1427306e-01
2.5250000e-05 2.1365469e-01
2.5260000e-05 2.1331750e-01
2.5270000e-05 2.1351365e-01
2.5280000e-05 2.1370965e-01
2.5290000e-05 2.1362515e-01
2.5300000e-05 2.1354071e-01
2.5310000e-05 2.1345634e-01
2.5320000e-05 2.1309202e-01
2.5330000e-05 2.1160837e-01
2.5340000e-05 2.1037770e-01
2.5350000e-05 2.0861661e-01
2.5360000e-05 2.0629775e-01
2.5370000e-05 2.0395278e-01
2.5380000e-05 2.0163759e-01
2.5390000e-05 1.9932422e-01
2.5400000e-05 1.9698476e-01
2.5410000e-05 1.9495407e-01
2.5420000e-05 1.9320389e-01
2.5430000e-05 1.9145509e-01
2.5440000e-05 1.8970767e-01
2.5450000e-05 1.8796161e-01
2.5460000e-05 1.8568782e-01
2.5470000e-05 1.8366635e-01
2.5480000e-05 1.8056126e-01
2.5490000e-05 1.7690231e-01
2.5500000e-05 1.7349647e-01
2.5510000e-05 1.6928730e-01
2.5520000e-05 1.6452578e-01
2.5530000e-05 1.6004571e-01
2.5540000e-05 1.5556915e-01
2.5550000e-05 1.5165108e-01
2.5560000e-05 1.4773607e-01
2.5570000e-05 1.4435096e-01
2.5580000e-05 1.4210489e-01
2.5590000e-05 1.4010993e-01
2.5600000e-05 1.3814422e-01
2.5610000e-05 1.3670605e-01
2.5620000e-05 1.3526901e-01
2.5630000e-05 1.3386075e-01
2.5640000e-05 1.3159637e-01
2.5650000e-05 1.2880858e-01
2.5660000e-05 1.2629926e-01
2.5670000e-05 1.2268711e-01
2.5680000e-05 1.1855319e-01
2.5690000e-05 1.1414652e-01
2.5700000e-05 1.0971568e-01
2.5710000e-05 1.0501252e-01
2.5720000e-05 1.0034059e-01
2.5730000e-05 9.5920288e-02
2.5740000e-05 9.2577661e-02
2.5750000e-05 8.8962291e-02
2.5760000e-05 8.5900194e-02
2.5770000e-05 8.4546255e-02
2.5780000e-05 8.3165865e-02
2.5790000e-05 8.1814036e-02
2.5800000e-05 8.1837287e-02
2.5810000e-05 8.1887989e-02
2.5820000e-05 8.2185786e-02
2.5830000e-05 8.2757840e-02
2.5840000e-05 8.3576393e-02
2.5850000e-05 8.4696015e-02
2.5860000e-05 8.5513186e-02
2.5870000e-05 8.6823038e-02
2.5880000e-05 8.7885317e-02
2.5890000e-05 8.9193241e-02
2.5900000e-05 9.0472780e-02
2.5910000e-05 9.1751332e-02
2.5920000e-05 9.3056250e-02
2.5930000e-05 9.3813305e-02
2.5940000e-05 9.4843099e-02
2.5950000e-05 9.5626204e-02
2.5960000e-05 9.5862481e-02
2.5970000e-05 9.6071275e-02
2.5980000e-05 9.6061586e-02
2.5990000e-05 9.5751828e-02
2.6000000e-05 9.4924192e-02
2.6010000e-05 9.3824606e-02
2.6020000e-05 9.2753113e-02
2.6030000e-05 9.1110449e-02
2.6040000e-05 8.9496275e-02
2.6050000e-05 8.7883340e-02
2.6060000e-05 8.6026784e-02
2.6070000e-05 8.4144457e-02
2.6080000e-05 8.2290759e-02
2.6090000e-05 8.0710234e-02
2.6100000e-05 7.9130920e-02
2.6110000e-05 7.7579969e-02
2.6120000e-05 7.6030207e-02
2.6130000e-05 7.4508764e-02
2.6140000e-05 7.3205471e-02
2.6150000e-05 7.1632046e-02
2.6160000e-05 7.0059824e-02
2.6170000e-05 6.8461712e-02
2.6180000e-05 6.6648167e-02
2.6190000e-05 6.4511149e-02
2.6200000e-05 6.2321641e-02
2.6210000e-05 6.0187905e-02
2.6220000e-05 5.8001716e-02
2.6230000e-05 5.6033435e-02
2.6240000e-05 5.4066654e-02
2.6250000e-05 5.2344457e-02
2.6260000e-05 5.1406550e-02
2.6270000e-05 5.0685268e-02
2.6280000e-05 4.9748706e-02
2.6290000e-05 5.0161278e-02
2.6300000e-05 5.0357871e-02
2.6310000e-05 5.0796845e-02
2.6320000e-05 5.1316299e-02
2.6330000e-05 5.1862286e-02
2.6340000e-05 5.2407859e-02
2.6350000e-05 5.2683947e-02
2.6360000e-05 5.2932929e-02
2.6370000e-05 5.2939742e-02
2.6380000e-05 5.2946550e-02
2.6390000e-05 5.2926487e-02
2.6400000e-05 5.2664735e-02
2.6410000e-05 5.2376335e-02
2.6420000e-05 5.2383346e-02
2.6430000e-05 5.2363526e-02
2.6440000e-05 5.2343722e-02
2.6450000e-05 5.2350737e-02
2.6460000e-05 5.2384543e-02
2.6470000e-05 5.2418323e-02
2.6480000e-05 5.2425302e-02
2.6490000e-05 5.1682861e-02
2.6500000e-05 5.0967736e-02
2.6510000e-05 5.0226405e-02
2.6520000e-05 4.9031146e-02
2.6530000e-05 4.7275575e-02
2.6540000e-05 4.5521326e-02
2.6550000e-05 4.3795104e-02
2.6560000e-05 4.2016792e-02
2.6570000e-05 3.9999661e-02
2.6580000e-05 3.8197442e-02
2.6590000e-05 3.6156600e-02
2.6600000e-05 3.4517105e-02
2.6610000e-05 3.2692334e-02
2.6620000e-05 3.0895567e-02
2.6630000e-05 2.9073526e-02
2.6640000e-05 2.7279467e-02
2.6650000e-05 2.5460150e-02
2.6660000e-05 2.3727299e-02
2.6670000e-05 2.1998406e-02
2.6680000e-05 2.0222976e-02
2.6690000e-05 1.8911094e-02
2.6700000e-05 1.8710165e-02
2.6710000e-05 1.8297031e-02
2.6720000e-05 1.7581714e-02
2.6730000e-05 6.3579237e-02
2.6740000e-05 7.0740912e-02
2.6750000e-05 7.0555439e-02
2.6760000e-05 7.1270927e-02
2.6770000e-05 6.8887150e-02
2.6780000e-05 6.6505153e-02
2.6790000e-05 6.4363121e-02
2.6800000e-05 6.2222687e-02
2.6810000e-05 6.0083849e-02
2.6820000e-05 5.7999478e-02
2.6830000e-05 5.5625978e-02
2.6840000e-05 5.3148584e-02
2.6850000e-05 5.0778659e-02
2.6860000e-05 4.8516083e-02
2.6870000e-05 4.6334351e-02
2.6880000e-05 4.4312500e-02
2.6890000e-05 4.2344887e-02
2.6900000e-05 4.0457807e-02
2.6910000e-05 3.8703865e-02
2.6920000e-05 3.7003900e-02
2.6930000e-05 3.5384181e-02
2.6940000e-05 3.3844618e-02
2.6950000e-05 3.2306197e-02
2.6960000e-05 3.0847812e-02
2.6970000e-05 2.9469373e-02
2.6980000e-05 2.8118236e-02
2.6990000e-05 2.6794368e-02
2.7000000e-05 2.5201011e-02
2.7010000e-05 2.3367338e-02
2.7020000e-05 2.1548142e-02
2.7030000e-05 1.8877814e-02
2.7040000e-05 1.1534360e-02
2.7050000e-05 1.2355734e-02
2.7060000e-05 1.3299645e-02
2.7070000e-05 1.4413103e-02
2.7080000e-05 1.5227267e-02
2.7090000e-05 1.6053917e-02
2.7100000e-05 1.6890421e-02
2.7110000e-05 1.7459550e-02
2.7120000e-05 1.7753757e-02
2.7130000e-05 1.7990254e-02
2.7140000e-05 1.8242251e-02
2.7150000e-05 1.8146744e-02
2.7160000e-05 1.8061749e-02
2.7170000e-05 1.7963769e-02
2.7180000e-05 1.7777171e-02
2.7190000e-05 1.7538558e-02
2.7200000e-05 1.7328794e-02
2.7210000e-05 1.7132212e-02
2.7220000e-05 1.6761260e-02
2.7230000e-05 1.6302053e-02
2.7240000e-05 1.5892636e-02
2.7250000e-05 1.5335215e-02
2.7260000e-05 1.4242421e-02
2.7270000e-05 1.3158229e-02
2.7280000e-05 1.2139806e-02
2.7290000e-05 1.0677867e-02
2.7300000e-05 9.0767582e-03
2.7310000e-05 7.6273966e-03
2.7320000e-05 6.2128331e-03
2.7330000e-05 3.7045445e-03
2.7340000e-05 2.2009082e-03
2.7350000e-05 1.3332311e-03
2.7360000e-05 1.0305895e-03
2.7370000e-05 1.6223847e-04
2.7380000e-05 2.6982396e-04
2.7390000e-05 2.2727346e-04
2.7400000e-05 1.9091248e-04
2.7410000e-05 1.6122572e-04
2.7420000e-05 1.3536160e-04
2.7430000e-05 1.1422060e-04
2.7440000e-05 9.6428134e-05
2.7450000e-05 8.0895738e-05
2.7460000e-05 6.7982411e-05
2.7470000e-05 5.7143284e-05
2.7480000e-05 4.8014884e-05
2.7490000e-05 4.0285849e-05
2.7500000e-05 3.3903091e-05
2.7510000e-05 2.8478553e-05
2.7520000e-05 2.3902987e-05
2.7530000e-05 2.0075027e-05
2.7540000e-05 1.8219292e-05
2.7550000e-05 1.7049456e-05
2.7560000e-05 1.5929347e-05
2.7570000e-05 1.4905201e-05
2.7580000e-05 1.3884369e-05
2.7590000e-05 1.3003045e-05
2.7600000e-05 1.2168598e-05
2.7610000e-05 1.1380978e-05
2.7620000e-05 1.0642701e-05
2.7630000e-05 9.9511473e-06
2.7640000e-05 9.3062663e-06
2.7650000e-05 8.6618517e-06
2.7660000e-05 8.0973644e-06
2.7670000e-05 7.5665956e-06
2.7680000e-05 7.0771929e-06
2.7690000e-05 6.5983857e-06
2.7700000e-05 6.1531986e-06
2.7710000e-05 5.7543883e-06
2.7720000e-05 1.2210556e-05
2.7730000e-05 1.8370591e-05
2.7740000e-05 4.4216655e-05
2.7750000e-05 2.2368631e-04
2.7760000e-05 2.0508898e-03
2.7770000e-05 2.7292798e-03
2.7780000e-05 3.5756263e-03
2.7790000e-05 4.5897481e-03
2.7800000e-05 5.3685072e-03
2.7810000e-05 5.5705322e-03
2.7820000e-05 5.7163444e-03
2.7830000e-05 5.9180992e-03
2.7840000e-05 5.9770941e-03
2.7850000e-05 5.9876768e-03
2.7860000e-05 6.0033417e-03
2.7870000e-05 6.0266272e-03
2.7880000e-05 5.9888630e-03
2.7890000e-05 5.9790893e-03
2.7900000e-05 5.9744050e-03
2.7910000e-05 5.8782730e-03
2.7920000e-05 5.4063789e-03
2.7930000e-05 5.0008235e-03
2.7940000e-05 4.6082462e-03
2.7950000e-05 3.8506691e-03
2.7960000e-05 2.8223069e-03
2.7970000e-05 2.0509542e-03
2.7980000e-05 1.4993399e-03
2.7990000e-05 3.3208253e-04
2.8000000e-05 9.2676429e-05
2.8050000e-05 2.2235554e-05
2.8100000e-05 2.6846121e-05
2.8150000e-05 2.8914103e-05
2.8200000e-05 3.1226170e-05
2.8250000e-05 3.3906513e-05
2.8300000e-05 3.5500106e-05
2.8350000e-05 3.4762257e-05
2.8400000e-05 3.4401479e-05
2.8450000e-05 3.4166573e-05
2.8500000e-05 3.1494526e-05
2.8550000e-05 2.7043818e-05
