Title:
Authors:
Table:
================================================================================
Byte-by-byte Description of file: table.dat
--------------------------------------------------------------------------------
 Bytes Format Units  Label     Explanations
--------------------------------------------------------------------------------
 1-13  E13.8  m      wavelength   [0.0/0.01] Description of wavelength
15-27  E13.8  ---    transmission Description of transmission         
--------------------------------------------------------------------------------
Notes:
--------------------------------------------------------------------------------
3.5114000e-07 0.0000000e+00
3.5273000e-07 5.0000000e-03
3.5432000e-07 1.0000000e-02
3.5591000e-07 1.8000000e-02
3.5751000e-07 2.9000000e-02
3.5910000e-07 4.4000000e-02
3.6069000e-07 6.1000000e-02
3.6228000e-07 8.0000000e-02
3.6388000e-07 1.0100000e-01
3.6547000e-07 1.2400000e-01
3.6706000e-07 1.4900000e-01
3.6866000e-07 1.7600000e-01
3.7025000e-07 2.0500000e-01
3.7184000e-07 2.3500000e-01
3.7344000e-07 2.6700000e-01
3.7503000e-07 3.0000000e-01
3.7662000e-07 3.3400000e-01
3.7822000e-07 3.7000000e-01
3.7981000e-07 4.0700000e-01
3.8141000e-07 4.4400000e-01
3.8300000e-07 4.8100000e-01
3.8460000e-07 5.1800000e-01
3.8619000e-07 5.5500000e-01
3.8779000e-07 5.9000000e-01
3.8938000e-07 6.2500000e-01
3.9098000e-07 6.5800000e-01
3.9257000e-07 6.8900000e-01
3.9417000e-07 7.1700000e-01
3.9577000e-07 7.4400000e-01
3.9736000e-07 7.6800000e-01
3.9896000e-07 7.8900000e-01
4.0055000e-07 8.0800000e-01
4.0215000e-07 8.2500000e-01
4.0375000e-07 8.4000000e-01
4.0534000e-07 8.5200000e-01
4.0694000e-07 8.6300000e-01
4.0854000e-07 8.7300000e-01
4.1014000e-07 8.8100000e-01
4.1173000e-07 8.8900000e-01
4.1333000e-07 8.9600000e-01
4.1493000e-07 9.0400000e-01
4.1653000e-07 9.1100000e-01
4.1812000e-07 9.1800000e-01
4.1972000e-07 9.2600000e-01
4.2132000e-07 9.3400000e-01
4.2292000e-07 9.4300000e-01
4.2452000e-07 9.5100000e-01
4.2611000e-07 9.6000000e-01
4.2771000e-07 9.6800000e-01
4.2931000e-07 9.7600000e-01
4.3091000e-07 9.8300000e-01
4.3251000e-07 9.8900000e-01
4.3411000e-07 9.9400000e-01
4.3571000e-07 9.9900000e-01
4.3731000e-07 1.0000000e+00
4.3891000e-07 9.9600000e-01
4.4051000e-07 9.8700000e-01
4.4211000e-07 9.7200000e-01
4.4371000e-07 9.4800000e-01
4.4531000e-07 9.1500000e-01
4.4691000e-07 8.7600000e-01
4.4851000e-07 8.3100000e-01
4.5011000e-07 7.7900000e-01
4.5171000e-07 7.2200000e-01
4.5331000e-07 6.6400000e-01
4.5491000e-07 6.0400000e-01
4.5651000e-07 5.4300000e-01
4.5811000e-07 4.8400000e-01
4.5972000e-07 4.2800000e-01
4.6132000e-07 3.7500000e-01
4.6292000e-07 3.2600000e-01
4.6452000e-07 2.8300000e-01
4.6612000e-07 2.4600000e-01
4.6773000e-07 2.1400000e-01
4.6933000e-07 1.8600000e-01
4.7093000e-07 1.6300000e-01
4.7253000e-07 1.4400000e-01
4.7414000e-07 1.2800000e-01
4.7574000e-07 1.1600000e-01
4.7734000e-07 1.0500000e-01
4.7894000e-07 9.6000000e-02
4.8055000e-07 8.9000000e-02
4.8215000e-07 8.3000000e-02
4.8375000e-07 7.6000000e-02
4.8536000e-07 7.0000000e-02
4.8696000e-07 6.3000000e-02
4.8856000e-07 5.7000000e-02
4.9017000e-07 5.0000000e-02
4.9177000e-07 4.4000000e-02
4.9338000e-07 3.7000000e-02
4.9498000e-07 3.1000000e-02
4.9659000e-07 2.5000000e-02
4.9819000e-07 1.9000000e-02
4.9979000e-07 1.4000000e-02
5.0140000e-07 1.0000000e-02
5.0300000e-07 6.0000000e-03
5.0461000e-07 4.0000000e-03
5.0621000e-07 2.0000000e-03
5.0782000e-07 1.0000000e-03
