Title:
Authors:
Table:
================================================================================
Byte-by-byte Description of file: table.dat
--------------------------------------------------------------------------------
 Bytes Format Units  Label     Explanations
--------------------------------------------------------------------------------
 1-13  E13.8  m      wavelength   [0.0/0.01] Description of wavelength
15-27  E13.8  ---    transmission Description of transmission         
--------------------------------------------------------------------------------
Notes:
--------------------------------------------------------------------------------
1.0620000e-06 0.0000000e+00
1.0660000e-06 4.9095424e-04
1.0700000e-06 1.8539316e-03
1.0750000e-06 3.1934138e-03
1.0780000e-06 6.5672359e-03
1.0820000e-06 1.4559736e-02
1.0840000e-06 2.4068219e-02
1.0870000e-06 3.6248470e-02
1.0890000e-06 4.7830304e-02
1.0930000e-06 6.0616584e-02
1.0960000e-06 6.6105405e-02
1.1020000e-06 8.3775737e-02
1.1050000e-06 3.1833899e-01
1.1070000e-06 3.9603557e-01
1.1090000e-06 4.1555015e-01
1.1120000e-06 4.3950435e-01
1.1160000e-06 3.8094232e-01
1.1170000e-06 2.7572150e-01
1.1200000e-06 2.8705223e-01
1.1230000e-06 3.2433932e-01
1.1280000e-06 2.9432957e-01
1.1290000e-06 2.8637190e-01
1.1320000e-06 6.1117158e-01
1.1340000e-06 2.5301724e-01
1.1380000e-06 6.0656414e-01
1.1400000e-06 1.2428532e-01
1.1430000e-06 5.9526535e-01
1.1470000e-06 2.9360920e-01
1.1540000e-06 3.5668573e-01
1.1590000e-06 1.9335046e-01
1.1640000e-06 6.7048512e-01
1.1670000e-06 6.8077216e-01
1.1700000e-06 7.4315211e-01
1.1730000e-06 7.9786392e-01
1.1750000e-06 8.1684797e-01
1.1790000e-06 9.0553842e-01
1.1820000e-06 8.5962612e-01
1.1860000e-06 8.7764674e-01
1.1880000e-06 9.0569538e-01
1.1920000e-06 9.0168109e-01
1.1950000e-06 8.0684024e-01
1.1990000e-06 7.5919494e-01
1.2020000e-06 7.4740190e-01
1.2090000e-06 7.4955606e-01
1.2160000e-06 7.4051294e-01
1.2210000e-06 7.7157884e-01
1.2270000e-06 7.3947278e-01
1.2310000e-06 8.7984777e-01
1.2360000e-06 9.5892331e-01
1.2400000e-06 9.8759034e-01
1.2440000e-06 1.0000000e+00
1.2470000e-06 9.8926672e-01
1.2530000e-06 9.4675867e-01
1.2550000e-06 9.1480449e-01
1.2580000e-06 8.7170718e-01
1.2600000e-06 8.1865672e-01
1.2650000e-06 7.6233728e-01
1.2700000e-06 6.8644120e-01
1.2750000e-06 6.5787948e-01
1.2790000e-06 6.4208769e-01
1.2860000e-06 6.4225073e-01
1.2920000e-06 6.4538505e-01
1.2970000e-06 6.7642175e-01
1.3020000e-06 7.4346289e-01
1.3050000e-06 7.6445161e-01
1.3070000e-06 7.9858232e-01
1.3100000e-06 7.6258006e-01
1.3130000e-06 7.0602465e-01
1.3160000e-06 9.3051131e-01
1.3190000e-06 8.3353177e-01
1.3230000e-06 8.1766316e-01
1.3260000e-06 9.6958911e-01
1.3300000e-06 8.6491718e-01
1.3330000e-06 8.2456048e-01
1.3340000e-06 5.1840851e-01
1.3360000e-06 2.6932393e-01
1.3390000e-06 8.7042993e-01
1.3430000e-06 6.5992088e-01
1.3460000e-06 5.2852807e-01
1.3490000e-06 2.3176177e-01
1.3530000e-06 1.3660655e-02
1.3550000e-06 1.7960550e-04
1.3600000e-06 3.7888752e-02
1.3630000e-06 4.2786194e-03
1.3700000e-06 3.0027366e-04
1.3730000e-06 3.4849756e-02
1.3770000e-06 5.0272606e-04
1.3830000e-06 0.0000000e+00
1.3880000e-06 1.3379451e-04
1.3920000e-06 3.0458494e-03
1.3950000e-06 2.8979579e-04
1.3960000e-06 7.8074190e-03
1.3970000e-06 2.3351156e-02
1.3980000e-06 1.0892924e-01
1.4000000e-06 1.2464437e-04
1.4010000e-06 5.6018913e-05
1.4020000e-06 4.7807125e-02
1.4040000e-06 9.5022749e-03
1.4060000e-06 4.3713870e-02
1.4070000e-06 3.8353417e-04
1.4100000e-06 2.1577550e-03
1.4120000e-06 4.7903965e-03
1.4160000e-06 7.8517435e-03
1.4210000e-06 6.5945636e-04
1.4260000e-06 3.1411497e-04
1.4420000e-06 3.3715092e-04
1.4500000e-06 0.0000000e+00
