#7
6x11
5 1 2 1 2 3 0 0 0 0 0 
3 2 1 2 0 0 0 0 0 0 0 
10 1 2 1 2 1 2 1 3 2 3 
4 2 1 2 1 0 0 0 0 0 0 
8 1 2 1 2 1 2 1 2 0 0 
1 32 0 0 0 0 0 0 0 0 0
6x12
5 1 2 1 2 3 0 0 0 0 0 0 
11 1 2 1 2 1 2 1 2 3 2 3 
10 1 2 1 2 1 2 1 3 2 3 0 
4 2 1 2 1 0 0 0 0 0 0 0 
8 1 2 1 2 1 2 1 2 0 0 0 
1 32 0 0 0 0 0 0 0 0 0 0
6x11
5 1 2 1 2 3 0 0 0 0 0 
8 1 2 1 2 1 3 2 3 0 0 
10 1 2 1 2 1 2 1 3 2 3 
4 2 1 2 1 0 0 0 0 0 0 
8 1 2 1 2 1 2 1 2 0 0 
1 32 0 0 0 0 0 0 0 0 0
6x12
3 2 1 2 0 0 0 0 0 0 0 0 
11 1 2 1 2 1 2 1 2 3 2 3 
10 1 2 1 2 1 2 1 3 2 3 0 
4 2 1 2 1 0 0 0 0 0 0 0 
8 1 2 1 2 1 2 1 2 0 0 0 
1 32 0 0 0 0 0 0 0 0 0 0
6x11
6 2 1 2 1 2 3 0 0 0 0 
3 2 1 2 0 0 0 0 0 0 0 
10 1 2 1 2 1 2 1 3 2 3 
4 2 1 2 1 0 0 0 0 0 0 
8 1 2 1 2 1 2 1 2 0 0 
1 32 0 0 0 0 0 0 0 0 0
6x12
2 1 3 0 0 0 0 0 0 0 0 0 
11 1 2 1 2 1 2 1 2 3 2 3 
10 1 2 1 2 1 2 1 3 2 3 0 
4 2 1 2 1 0 0 0 0 0 0 0 
8 1 2 1 2 1 2 1 2 0 0 0 
1 32 0 0 0 0 0 0 0 0 0 0
6x11
6 2 1 2 1 2 3 0 0 0 0 
8 1 2 1 2 1 3 2 3 0 0 
10 1 2 1 2 1 2 1 3 2 3 
4 2 1 2 1 0 0 0 0 0 0 
8 1 2 1 2 1 2 1 2 0 0 
1 32 0 0 0 0 0 0 0 0 0
