#3
4x8
4 2 2 2 2 0 0 0 
7 2 1 2 2 2 2 2 
1 1 0 0 0 0 0 0 
1 12 0 0 0 0 0 0
4x8
3 2 2 2 0 0 0 0 
7 2 1 2 2 2 2 2 
1 1 0 0 0 0 0 0 
1 8 0 0 0 0 0 0
3x5
3 2 2 2 0 
4 2 2 2 2 
4 6 0 0 0
#3 1 1 0
0 1 min.44 1 1 0
1 1 group.32 1 7 0
2 4 min.36 1 3 0
#3 1 1 1
0 1 min.44 1 1 3
1 1 group.32 1 7 41
2 4 min.36 1 3 0
#3 1 1 2
0 1 min.44 1 1 2
1 1 group.32 1 7 4
2 4 min.36 1 3 1
#3 1 1 3
0 1 min.44 1 1 1
1 1 group.32 1 7 45
2 4 min.36 1 3 1
#3 1 1 4
0 1 min.44 1 1 2
1 1 group.32 1 7 0
2 4 min.36 1 3 2
#3 1 1 5
0 1 min.44 1 1 1
1 1 group.32 1 7 41
2 4 min.36 1 3 2
#3 1 1 6
0 1 min.44 1 1 0
1 1 group.32 1 7 4
2 4 min.36 1 3 3
#3 1 1 7
0 1 min.44 1 1 3
1 1 group.32 1 7 45
2 4 min.36 1 3 3
#3 1 2 0
0 1 min.44 1 2 0
1 1 group.32 1 12 0
2 4 min.36 1 4 0
#3 1 2 1
0 1 min.44 1 2 3
1 1 group.32 1 12 54
2 4 min.36 1 4 0
#3 1 2 2
0 1 min.44 1 2 2
1 1 group.32 1 12 1
2 4 min.36 1 4 1
#3 1 2 3
0 1 min.44 1 2 1
1 1 group.32 1 12 54
2 4 min.36 1 4 1
#3 1 2 4
0 1 min.44 1 2 2
1 1 group.32 1 12 0
2 4 min.36 1 4 1
#3 1 2 6
0 1 min.44 1 2 0
1 1 group.32 1 12 1
2 4 min.36 1 4 0
#3 2 1 0
0 1 min.44 2 1 0
1 1 group.32 1 1 0
2 4 min.36 1 3 0
#3 2 1 1
0 1 min.44 2 1 3
1 1 group.32 1 1 178
2 4 min.36 1 3 0
#3 2 1 10
0 1 min.44 2 1 2
1 1 group.32 1 1 7
2 4 min.36 1 3 2
#3 2 1 12
0 1 min.44 2 1 0
1 1 group.32 1 1 8
2 4 min.36 1 3 3
#3 2 1 13
0 1 min.44 2 1 3
1 1 group.32 1 1 186
2 4 min.36 1 3 3
#3 2 1 14
0 1 min.44 2 1 0
1 1 group.32 1 1 15
2 4 min.36 1 3 3
#3 2 1 2
0 1 min.44 2 1 0
1 1 group.32 1 1 7
2 4 min.36 1 3 0
#3 2 1 4
0 1 min.44 2 1 2
1 1 group.32 1 1 8
2 4 min.36 1 3 1
#3 2 1 5
0 1 min.44 2 1 1
1 1 group.32 1 1 186
2 4 min.36 1 3 1
#3 2 1 6
0 1 min.44 2 1 2
1 1 group.32 1 1 15
2 4 min.36 1 3 1
#3 2 1 8
0 1 min.44 2 1 2
1 1 group.32 1 1 0
2 4 min.36 1 3 2
#3 2 1 9
0 1 min.44 2 1 1
1 1 group.32 1 1 178
2 4 min.36 1 3 2
#3 2 2 0
0 1 min.44 2 2 0
1 1 group.32 1 6 0
2 4 min.36 1 4 0
#3 2 2 1
0 1 min.44 2 2 1
1 1 group.32 1 6 5
2 4 min.36 1 4 1
#3 2 2 2
0 1 min.44 2 2 1
1 1 group.32 1 6 0
2 4 min.36 1 4 1
#3 2 2 3
0 1 min.44 2 2 0
1 1 group.32 1 6 5
2 4 min.36 1 4 0
#3 3 1 0
0 1 min.44 3 1 0
1 1 group.32 1 3 0
2 4 min.36 1 3 0
#3 3 1 1
0 1 min.44 3 1 0
1 1 group.32 1 3 2
2 4 min.36 1 3 0
#3 3 1 2
0 1 min.44 3 1 1
1 1 group.32 1 3 1
2 4 min.36 1 3 1
#3 3 1 3
0 1 min.44 3 1 1
1 1 group.32 1 3 3
2 4 min.36 1 3 1
#3 3 1 4
0 1 min.44 3 1 1
1 1 group.32 1 3 0
2 4 min.36 1 3 2
#3 3 1 5
0 1 min.44 3 1 1
1 1 group.32 1 3 2
2 4 min.36 1 3 2
#3 3 1 6
0 1 min.44 3 1 0
1 1 group.32 1 3 1
2 4 min.36 1 3 3
#3 3 1 7
0 1 min.44 3 1 0
1 1 group.32 1 3 3
2 4 min.36 1 3 3
