#9
6x9
7 1 2 1 1 2 2 3 0 
3 2 2 2 0 0 0 0 0 
6 1 1 2 1 1 2 0 0 
6 1 2 1 1 1 2 0 0 
8 1 1 1 2 1 1 1 2 
1 48 0 0 0 0 0 0 0
6x9
7 1 2 1 1 2 2 3 0 
5 2 1 1 1 2 0 0 0 
6 1 1 2 1 1 2 0 0 
6 1 2 1 1 1 2 0 0 
8 1 1 1 2 1 1 1 2 
1 48 0 0 0 0 0 0 0
6x9
7 1 2 1 1 2 2 3 0 
6 1 2 1 1 2 2 0 0 
6 1 1 2 1 1 2 0 0 
6 1 2 1 1 1 2 0 0 
8 1 1 1 2 1 1 1 2 
1 48 0 0 0 0 0 0 0
6x9
3 2 2 2 0 0 0 0 0 
5 2 1 1 1 2 0 0 0 
6 1 1 2 1 1 2 0 0 
6 1 2 1 1 1 2 0 0 
8 1 1 1 2 1 1 1 2 
1 48 0 0 0 0 0 0 0
6x9
4 2 2 2 3 0 0 0 0 
3 2 2 2 0 0 0 0 0 
6 1 1 2 1 1 2 0 0 
6 1 2 1 1 1 2 0 0 
8 1 1 1 2 1 1 1 2 
1 48 0 0 0 0 0 0 0
6x9
6 2 1 1 1 2 3 0 0 
5 2 1 1 1 2 0 0 0 
6 1 1 2 1 1 2 0 0 
6 1 2 1 1 1 2 0 0 
8 1 1 1 2 1 1 1 2 
1 48 0 0 0 0 0 0 0
6x9
4 2 2 2 3 0 0 0 0 
6 1 2 1 1 2 2 0 0 
6 1 1 2 1 1 2 0 0 
6 1 2 1 1 1 2 0 0 
8 1 1 1 2 1 1 1 2 
1 48 0 0 0 0 0 0 0
6x9
7 1 2 1 1 2 2 3 0 
3 2 2 2 0 0 0 0 0 
5 2 1 1 1 2 0 0 0 
6 1 2 1 1 1 2 0 0 
8 1 1 1 2 1 1 1 2 
3 32 0 0 0 0 0 0 0
5x8
7 1 2 1 1 2 2 3 
3 2 2 2 0 0 0 0 
5 2 1 1 1 2 0 0 
6 1 1 2 1 1 2 0 
4 24 0 0 0 0 0 0
