#8
5x7
6 1 2 2 3 3 3 
1 2 0 0 0 0 0 
2 2 2 0 0 0 0 
2 3 3 0 0 0 0 
1 24 0 0 0 0 0
5x7
6 1 2 2 3 3 3 
1 1 0 0 0 0 0 
2 2 2 0 0 0 0 
2 3 3 0 0 0 0 
1 24 0 0 0 0 0
5x7
6 1 2 2 3 3 3 
2 1 2 0 0 0 0 
2 2 2 0 0 0 0 
2 3 3 0 0 0 0 
1 24 0 0 0 0 0
5x3
1 2 0 
1 1 0 
2 2 2 
2 3 3 
1 24 0
5x6
5 2 2 3 3 3 
1 2 0 0 0 0 
2 2 2 0 0 0 
2 3 3 0 0 0 
1 24 0 0 0 0
5x8
7 1 2 2 2 3 3 3 
1 1 0 0 0 0 0 0 
2 2 2 0 0 0 0 0 
2 3 3 0 0 0 0 0 
1 24 0 0 0 0 0 0
5x6
5 2 2 3 3 3 
2 1 2 0 0 0 
2 2 2 0 0 0 
2 3 3 0 0 0 
1 24 0 0 0 0
5x7
6 1 2 2 3 3 3 
1 2 0 0 0 0 0 
1 1 0 0 0 0 0 
2 2 2 0 0 0 0 
3 16 0 0 0 0 0
