#15
5x5
2 1 4 0 0 
2 1 3 0 0 
1 1 0 0 0 
4 2 3 2 3 
1 16 0 0 0
5x5
2 1 4 0 0 
2 1 3 0 0 
3 3 2 3 0 
4 2 3 2 3 
1 16 0 0 0
5x5
2 1 4 0 0 
2 1 3 0 0 
4 1 3 2 3 
4 2 3 2 3 
1 16 0 0 0
5x5
2 1 4 0 0 
1 1 0 0 0 
3 3 2 3 0 
4 2 3 2 3 
1 16 0 0 0
5x5
2 1 4 0 0 
3 1 2 3 0 
1 1 0 0 0 
4 2 3 2 3 
1 16 0 0 0
5x5
2 1 4 0 0 
1 3 0 0 0 
3 3 2 3 0 
4 2 3 2 3 
1 16 0 0 0
5x5
2 1 4 0 0 
3 1 2 3 0 
4 1 3 2 3 
4 2 3 2 3 
1 16 0 0 0
5x5
2 1 3 0 0 
1 1 0 0 0 
3 3 2 3 0 
4 2 3 2 3 
1 16 0 0 0
5x6
5 1 3 2 3 4 
2 1 3 0 0 0 
1 1 0 0 0 0 
4 2 3 2 3 0 
1 16 0 0 0 0
5x5
1 4 0 0 0 
2 1 3 0 0 
3 3 2 3 0 
4 2 3 2 3 
1 16 0 0 0
5x6
5 1 3 2 3 4 
2 1 3 0 0 0 
4 1 3 2 3 0 
4 2 3 2 3 0 
1 16 0 0 0 0
5x5
2 3 4 0 0 
1 1 0 0 0 
3 3 2 3 0 
4 2 3 2 3 
1 16 0 0 0
5x6
5 1 3 2 3 4 
3 1 2 3 0 0 
1 1 0 0 0 0 
4 2 3 2 3 0 
1 16 0 0 0 0
5x5
1 4 0 0 0 
1 3 0 0 0 
3 3 2 3 0 
4 2 3 2 3 
1 16 0 0 0
5x6
5 1 3 2 3 4 
3 1 2 3 0 0 
4 1 3 2 3 0 
4 2 3 2 3 0 
1 16 0 0 0 0
