#4
5x7
5 1 1 2 2 2 0 
2 1 1 0 0 0 0 
6 1 1 1 2 1 2 
6 1 1 1 2 2 1 
1 36 0 0 0 0 0
5x7
1 1 0 0 0 0 0 
2 1 1 0 0 0 0 
6 1 1 1 2 1 2 
6 1 1 1 2 2 1 
1 36 0 0 0 0 0
5x7
6 1 1 1 2 2 2 
2 1 1 0 0 0 0 
6 1 1 1 2 1 2 
6 1 1 1 2 2 1 
1 36 0 0 0 0 0
4x6
5 1 1 2 2 2 
1 1 0 0 0 0 
2 1 1 0 0 0 
9 8 0 0 0 0
#3 1 1 0
0 1 group.120 1 1 0
1 2 min.53 2 1 0
3 9 group.50 1 6 0
#4 2 1 0
0 1 group.120 1 2 0
1 1 min.53 4 1 0
2 1 min.53 3 1 0
3 9 group.50 1 6 0
#3 3 1 0
0 1 group.120 1 1 0
1 2 min.53 1 1 0
3 9 group.50 1 6 0
