#12
7x9
3 3 3 3 0 0 0 0 0 
6 1 1 2 1 1 1 0 0 
2 3 3 0 0 0 0 0 0 
2 2 2 0 0 0 0 0 0 
2 1 1 0 0 0 0 0 0 
8 1 1 1 2 1 1 1 2 
1 144 0 0 0 0 0 0 0
7x9
3 3 3 3 0 0 0 0 0 
7 1 1 1 2 1 1 2 0 
2 3 3 0 0 0 0 0 0 
2 2 2 0 0 0 0 0 0 
2 1 1 0 0 0 0 0 0 
8 1 1 1 2 1 1 1 2 
1 144 0 0 0 0 0 0 0
7x9
3 3 3 3 0 0 0 0 0 
3 2 2 2 0 0 0 0 0 
2 3 3 0 0 0 0 0 0 
2 2 2 0 0 0 0 0 0 
2 1 1 0 0 0 0 0 0 
8 1 1 1 2 1 1 1 2 
1 144 0 0 0 0 0 0 0
7x9
6 1 1 2 1 1 1 0 0 
7 1 1 1 2 1 1 2 0 
2 3 3 0 0 0 0 0 0 
2 2 2 0 0 0 0 0 0 
2 1 1 0 0 0 0 0 0 
8 1 1 1 2 1 1 1 2 
1 144 0 0 0 0 0 0 0
7x11
10 1 1 1 2 1 1 2 3 3 3 
6 1 1 2 1 1 1 0 0 0 0 
2 3 3 0 0 0 0 0 0 0 0 
2 2 2 0 0 0 0 0 0 0 0 
2 1 1 0 0 0 0 0 0 0 0 
8 1 1 1 2 1 1 1 2 0 0 
1 144 0 0 0 0 0 0 0 0 0
7x10
9 1 1 2 1 1 1 3 3 3 
7 1 1 1 2 1 1 2 0 0 
2 3 3 0 0 0 0 0 0 0 
2 2 2 0 0 0 0 0 0 0 
2 1 1 0 0 0 0 0 0 0 
8 1 1 1 2 1 1 1 2 0 
1 144 0 0 0 0 0 0 0 0
7x11
10 1 1 1 2 1 1 2 3 3 3 
3 2 2 2 0 0 0 0 0 0 0 
2 3 3 0 0 0 0 0 0 0 0 
2 2 2 0 0 0 0 0 0 0 0 
2 1 1 0 0 0 0 0 0 0 0 
8 1 1 1 2 1 1 1 2 0 0 
1 144 0 0 0 0 0 0 0 0 0
7x9
3 3 3 3 0 0 0 0 0 
6 1 1 2 1 1 1 0 0 
7 1 1 1 2 1 1 2 0 
2 3 3 0 0 0 0 0 0 
2 1 1 0 0 0 0 0 0 
8 1 1 1 2 1 1 1 2 
3 96 0 0 0 0 0 0 0
7x9
3 3 3 3 0 0 0 0 0 
6 1 1 2 1 1 1 0 0 
7 1 1 1 2 1 1 2 0 
2 2 2 0 0 0 0 0 0 
2 1 1 0 0 0 0 0 0 
8 1 1 1 2 1 1 1 2 
3 96 0 0 0 0 0 0 0
7x9
3 3 3 3 0 0 0 0 0 
6 1 1 2 1 1 1 0 0 
7 1 1 1 2 1 1 2 0 
6 2 2 2 2 3 3 0 0 
2 1 1 0 0 0 0 0 0 
8 1 1 1 2 1 1 1 2 
3 96 0 0 0 0 0 0 0
7x9
3 3 3 3 0 0 0 0 0 
6 1 1 2 1 1 1 0 0 
7 1 1 1 2 1 1 2 0 
4 2 2 3 3 0 0 0 0 
2 1 1 0 0 0 0 0 0 
8 1 1 1 2 1 1 1 2 
3 96 0 0 0 0 0 0 0
6x8
3 3 3 3 0 0 0 0 
6 1 1 2 1 1 1 0 
7 1 1 1 2 1 1 2 
2 3 3 0 0 0 0 0 
2 2 2 0 0 0 0 0 
4 72 0 0 0 0 0 0
