#5
6x15
9 1 1 1 1 2 1 2 1 2 0 0 0 0 0 
4 1 1 1 1 0 0 0 0 0 0 0 0 0 0 
14 1 1 1 1 1 1 1 1 1 1 2 1 2 1 
8 1 1 1 1 2 1 1 2 0 0 0 0 0 0 
6 1 1 1 1 1 1 0 0 0 0 0 0 0 0 
1 48 0 0 0 0 0 0 0 0 0 0 0 0 0
6x15
9 1 1 1 1 1 1 1 1 1 0 0 0 0 0 
4 1 1 1 1 0 0 0 0 0 0 0 0 0 0 
14 1 1 1 1 1 1 1 1 1 1 2 1 2 1 
8 1 1 1 1 2 1 1 2 0 0 0 0 0 0 
6 1 1 1 1 1 1 0 0 0 0 0 0 0 0 
1 48 0 0 0 0 0 0 0 0 0 0 0 0 0
6x15
6 1 2 1 2 1 2 0 0 0 0 0 0 0 0 
4 1 1 1 1 0 0 0 0 0 0 0 0 0 0 
14 1 1 1 1 1 1 1 1 1 1 2 1 2 1 
8 1 1 1 1 2 1 1 2 0 0 0 0 0 0 
6 1 1 1 1 1 1 0 0 0 0 0 0 0 0 
1 48 0 0 0 0 0 0 0 0 0 0 0 0 0
6x15
9 1 1 1 1 2 1 2 1 2 0 0 0 0 0 
9 1 1 1 1 1 1 1 1 1 0 0 0 0 0 
14 1 1 1 1 1 1 1 1 1 1 2 1 2 1 
8 1 1 1 1 2 1 1 2 0 0 0 0 0 0 
6 1 1 1 1 1 1 0 0 0 0 0 0 0 0 
1 32 0 0 0 0 0 0 0 0 0 0 0 0 0
5x10
9 1 1 1 1 2 1 2 1 2 
9 1 1 1 1 1 1 1 1 1 
4 1 1 1 1 0 0 0 0 0 
6 1 1 1 1 1 1 0 0 0 
4 24 0 0 0 0 0 0 0 0
