#8
5x9
3 3 3 3 0 0 0 0 0 
7 3 1 3 3 3 3 3 0 
4 3 3 3 3 0 0 0 0 
8 1 3 1 3 3 3 3 3 
1 24 0 0 0 0 0 0 0
5x10
3 3 3 3 0 0 0 0 0 0 
9 1 2 3 1 3 3 3 3 3 
4 3 3 3 3 0 0 0 0 0 
8 1 3 1 3 3 3 3 3 0 
1 24 0 0 0 0 0 0 0 0
5x9
3 3 3 3 0 0 0 0 0 
2 1 2 0 0 0 0 0 0 
4 3 3 3 3 0 0 0 0 
8 1 3 1 3 3 3 3 3 
1 24 0 0 0 0 0 0 0
5x10
7 3 1 3 3 3 3 3 0 0 
9 1 2 3 1 3 3 3 3 3 
4 3 3 3 3 0 0 0 0 0 
8 1 3 1 3 3 3 3 3 0 
1 24 0 0 0 0 0 0 0 0
5x9
6 1 2 3 1 3 3 0 0 
7 3 1 3 3 3 3 3 0 
4 3 3 3 3 0 0 0 0 
8 1 3 1 3 3 3 3 3 
1 24 0 0 0 0 0 0 0
5x10
4 1 3 3 3 0 0 0 0 0 
9 1 2 3 1 3 3 3 3 3 
4 3 3 3 3 0 0 0 0 0 
8 1 3 1 3 3 3 3 3 0 
1 24 0 0 0 0 0 0 0 0
5x9
6 1 2 3 1 3 3 0 0 
2 1 2 0 0 0 0 0 0 
4 3 3 3 3 0 0 0 0 
8 1 3 1 3 3 3 3 3 
1 24 0 0 0 0 0 0 0
5x10
3 3 3 3 0 0 0 0 0 0 
7 3 1 3 3 3 3 3 0 0 
9 1 2 3 1 3 3 3 3 3 
8 1 3 1 3 3 3 3 3 0 
1 16 0 0 0 0 0 0 0 0
