#4
4x5
4 2 2 2 1 
4 1 2 1 2 
2 2 2 0 0 
1 12 0 0 0
4x5
1 1 0 0 0 
4 1 2 1 2 
2 2 2 0 0 
1 12 0 0 0
4x5
3 2 2 2 0 
4 1 2 1 2 
2 2 2 0 0 
1 12 0 0 0
4x5
4 2 2 2 1 
1 1 0 0 0 
4 1 2 1 2 
3 8 0 0 0
#4 1 1 0
0 1 min.41 2 1 0
1 1 group.82 2 1 0
2 1 group.74 1 2 0
3 3 group.48 2 4 0
#4 1 1 1
0 1 min.41 2 1 0
1 1 group.82 2 1 3
2 1 group.74 1 2 0
3 3 group.48 2 4 1
#4 2 1 0
0 1 min.41 2 1 0
1 1 group.82 2 2 0
2 1 group.74 1 1 0
3 3 group.48 1 4 0
#4 2 1 1
0 1 min.41 2 1 0
1 1 group.82 2 2 0
2 1 group.74 1 1 3
3 3 group.48 1 4 1
#4 3 1 0
0 1 min.41 1 1 0
1 1 group.82 1 1 0
2 1 group.74 1 2 0
3 3 group.48 2 4 0
#4 3 1 1
0 1 min.41 1 1 0
1 1 group.82 1 1 3
2 1 group.74 1 2 0
3 3 group.48 2 4 1
#4 4 1 0
0 1 min.41 1 1 0
1 1 group.82 1 2 0
2 1 group.74 1 1 0
3 3 group.48 1 4 0
#4 4 1 1
0 1 min.41 1 1 0
1 1 group.82 1 2 0
2 1 group.74 1 1 3
3 3 group.48 1 4 1
