Title:
Authors:
Table:
================================================================================
Byte-by-byte Description of file: table.dat
--------------------------------------------------------------------------------
 Bytes Format Units  Label     Explanations
--------------------------------------------------------------------------------
 1-13  E13.8  m      wavelength   [0.0/0.01] Description of wavelength 
15-27  E13.8  ---    transmission [0.0/1.0] Description of transmission
--------------------------------------------------------------------------------
Notes:
--------------------------------------------------------------------------------
2.5300000e-06 9.6879972e-15
2.5400000e-06 3.1456007e-14
2.5500000e-06 5.1700702e-13
2.5600000e-06 5.1608085e-14
2.5700000e-06 2.7772998e-14
2.5800000e-06 2.0661617e-13
2.5900000e-06 2.8339060e-17
2.6000000e-06 8.1807375e-14
2.6100000e-06 1.2523779e-13
2.6200000e-06 3.3783668e-13
2.6300000e-06 1.7016814e-13
2.6400000e-06 4.2045142e-14
2.6500000e-06 7.4337061e-14
2.6600000e-06 4.5821239e-15
2.6700000e-06 1.8450881e-13
2.6800000e-06 1.4273929e-13
2.6900000e-06 1.9377375e-13
2.7000000e-06 1.1067319e-13
2.7100000e-06 5.4099529e-14
2.7200000e-06 8.8580444e-14
2.7300000e-06 9.9602682e-13
2.7400000e-06 1.9909127e-13
2.7500000e-06 1.5098082e-13
2.7600000e-06 2.2728460e-12
2.7700000e-06 1.3619283e-13
2.7800000e-06 1.7620124e-13
2.7900000e-06 6.9614778e-15
2.8000000e-06 3.7332208e-15
2.8100000e-06 6.8554834e-16
2.8200000e-06 2.0061195e-14
2.8300000e-06 2.5364282e-14
2.8400000e-06 2.2778137e-13
2.8500000e-06 9.0738291e-14
2.8600000e-06 3.3873901e-14
2.8700000e-06 2.9865550e-14
2.8800000e-06 3.0334193e-14
2.8900000e-06 3.2801244e-13
2.9000000e-06 3.5605188e-13
2.9100000e-06 1.5764211e-12
2.9200000e-06 1.0539164e-14
2.9300000e-06 2.9933306e-13
2.9400000e-06 2.3547837e-13
2.9500000e-06 2.1833898e-13
2.9600000e-06 3.9065274e-14
2.9700000e-06 2.2472245e-14
2.9800000e-06 3.2134136e-15
2.9900000e-06 1.6309779e-12
3.0000000e-06 4.0057982e-12
3.0100000e-06 1.8267914e-14
3.0200000e-06 3.6126496e-13
3.0300000e-06 1.7418567e-13
3.0400000e-06 2.1617184e-14
3.0500000e-06 3.0468702e-13
3.0600000e-06 3.9862026e-15
3.0700000e-06 1.3220423e-13
3.0800000e-06 1.6832867e-11
3.0900000e-06 1.6657611e-11
3.1000000e-06 1.0233205e-13
3.1100000e-06 4.2391250e-13
3.1200000e-06 2.5139908e-13
3.1300000e-06 6.5480845e-15
3.1400000e-06 9.9641793e-14
3.1500000e-06 4.1941809e-14
3.1600000e-06 6.3963564e-14
3.1700000e-06 4.1294562e-13
3.1800000e-06 7.8388004e-13
3.1900000e-06 9.3195508e-14
3.2000000e-06 2.3636697e-13
3.2100000e-06 4.2485210e-14
3.2200000e-06 3.6335917e-13
3.2300000e-06 7.2514244e-13
3.2400000e-06 1.1557255e-13
3.2500000e-06 6.7771291e-14
3.2600000e-06 2.4804413e-13
3.2700000e-06 1.0652302e-12
3.2800000e-06 2.2567129e-13
3.2900000e-06 4.1281978e-13
3.3000000e-06 2.3259716e-13
3.3100000e-06 6.5443471e-13
3.3200000e-06 2.0655880e-12
3.3300000e-06 1.8996777e-12
3.3400000e-06 2.5625666e-13
3.3500000e-06 5.4709763e-13
3.3600000e-06 6.7042841e-14
3.3700000e-06 1.7110119e-12
3.3800000e-06 2.9748304e-13
3.3900000e-06 1.5247706e-13
3.4000000e-06 3.8446222e-13
3.4100000e-06 3.5797977e-13
3.4200000e-06 1.7278287e-13
3.4300000e-06 3.3540027e-16
3.4400000e-06 1.7720290e-13
3.4500000e-06 3.2885840e-13
3.4600000e-06 9.8246540e-14
3.4700000e-06 1.3408349e-13
3.4800000e-06 2.2717969e-12
3.4900000e-06 1.3750348e-13
3.5000000e-06 1.1596199e-12
3.5100000e-06 1.5754254e-12
3.5200000e-06 3.6932339e-13
3.5300000e-06 4.0995062e-12
3.5400000e-06 2.2341704e-13
3.5500000e-06 1.3605556e-12
3.5600000e-06 5.4767318e-12
3.5700000e-06 5.0362578e-14
3.5800000e-06 4.4505587e-13
3.5900000e-06 2.9740794e-14
3.6000000e-06 6.8318349e-13
3.6100000e-06 1.6463671e-13
3.6200000e-06 7.3568275e-13
3.6300000e-06 1.2868754e-11
3.6400000e-06 3.1989515e-13
3.6500000e-06 2.2307453e-11
3.6600000e-06 1.1335690e-11
3.6700000e-06 1.7109742e-11
3.6800000e-06 3.4430744e-11
3.6900000e-06 1.1546953e-11
3.7000000e-06 2.2434689e-14
3.7100000e-06 1.4720542e-13
3.7200000e-06 7.5879550e-14
3.7300000e-06 6.1109551e-13
3.7400000e-06 9.6878526e-12
3.7500000e-06 2.3844037e-13
3.7600000e-06 1.2820857e-13
3.7700000e-06 6.2515319e-13
3.7800000e-06 7.2124509e-12
3.7900000e-06 6.2251071e-13
3.8000000e-06 2.2449952e-12
3.8100000e-06 1.6774904e-11
3.8200000e-06 4.4974206e-13
3.8300000e-06 2.7503605e-14
3.8400000e-06 1.4165496e-11
3.8500000e-06 9.3949005e-13
3.8600000e-06 7.5319009e-12
3.8700000e-06 3.6951426e-13
3.8800000e-06 9.3222595e-12
3.8900000e-06 1.8852433e-13
3.9000000e-06 2.6164644e-13
3.9100000e-06 1.3005115e-13
3.9200000e-06 1.9374602e-13
3.9300000e-06 7.7736466e-12
3.9400000e-06 1.2298282e-12
3.9500000e-06 1.0550691e-11
3.9600000e-06 1.4576592e-11
3.9700000e-06 8.0455018e-13
3.9800000e-06 6.9867664e-13
3.9900000e-06 3.4226599e-12
4.0000000e-06 1.0294404e-12
4.0100000e-06 4.3820495e-12
4.0200000e-06 2.1948583e-13
4.0300000e-06 1.9764131e-12
4.0400000e-06 1.2940753e-11
4.0500000e-06 1.9182739e-14
4.0600000e-06 7.7675690e-13
4.0700000e-06 1.2982914e-13
4.0800000e-06 1.3903940e-12
4.0900000e-06 3.3237680e-12
4.1000000e-06 3.9285769e-12
4.1100000e-06 1.2062010e-13
4.1200000e-06 1.7467845e-12
4.1300000e-06 2.0000977e-13
4.1400000e-06 1.1794309e-13
4.1500000e-06 2.5472776e-12
4.1600000e-06 1.4496317e-12
4.1700000e-06 1.1515544e-13
4.1800000e-06 3.8444603e-13
4.1900000e-06 5.4370936e-13
4.2000000e-06 2.4740039e-13
4.2100000e-06 5.7503454e-12
4.2200000e-06 6.4457020e-13
4.2300000e-06 5.1084911e-12
4.2400000e-06 1.0151809e-13
4.2500000e-06 5.9816212e-12
4.2600000e-06 3.6503424e-12
4.2700000e-06 4.4903315e-12
4.2800000e-06 1.4714803e-12
4.2900000e-06 1.6297171e-12
4.3000000e-06 1.6150779e-13
4.3100000e-06 6.5694374e-12
4.3200000e-06 5.8163035e-12
4.3300000e-06 4.3232430e-14
4.3400000e-06 3.5228597e-12
4.3500000e-06 7.2640304e-12
4.3600000e-06 4.8399019e-13
4.3700000e-06 1.5429471e-12
4.3800000e-06 8.2296720e-13
4.3900000e-06 2.2011515e-13
4.4000000e-06 6.1947373e-12
4.4100000e-06 1.6481371e-11
4.4200000e-06 6.0576425e-13
4.4300000e-06 9.6953424e-12
4.4400000e-06 2.3472787e-11
4.4500000e-06 2.8494032e-12
4.4600000e-06 1.5689925e-12
4.4700000e-06 1.0067791e-12
4.4800000e-06 3.5557790e-13
4.4900000e-06 1.0175334e-12
4.5000000e-06 8.3834251e-13
4.5100000e-06 1.0040562e-12
4.5200000e-06 1.2536697e-12
4.5300000e-06 1.4300930e-11
4.5400000e-06 8.4739724e-12
4.5500000e-06 2.4757697e-13
4.5600000e-06 2.6340295e-11
4.5700000e-06 1.8701383e-12
4.5800000e-06 1.4090481e-12
4.5900000e-06 9.5199976e-13
4.6000000e-06 1.9904587e-11
4.6100000e-06 1.6137396e-11
4.6200000e-06 1.9939593e-12
4.6300000e-06 1.6255771e-11
4.6400000e-06 2.7997528e-11
4.6500000e-06 2.0138680e-13
4.6600000e-06 2.2978639e-14
4.6700000e-06 1.8360863e-13
4.6800000e-06 1.5224829e-11
4.6900000e-06 7.7122318e-13
4.7000000e-06 9.1383760e-13
4.7100000e-06 6.4572372e-13
4.7200000e-06 2.7516405e-13
4.7300000e-06 3.1732141e-13
4.7400000e-06 1.4120079e-13
4.7500000e-06 5.9936379e-12
4.7600000e-06 1.2185549e-12
4.7700000e-06 3.8540361e-13
4.7800000e-06 1.1334267e-11
4.7900000e-06 8.7653943e-13
4.8000000e-06 8.0473624e-13
4.8100000e-06 6.6016708e-13
4.8200000e-06 2.7616582e-11
4.8300000e-06 1.0135164e-13
4.8400000e-06 9.7286754e-12
4.8500000e-06 3.6038589e-11
4.8600000e-06 3.0979329e-11
4.8700000e-06 1.3513253e-12
4.8800000e-06 2.3402166e-12
4.8900000e-06 2.8257950e-12
4.9000000e-06 5.2903295e-13
4.9100000e-06 6.1391057e-13
4.9200000e-06 6.3466100e-13
4.9300000e-06 4.6872174e-11
4.9400000e-06 3.7654775e-11
4.9500000e-06 3.6435196e-11
4.9600000e-06 7.6937149e-11
4.9700000e-06 1.1176306e-10
4.9800000e-06 7.1881839e-11
4.9900000e-06 1.4173043e-12
5.0000000e-06 1.1078147e-10
5.0100000e-06 6.7912981e-11
5.0200000e-06 4.3987353e-11
5.0300000e-06 1.3843927e-11
5.0400000e-06 3.6950852e-11
5.0500000e-06 6.4357344e-10
5.0600000e-06 1.1561428e-09
5.0700000e-06 7.9009826e-11
5.0800000e-06 1.6487160e-10
5.0900000e-06 6.9106361e-11
5.1000000e-06 6.5921749e-10
5.1100000e-06 3.2707697e-07
5.1200000e-06 3.2084970e-07
5.1300000e-06 3.4386823e-07
5.1400000e-06 2.4420876e-07
5.1500000e-06 2.4850539e-07
5.1600000e-06 2.2897749e-07
5.1700000e-06 2.1211187e-07
5.1800000e-06 1.9579168e-07
5.1900000e-06 2.9117410e-07
5.2000000e-06 2.7793454e-07
5.2100000e-06 2.1334871e-07
5.2200000e-06 1.8207740e-07
5.2300000e-06 1.8577298e-07
5.2400000e-06 1.9402462e-07
5.2500000e-06 2.8589148e-07
5.2600000e-06 2.3591761e-07
5.2700000e-06 2.3960100e-07
5.2800000e-06 2.6135373e-07
5.2900000e-06 2.9525294e-07
5.3000000e-06 2.3630829e-07
5.3100000e-06 3.1528482e-07
5.3200000e-06 3.3749172e-07
5.3300000e-06 3.5296332e-07
5.3400000e-06 3.1793990e-07
5.3500000e-06 3.2879774e-07
5.3600000e-06 2.1451510e-07
5.3700000e-06 2.4701194e-07
5.3800000e-06 3.0239572e-07
5.3900000e-06 3.0950894e-07
5.4000000e-06 3.0536493e-07
5.4100000e-06 3.0773237e-07
5.4200000e-06 2.3721622e-07
5.4300000e-06 2.1581631e-07
5.4400000e-06 2.9151393e-07
5.4500000e-06 3.5974346e-07
5.4600000e-06 3.5093911e-07
5.4700000e-06 3.9572648e-07
5.4800000e-06 4.0675233e-07
5.4900000e-06 3.9643756e-07
5.5000000e-06 3.9718699e-07
5.5100000e-06 4.0143326e-07
5.5200000e-06 4.0617122e-07
5.5300000e-06 4.0757387e-07
5.5400000e-06 4.0369440e-07
5.5500000e-06 4.0476023e-07
5.5600000e-06 4.0515098e-07
5.5700000e-06 4.0498196e-07
5.5800000e-06 4.0509224e-07
5.5900000e-06 3.9902644e-07
5.6000000e-06 3.9648116e-07
5.6100000e-06 3.9244812e-07
5.6200000e-06 4.0088086e-07
5.6300000e-06 4.0066599e-07
5.6400000e-06 3.8997462e-07
5.6500000e-06 3.8521101e-07
5.6600000e-06 3.7974989e-07
5.6700000e-06 3.7858648e-07
5.6800000e-06 3.7014472e-07
5.6900000e-06 3.5823447e-07
5.7000000e-06 3.5531434e-07
5.7100000e-06 3.6547663e-07
5.7200000e-06 3.5771492e-07
5.7300000e-06 3.5660214e-07
5.7400000e-06 3.6828038e-07
5.7500000e-06 3.7980981e-07
5.7600000e-06 3.8654769e-07
5.7700000e-06 3.8792600e-07
5.7800000e-06 3.8020603e-07
5.7900000e-06 3.9367638e-07
5.8000000e-06 3.9696568e-07
5.8100000e-06 4.0425840e-07
5.8200000e-06 4.2167928e-07
5.8300000e-06 4.2421011e-07
5.8400000e-06 4.2060796e-07
5.8500000e-06 4.2850153e-07
5.8600000e-06 4.1837633e-07
5.8700000e-06 4.2020677e-07
5.8800000e-06 4.2414670e-07
5.8900000e-06 4.3815860e-07
5.9000000e-06 4.2724226e-07
5.9100000e-06 4.2546687e-07
5.9200000e-06 4.2485324e-07
5.9300000e-06 4.4002816e-07
5.9400000e-06 4.4242888e-07
5.9500000e-06 4.5172122e-07
5.9600000e-06 4.5936473e-07
5.9700000e-06 4.7198377e-07
5.9800000e-06 4.6115691e-07
5.9900000e-06 4.7378276e-07
6.0000000e-06 4.6397385e-07
6.0100000e-06 4.6682425e-07
6.0200000e-06 4.7880947e-07
6.0300000e-06 4.8172897e-07
6.0400000e-06 5.0266085e-07
6.0500000e-06 5.0193282e-07
6.0600000e-06 4.8252611e-07
6.0700000e-06 5.0304581e-07
6.0800000e-06 4.9756353e-07
6.0900000e-06 5.2703032e-07
6.1000000e-06 5.4605053e-07
6.1100000e-06 5.7315275e-07
6.1200000e-06 6.1541194e-07
6.1300000e-06 7.1740126e-07
6.1400000e-06 8.3729343e-07
6.1500000e-06 1.0473171e-06
6.1600000e-06 1.2909910e-06
6.1700000e-06 1.6886236e-06
6.1800000e-06 2.2585909e-06
6.1900000e-06 3.1352136e-06
6.2000000e-06 4.3466040e-06
6.2100000e-06 5.4589372e-06
6.2200000e-06 6.1551816e-06
6.2300000e-06 8.2569691e-06
6.2400000e-06 6.3896436e-06
6.2500000e-06 9.1959193e-06
6.2600000e-06 7.7951021e-06
6.2700000e-06 7.8769150e-06
6.2800000e-06 9.8156080e-06
6.2900000e-06 5.7554003e-06
6.3000000e-06 6.9952381e-06
6.3100000e-06 5.3329941e-06
6.3200000e-06 3.0943444e-06
6.3300000e-06 4.0470499e-06
6.3400000e-06 7.6820247e-06
6.3500000e-06 4.7209723e-06
6.3600000e-06 3.0611909e-08
6.3700000e-06 1.0296991e-06
6.3800000e-06 2.8278436e-08
6.3900000e-06 7.0573287e-06
6.4000000e-06 8.4895786e-06
6.4100000e-06 6.2978145e-06
6.4200000e-06 5.4596159e-06
6.4300000e-06 9.4511964e-06
6.4400000e-06 6.2877942e-08
6.4500000e-06 1.7681715e-06
6.4600000e-06 2.0037464e-08
6.4700000e-06 2.7990826e-06
6.4800000e-06 1.6107204e-06
6.4900000e-06 8.8414781e-07
6.5000000e-06 6.0575018e-07
6.5100000e-06 6.8221367e-06
6.5200000e-06 1.9356982e-05
6.5300000e-06 1.4945586e-05
6.5400000e-06 2.7757807e-06
6.5500000e-06 1.2573317e-06
6.5600000e-06 2.2794697e-07
6.5700000e-06 2.7171882e-10
6.5800000e-06 2.1416148e-10
6.5900000e-06 1.7013476e-10
6.6000000e-06 1.4061384e-10
6.6100000e-06 1.3061444e-10
6.6200000e-06 1.3910848e-10
6.6300000e-06 3.0453568e-07
6.6400000e-06 1.8641815e-07
6.6500000e-06 2.3791033e-10
6.6600000e-06 2.8485825e-10
6.6700000e-06 3.1739722e-10
6.6800000e-06 3.3978218e-10
6.6900000e-06 3.5461554e-10
6.7000000e-06 6.8375599e-07
6.7100000e-06 3.1638579e-10
6.7200000e-06 2.6593136e-10
6.7300000e-06 5.6471502e-07
6.7400000e-06 1.4706027e-05
6.7500000e-06 1.7969419e-06
6.7600000e-06 1.3516937e-05
6.7700000e-06 1.3046766e-05
6.7800000e-06 3.5688073e-06
6.7900000e-06 2.0909527e-05
6.8000000e-06 5.4426606e-06
6.8100000e-06 2.8150669e-05
6.8200000e-06 5.3309344e-05
6.8300000e-06 4.0130657e-05
6.8400000e-06 5.0516256e-05
6.8500000e-06 3.7788750e-05
6.8600000e-06 1.0808249e-05
6.8700000e-06 1.1648131e-05
6.8800000e-06 4.4386615e-05
6.8900000e-06 5.8274723e-05
6.9000000e-06 7.8834065e-05
6.9100000e-06 1.4033670e-05
6.9200000e-06 7.6134327e-05
6.9300000e-06 1.3768776e-05
6.9400000e-06 1.3592087e-05
6.9500000e-06 1.3536730e-05
6.9600000e-06 1.3664742e-05
6.9700000e-06 1.4622340e-05
6.9800000e-06 5.0750637e-05
6.9900000e-06 1.5194511e-05
7.0000000e-06 1.3391166e-05
7.0100000e-06 4.8714418e-05
7.0200000e-06 2.7698424e-08
7.0300000e-06 3.6246062e-08
7.0400000e-06 2.2919256e-06
7.0500000e-06 6.0878392e-08
7.0600000e-06 1.0312641e-05
7.0700000e-06 1.0280459e-07
7.0800000e-06 1.3248639e-07
7.0900000e-06 1.7090152e-07
7.1000000e-06 1.8756919e-05
7.1100000e-06 2.8480742e-07
7.1200000e-06 3.7216266e-07
7.1300000e-06 4.8854176e-07
7.1400000e-06 6.4379770e-07
7.1500000e-06 8.6647591e-07
7.1600000e-06 4.3337130e-05
7.1700000e-06 1.6188093e-06
7.1800000e-06 2.2571989e-06
7.1900000e-06 3.1702173e-06
7.2000000e-06 1.0224427e-04
7.2100000e-06 6.2503786e-03
7.2200000e-06 6.1426466e-03
7.2300000e-06 7.6612357e-03
7.2400000e-06 8.0372675e-03
7.2500000e-06 7.3870041e-03
7.2600000e-06 7.7409584e-03
7.2700000e-06 6.8533246e-03
7.2800000e-06 4.1174539e-03
7.2900000e-06 5.8447540e-03
7.3000000e-06 9.5305140e-03
7.3100000e-06 1.1917055e-02
7.3200000e-06 1.2661302e-02
7.3300000e-06 1.2380965e-02
7.3400000e-06 1.3232720e-02
7.3500000e-06 1.2880434e-02
7.3600000e-06 1.1629039e-02
7.3700000e-06 1.1592160e-02
7.3800000e-06 1.1003319e-02
7.3900000e-06 1.1687043e-02
7.4000000e-06 1.2625291e-02
7.4100000e-06 1.4719422e-02
7.4200000e-06 1.8631210e-02
7.4300000e-06 2.4340758e-02
7.4400000e-06 3.1569103e-02
7.4500000e-06 3.9850921e-02
7.4600000e-06 4.8944339e-02
7.4700000e-06 5.8995984e-02
7.4800000e-06 7.1681794e-02
7.4900000e-06 8.8236915e-02
7.5000000e-06 1.1167303e-01
7.5100000e-06 1.4444740e-01
7.5200000e-06 1.9020362e-01
7.5300000e-06 2.5211155e-01
7.5400000e-06 3.3258183e-01
7.5500000e-06 4.3005772e-01
7.5600000e-06 5.4303189e-01
7.5700000e-06 6.5940518e-01
7.5800000e-06 7.5946963e-01
7.5900000e-06 8.3550422e-01
7.6000000e-06 8.7941936e-01
7.6100000e-06 8.9052430e-01
7.6200000e-06 8.7343784e-01
7.6300000e-06 8.3968401e-01
7.6400000e-06 7.9787694e-01
7.6500000e-06 7.6024465e-01
7.6600000e-06 7.2677079e-01
7.6700000e-06 7.0149397e-01
7.6800000e-06 6.8033257e-01
7.6900000e-06 6.6731487e-01
7.7000000e-06 6.6240915e-01
7.7100000e-06 6.6154999e-01
7.7200000e-06 6.6069306e-01
7.7300000e-06 6.6386176e-01
7.7400000e-06 6.6702226e-01
7.7500000e-06 6.6616159e-01
7.7600000e-06 6.6931098e-01
7.7700000e-06 6.7245227e-01
7.7800000e-06 6.7958303e-01
7.7900000e-06 6.9068790e-01
7.8000000e-06 7.0176429e-01
7.8100000e-06 7.1281232e-01
7.8200000e-06 7.2383209e-01
7.8300000e-06 7.3482372e-01
7.8400000e-06 7.4578731e-01
7.8500000e-06 7.5276106e-01
7.8600000e-06 7.5971707e-01
7.8700000e-06 7.6270357e-01
7.8800000e-06 7.6568248e-01
7.8900000e-06 7.6865385e-01
7.9000000e-06 7.7555452e-01
7.9100000e-06 7.7850590e-01
7.9200000e-06 7.8537670e-01
7.9300000e-06 8.0007404e-01
7.9400000e-06 8.1081737e-01
7.9500000e-06 8.2544573e-01
7.9600000e-06 8.4394449e-01
7.9700000e-06 8.6629908e-01
7.9800000e-06 8.8859764e-01
7.9900000e-06 9.0694791e-01
8.0000000e-06 9.2136468e-01
8.0100000e-06 9.3186269e-01
8.0200000e-06 9.4233453e-01
8.0300000e-06 9.4890719e-01
8.0400000e-06 9.5546351e-01
8.0500000e-06 9.5814006e-01
8.0600000e-06 9.5695131e-01
8.0700000e-06 9.5961939e-01
8.0800000e-06 9.5843174e-01
8.0900000e-06 9.6493576e-01
8.1000000e-06 9.6758410e-01
8.1100000e-06 9.6639102e-01
8.1200000e-06 9.6520089e-01
8.1300000e-06 9.6018823e-01
8.1400000e-06 9.5136713e-01
8.1500000e-06 9.4256768e-01
8.1600000e-06 9.2997841e-01
8.1700000e-06 9.1741996e-01
8.1800000e-06 9.0869429e-01
8.1900000e-06 9.0378734e-01
8.2000000e-06 8.9509957e-01
8.2100000e-06 8.9022114e-01
8.2200000e-06 8.8157102e-01
8.2300000e-06 8.7672088e-01
8.2400000e-06 8.7188252e-01
8.2500000e-06 8.6328607e-01
8.2600000e-06 8.5094520e-01
8.2700000e-06 8.3487348e-01
8.2800000e-06 8.1884058e-01
8.2900000e-06 8.0284636e-01
8.3000000e-06 7.9813198e-01
8.3100000e-06 7.9717153e-01
8.3200000e-06 7.9621339e-01
8.3300000e-06 7.9899116e-01
8.3400000e-06 7.9803313e-01
8.3500000e-06 7.9335274e-01
8.3600000e-06 7.8868355e-01
8.3700000e-06 7.8774128e-01
8.3800000e-06 7.9051258e-01
8.3900000e-06 7.9698418e-01
8.4000000e-06 8.0344037e-01
8.4100000e-06 8.0618312e-01
8.4200000e-06 8.1261304e-01
8.4300000e-06 8.1902772e-01
8.4400000e-06 8.2542719e-01
8.4500000e-06 8.3181152e-01
8.4600000e-06 8.4185698e-01
8.4700000e-06 8.5187873e-01
8.4800000e-06 8.6187684e-01
8.4900000e-06 8.7185140e-01
8.5000000e-06 8.8180248e-01
8.5100000e-06 8.9173018e-01
8.5200000e-06 8.9798424e-01
8.5300000e-06 9.0422363e-01
8.5400000e-06 9.1044840e-01
8.5500000e-06 9.1665862e-01
8.5600000e-06 9.2285433e-01
8.5700000e-06 9.2540653e-01
8.5800000e-06 9.2795278e-01
8.5900000e-06 9.2687251e-01
8.6000000e-06 9.2217837e-01
8.6100000e-06 9.1749513e-01
8.6200000e-06 9.1282275e-01
8.6300000e-06 9.0816120e-01
8.6400000e-06 8.9991081e-01
8.6500000e-06 8.9527496e-01
8.6600000e-06 8.9064983e-01
8.6700000e-06 8.8603536e-01
8.6800000e-06 8.8143153e-01
8.6900000e-06 8.7325936e-01
8.7000000e-06 8.6868080e-01
8.7100000e-06 8.6054203e-01
8.7200000e-06 8.5598855e-01
8.7300000e-06 8.5144551e-01
8.7400000e-06 8.3979594e-01
8.7500000e-06 8.2106422e-01
8.7600000e-06 7.8107327e-01
8.7700000e-06 7.1280324e-01
8.7800000e-06 6.1989300e-01
8.7900000e-06 5.3073238e-01
8.8000000e-06 4.8065054e-01
8.8100000e-06 4.9422570e-01
8.8200000e-06 5.5361043e-01
8.8300000e-06 6.3399379e-01
8.8400000e-06 7.0364067e-01
8.8500000e-06 7.5204478e-01
8.8600000e-06 7.7927807e-01
8.8700000e-06 7.9593103e-01
8.8800000e-06 8.0554178e-01
8.8900000e-06 8.1513091e-01
8.9000000e-06 8.2469848e-01
8.9100000e-06 8.3424459e-01
8.9200000e-06 8.4028263e-01
8.9300000e-06 8.4630716e-01
8.9400000e-06 8.4883936e-01
8.9500000e-06 8.4789093e-01
8.9600000e-06 8.5041571e-01
8.9700000e-06 8.5293486e-01
8.9800000e-06 8.5198504e-01
8.9900000e-06 8.5449684e-01
9.0000000e-06 8.5354740e-01
9.0100000e-06 8.4914825e-01
9.0200000e-06 8.4475884e-01
9.0300000e-06 8.4037916e-01
9.0400000e-06 8.3600917e-01
9.0500000e-06 8.3164884e-01
9.0600000e-06 8.3073091e-01
9.0700000e-06 8.3324398e-01
9.0800000e-06 8.3232631e-01
9.0900000e-06 8.3483211e-01
9.1000000e-06 8.3733239e-01
9.1100000e-06 8.4324112e-01
9.1200000e-06 8.4231651e-01
9.1300000e-06 8.4480039e-01
9.1400000e-06 8.4387610e-01
9.1500000e-06 8.3955482e-01
9.1600000e-06 8.3524298e-01
9.1700000e-06 8.2754895e-01
9.1800000e-06 8.2325958e-01
9.1900000e-06 8.1559533e-01
9.2000000e-06 8.1132828e-01
9.2100000e-06 8.1044736e-01
9.2200000e-06 8.0619515e-01
9.2300000e-06 8.0532170e-01
9.2400000e-06 8.0108424e-01
9.2500000e-06 8.0021820e-01
9.2600000e-06 7.9263677e-01
9.2700000e-06 7.9178172e-01
9.2800000e-06 7.8757711e-01
9.2900000e-06 7.8672934e-01
9.3000000e-06 7.8922758e-01
9.3100000e-06 7.8837986e-01
9.3200000e-06 7.9087097e-01
9.3300000e-06 7.9002330e-01
9.3400000e-06 7.8917746e-01
9.3500000e-06 7.9165972e-01
9.3600000e-06 7.9081393e-01
9.3700000e-06 7.8665074e-01
9.3800000e-06 7.8581209e-01
9.3900000e-06 7.8497523e-01
9.4000000e-06 7.8744876e-01
9.4100000e-06 7.8661194e-01
9.4200000e-06 7.8907848e-01
9.4300000e-06 7.8824170e-01
9.4400000e-06 7.9070129e-01
9.4500000e-06 7.9315567e-01
9.4600000e-06 7.9560486e-01
9.4700000e-06 7.9804888e-01
9.4800000e-06 8.0376844e-01
9.4900000e-06 8.0947593e-01
9.5000000e-06 8.1517141e-01
9.5100000e-06 8.2085492e-01
9.5200000e-06 8.2325958e-01
9.5300000e-06 8.2239572e-01
9.5400000e-06 8.2153367e-01
9.5500000e-06 8.1741678e-01
9.5600000e-06 8.1005528e-01
9.5700000e-06 8.0595899e-01
9.5800000e-06 7.9862481e-01
9.5900000e-06 7.9130593e-01
9.6000000e-06 7.8400229e-01
9.6100000e-06 7.7671386e-01
9.6200000e-06 7.7267352e-01
9.6300000e-06 7.6864157e-01
9.6400000e-06 7.6784423e-01
9.6500000e-06 7.7027143e-01
9.6600000e-06 7.7269360e-01
9.6700000e-06 7.7832699e-01
9.6800000e-06 7.8073584e-01
9.6900000e-06 7.8634931e-01
9.7000000e-06 7.8874492e-01
9.7100000e-06 7.8793261e-01
9.7200000e-06 7.8712198e-01
9.7300000e-06 7.8631302e-01
9.7400000e-06 7.8231260e-01
9.7500000e-06 7.7832040e-01
9.7600000e-06 7.7752294e-01
9.7700000e-06 7.7672711e-01
9.7800000e-06 7.7593291e-01
9.7900000e-06 7.7831714e-01
9.8000000e-06 7.8069650e-01
9.8100000e-06 7.8307101e-01
9.8200000e-06 7.8544068e-01
9.8300000e-06 7.8780554e-01
9.8400000e-06 7.9016559e-01
9.8500000e-06 7.9252084e-01
9.8600000e-06 7.9487132e-01
9.8700000e-06 7.9721703e-01
9.8800000e-06 7.9955800e-01
9.8900000e-06 8.0189423e-01
9.9000000e-06 8.0736725e-01
9.9100000e-06 8.1282922e-01
9.9200000e-06 8.2141536e-01
9.9300000e-06 8.2685219e-01
9.9400000e-06 8.3540694e-01
9.9500000e-06 8.4081877e-01
9.9600000e-06 8.4621974e-01
9.9700000e-06 8.5160988e-01
9.9800000e-06 8.5387288e-01
9.9900000e-06 8.5924457e-01
1.0000000e-05 8.6149541e-01
1.0010000e-05 8.6684875e-01
1.0020000e-05 8.7529528e-01
1.0030000e-05 8.8062418e-01
1.0040000e-05 8.8904017e-01
1.0050000e-05 9.0053403e-01
1.0060000e-05 9.1200503e-01
1.0070000e-05 9.2345326e-01
1.0080000e-05 9.3179336e-01
1.0090000e-05 9.4319928e-01
1.0100000e-05 9.5458261e-01
1.0110000e-05 9.6286718e-01
1.0120000e-05 9.7113537e-01
1.0130000e-05 9.7938723e-01
1.0140000e-05 9.8455567e-01
1.0150000e-05 9.8971392e-01
1.0160000e-05 9.9486202e-01
1.0170000e-05 1.0000000e+00
1.0180000e-05 9.9901768e-01
1.0190000e-05 9.9803729e-01
1.0200000e-05 9.9400971e-01
1.0210000e-05 9.8694390e-01
1.0220000e-05 9.7989192e-01
1.0230000e-05 9.7285372e-01
1.0240000e-05 9.6582927e-01
1.0250000e-05 9.6185276e-01
1.0260000e-05 9.5485273e-01
1.0270000e-05 9.4483800e-01
1.0280000e-05 9.3786813e-01
1.0290000e-05 9.2788937e-01
1.0300000e-05 9.2094950e-01
1.0310000e-05 9.1100650e-01
1.0320000e-05 9.0711009e-01
1.0330000e-05 9.0322122e-01
1.0340000e-05 8.9933988e-01
1.0350000e-05 8.9847095e-01
1.0360000e-05 8.9760370e-01
1.0370000e-05 8.9673812e-01
1.0380000e-05 8.9587421e-01
1.0390000e-05 8.9201861e-01
1.0400000e-05 8.8817043e-01
1.0410000e-05 8.8432964e-01
1.0420000e-05 8.8049622e-01
1.0430000e-05 8.7667016e-01
1.0440000e-05 8.6987240e-01
1.0450000e-05 8.6903999e-01
1.0460000e-05 8.6523585e-01
1.0470000e-05 8.6440945e-01
1.0480000e-05 8.6358463e-01
1.0490000e-05 8.6572620e-01
1.0500000e-05 8.6786370e-01
1.0510000e-05 8.6999712e-01
1.0520000e-05 8.7212649e-01
1.0530000e-05 8.7129826e-01
1.0540000e-05 8.7342235e-01
1.0550000e-05 8.7554241e-01
1.0560000e-05 8.7765847e-01
1.0570000e-05 8.7977051e-01
1.0580000e-05 8.8481816e-01
1.0590000e-05 8.8691946e-01
1.0600000e-05 8.9195084e-01
1.0610000e-05 8.9404145e-01
1.0620000e-05 8.9612813e-01
1.0630000e-05 8.9821088e-01
1.0640000e-05 9.0028972e-01
1.0650000e-05 9.0236465e-01
1.0660000e-05 9.0443569e-01
1.0670000e-05 9.0650284e-01
1.0680000e-05 9.1147820e-01
1.0690000e-05 9.1353490e-01
1.0700000e-05 9.1268113e-01
1.0710000e-05 9.1473287e-01
1.0720000e-05 9.1387957e-01
1.0730000e-05 9.1012936e-01
1.0740000e-05 9.0638614e-01
1.0750000e-05 9.0264988e-01
1.0760000e-05 8.9892057e-01
1.0770000e-05 8.9519818e-01
1.0780000e-05 8.9148270e-01
1.0790000e-05 8.8777410e-01
1.0800000e-05 8.8695209e-01
1.0810000e-05 8.8613160e-01
1.0820000e-05 8.8818701e-01
1.0830000e-05 8.9023863e-01
1.0840000e-05 8.9228647e-01
1.0850000e-05 8.9433053e-01
1.0860000e-05 8.9637082e-01
1.0870000e-05 8.9554620e-01
1.0880000e-05 8.9186454e-01
1.0890000e-05 8.8818965e-01
1.0900000e-05 8.8452150e-01
1.0910000e-05 8.7800940e-01
1.0920000e-05 8.7150922e-01
1.0930000e-05 8.6786641e-01
1.0940000e-05 8.6138738e-01
1.0950000e-05 8.5492020e-01
1.0960000e-05 8.5130248e-01
1.0970000e-05 8.4769137e-01
1.0980000e-05 8.4408683e-01
1.0990000e-05 8.4331878e-01
1.1000000e-05 8.4255213e-01
1.1010000e-05 8.4178687e-01
1.1020000e-05 8.4384522e-01
1.1030000e-05 8.4589984e-01
1.1040000e-05 8.4795074e-01
1.1050000e-05 8.4718336e-01
1.1060000e-05 8.4641737e-01
1.1070000e-05 8.4284329e-01
1.1080000e-05 8.3927566e-01
1.1090000e-05 8.3851887e-01
1.1100000e-05 8.3496157e-01
1.1110000e-05 8.3421003e-01
1.1120000e-05 8.3066299e-01
1.1130000e-05 8.2991666e-01
1.1140000e-05 8.2917168e-01
1.1150000e-05 8.2563870e-01
1.1160000e-05 8.2489889e-01
1.1170000e-05 8.1859174e-01
1.1180000e-05 8.1507771e-01
1.1190000e-05 8.0879061e-01
1.1200000e-05 8.0251474e-01
1.1210000e-05 7.9625007e-01
1.1220000e-05 7.8999657e-01
1.1230000e-05 7.8375420e-01
1.1240000e-05 7.8028992e-01
1.1250000e-05 7.7683180e-01
1.1260000e-05 7.7337983e-01
1.1270000e-05 7.7269360e-01
1.1280000e-05 7.7476576e-01
1.1290000e-05 7.7407952e-01
1.1300000e-05 7.7614679e-01
1.1310000e-05 7.7821040e-01
1.1320000e-05 7.8301780e-01
1.1330000e-05 7.8507170e-01
1.1340000e-05 7.8712198e-01
1.1350000e-05 7.8916865e-01
1.1360000e-05 7.9121172e-01
1.1370000e-05 7.9051584e-01
1.1380000e-05 7.9255413e-01
1.1390000e-05 7.9185830e-01
1.1400000e-05 7.9389184e-01
1.1410000e-05 7.9319605e-01
1.1420000e-05 7.9522486e-01
1.1430000e-05 7.9725011e-01
1.1440000e-05 7.9927183e-01
1.1450000e-05 8.0129001e-01
1.1460000e-05 8.0330467e-01
1.1470000e-05 8.0802732e-01
1.1480000e-05 8.1003261e-01
1.1490000e-05 8.1474118e-01
1.1500000e-05 8.1673714e-01
1.1510000e-05 8.2143170e-01
1.1520000e-05 8.2611812e-01
1.1530000e-05 8.3079641e-01
1.1540000e-05 8.3546659e-01
1.1550000e-05 8.4012868e-01
1.1560000e-05 8.4478271e-01
1.1570000e-05 8.4674062e-01
1.1580000e-05 8.4869516e-01
1.1590000e-05 8.5064632e-01
1.1600000e-05 8.4991300e-01
1.1610000e-05 8.5185975e-01
1.1620000e-05 8.5112666e-01
1.1630000e-05 8.5306902e-01
1.1640000e-05 8.5233614e-01
1.1650000e-05 8.5427413e-01
1.1660000e-05 8.5354147e-01
1.1670000e-05 8.5547511e-01
1.1680000e-05 8.5474268e-01
1.1690000e-05 8.5401151e-01
1.1700000e-05 8.5328158e-01
1.1710000e-05 8.4989698e-01
1.1720000e-05 8.4651815e-01
1.1730000e-05 8.4049368e-01
1.1740000e-05 8.3447947e-01
1.1750000e-05 8.3112239e-01
1.1760000e-05 8.2512638e-01
1.1770000e-05 8.1914056e-01
1.1780000e-05 8.1580505e-01
1.1790000e-05 8.1247520e-01
1.1800000e-05 8.0915099e-01
1.1810000e-05 8.0846585e-01
1.1820000e-05 8.0515065e-01
1.1830000e-05 8.0447005e-01
1.1840000e-05 8.0379060e-01
1.1850000e-05 8.0048775e-01
1.1860000e-05 7.9719046e-01
1.1870000e-05 7.9389873e-01
1.1880000e-05 7.9061255e-01
1.1890000e-05 7.8733189e-01
1.1900000e-05 7.8144322e-01
1.1910000e-05 7.7817577e-01
1.1920000e-05 7.7491380e-01
1.1930000e-05 7.7165730e-01
1.1940000e-05 7.6840625e-01
1.1950000e-05 7.6776323e-01
1.1960000e-05 7.6452088e-01
1.1970000e-05 7.6388218e-01
1.1980000e-05 7.6324455e-01
1.1990000e-05 7.6001408e-01
1.2000000e-05 7.5938073e-01
1.2010000e-05 7.5615886e-01
1.2020000e-05 7.5294234e-01
1.2030000e-05 7.4973118e-01
1.2040000e-05 7.4652534e-01
1.2050000e-05 7.4332483e-01
1.2060000e-05 7.3755078e-01
1.2070000e-05 7.3436300e-01
1.2080000e-05 7.2860593e-01
1.2090000e-05 7.2800328e-01
1.2100000e-05 7.2483130e-01
1.2110000e-05 7.2423276e-01
1.2120000e-05 7.2363521e-01
1.2130000e-05 7.2560261e-01
1.2140000e-05 7.2756677e-01
1.2150000e-05 7.2952769e-01
1.2160000e-05 7.3148539e-01
1.2170000e-05 7.3343988e-01
1.2180000e-05 7.3539115e-01
1.2190000e-05 7.3733922e-01
1.2200000e-05 7.4183336e-01
1.2210000e-05 7.4122580e-01
1.2220000e-05 7.4316431e-01
1.2230000e-05 7.4509966e-01
1.2240000e-05 7.4449092e-01
1.2250000e-05 7.4642202e-01
1.2260000e-05 7.4581319e-01
1.2270000e-05 7.4520536e-01
1.2280000e-05 7.4713116e-01
1.2290000e-05 7.4652324e-01
1.2300000e-05 7.4844484e-01
1.2310000e-05 7.5036332e-01
1.2320000e-05 7.5480311e-01
1.2330000e-05 7.5923570e-01
1.2340000e-05 7.6366110e-01
1.2350000e-05 7.6807934e-01
1.2360000e-05 7.7249042e-01
1.2370000e-05 7.7689438e-01
1.2380000e-05 7.8129122e-01
1.2390000e-05 7.8819113e-01
1.2400000e-05 7.9257177e-01
1.2410000e-05 7.9945146e-01
1.2420000e-05 8.0632008e-01
1.2430000e-05 8.1067556e-01
1.2440000e-05 8.1752412e-01
1.2450000e-05 8.2186360e-01
1.2460000e-05 8.2869218e-01
1.2470000e-05 8.3301575e-01
1.2480000e-05 8.3733239e-01
1.2490000e-05 8.3915206e-01
1.2500000e-05 8.4096881e-01
1.2510000e-05 8.4278265e-01
1.2520000e-05 8.4459360e-01
1.2530000e-05 8.4143743e-01
1.2540000e-05 8.4076643e-01
1.2550000e-05 8.3761833e-01
1.2560000e-05 8.3447525e-01
1.2570000e-05 8.3133717e-01
1.2580000e-05 8.2820408e-01
1.2590000e-05 8.2507597e-01
1.2600000e-05 8.2442114e-01
1.2610000e-05 8.2376736e-01
1.2620000e-05 8.2311461e-01
1.2630000e-05 8.2492536e-01
1.2640000e-05 8.2673325e-01
1.2650000e-05 8.2853827e-01
1.2660000e-05 8.3034045e-01
1.2670000e-05 8.2943962e-01
1.2680000e-05 8.3123824e-01
1.2690000e-05 8.3058321e-01
1.2700000e-05 8.2992921e-01
1.2710000e-05 8.2927623e-01
1.2720000e-05 8.2862429e-01
1.2730000e-05 8.2821768e-01
1.2740000e-05 8.2756758e-01
1.2750000e-05 8.2691851e-01
1.2760000e-05 8.2870783e-01
1.2770000e-05 8.2805888e-01
1.2780000e-05 8.2984451e-01
1.2790000e-05 8.3162735e-01
1.2800000e-05 8.3340740e-01
1.2810000e-05 8.3518467e-01
1.2820000e-05 8.3938514e-01
1.2830000e-05 8.4357905e-01
1.2840000e-05 8.4776644e-01
1.2850000e-05 8.5194731e-01
1.2860000e-05 8.5854010e-01
1.2870000e-05 8.6270610e-01
1.2880000e-05 8.6686563e-01
1.2890000e-05 8.7343151e-01
1.2900000e-05 8.7516535e-01
1.2910000e-05 8.7930557e-01
1.2920000e-05 8.8103218e-01
1.2930000e-05 8.8275613e-01
1.2940000e-05 8.8207393e-01
1.2950000e-05 8.8379441e-01
1.2960000e-05 8.8311247e-01
1.2970000e-05 8.8003367e-01
1.2980000e-05 8.7935568e-01
1.2990000e-05 8.7867873e-01
1.3000000e-05 8.7800282e-01
1.3010000e-05 8.7732796e-01
1.3020000e-05 8.7665412e-01
1.3030000e-05 8.7836820e-01
1.3040000e-05 8.8007964e-01
1.3050000e-05 8.8178846e-01
1.3060000e-05 8.8349467e-01
1.3070000e-05 8.8757783e-01
1.3080000e-05 8.9403249e-01
1.3090000e-05 8.9810136e-01
1.3100000e-05 9.0453813e-01
1.3110000e-05 9.1096509e-01
1.3120000e-05 9.1738224e-01
1.3130000e-05 9.2378963e-01
1.3140000e-05 9.2782037e-01
1.3150000e-05 9.3421007e-01
1.3160000e-05 9.4059006e-01
1.3170000e-05 9.4459886e-01
1.3180000e-05 9.4860158e-01
1.3190000e-05 9.5259823e-01
1.3200000e-05 9.5658882e-01
1.3210000e-05 9.6057338e-01
1.3220000e-05 9.6219934e-01
1.3230000e-05 9.6382284e-01
1.3240000e-05 9.6544389e-01
1.3250000e-05 9.6706249e-01
1.3260000e-05 9.6867865e-01
1.3270000e-05 9.7029238e-01
1.3280000e-05 9.6956173e-01
1.3290000e-05 9.6883219e-01
1.3300000e-05 9.6810375e-01
1.3310000e-05 9.6737639e-01
1.3320000e-05 9.6431523e-01
1.3330000e-05 9.6125866e-01
1.3340000e-05 9.5587527e-01
1.3350000e-05 9.5282961e-01
1.3360000e-05 9.4978850e-01
1.3370000e-05 9.4442576e-01
1.3380000e-05 9.4139548e-01
1.3390000e-05 9.3836973e-01
1.3400000e-05 9.3534849e-01
1.3410000e-05 9.3465099e-01
1.3420000e-05 9.3395452e-01
1.3430000e-05 9.3325910e-01
1.3440000e-05 9.3256471e-01
1.3450000e-05 9.3418369e-01
1.3460000e-05 9.3348965e-01
1.3470000e-05 9.3510554e-01
1.3480000e-05 9.3441184e-01
1.3490000e-05 9.3602465e-01
1.3500000e-05 9.3533129e-01
1.3510000e-05 9.3463897e-01
1.3520000e-05 9.3394767e-01
1.3530000e-05 9.3325739e-01
1.3540000e-05 9.3256813e-01
1.3550000e-05 9.3187989e-01
1.3560000e-05 9.3119266e-01
1.3570000e-05 9.3279833e-01
1.3580000e-05 9.3211144e-01
1.3590000e-05 9.3371408e-01
1.3600000e-05 9.3302752e-01
1.3610000e-05 9.3462713e-01
1.3620000e-05 9.3394091e-01
1.3630000e-05 9.3553750e-01
1.3640000e-05 9.3485162e-01
1.3650000e-05 9.3416675e-01
1.3660000e-05 9.3120609e-01
1.3670000e-05 9.3052489e-01
1.3680000e-05 9.2757122e-01
1.3690000e-05 9.2462187e-01
1.3700000e-05 9.2167682e-01
1.3710000e-05 9.1873607e-01
1.3720000e-05 9.1579961e-01
1.3730000e-05 9.1286742e-01
1.3740000e-05 9.0993951e-01
1.3750000e-05 9.0701585e-01
1.3760000e-05 9.0635668e-01
1.3770000e-05 9.0569847e-01
1.3780000e-05 9.0504121e-01
1.3790000e-05 9.0438491e-01
1.3800000e-05 9.0598325e-01
1.3810000e-05 9.0532721e-01
1.3820000e-05 9.0692256e-01
1.3830000e-05 9.0851559e-01
1.3840000e-05 9.0785915e-01
1.3850000e-05 9.0720366e-01
1.3860000e-05 9.0879304e-01
1.3870000e-05 9.0813782e-01
1.3880000e-05 9.0748354e-01
1.3890000e-05 9.0683021e-01
1.3900000e-05 9.0617781e-01
1.3910000e-05 9.0776222e-01
1.3920000e-05 9.0711009e-01
1.3930000e-05 9.0645890e-01
1.3940000e-05 9.0803970e-01
1.3950000e-05 9.0961823e-01
1.3960000e-05 9.1119450e-01
1.3970000e-05 9.1276851e-01
1.3980000e-05 9.1434028e-01
1.3990000e-05 9.1590979e-01
1.4000000e-05 9.1969856e-01
1.4010000e-05 9.2126201e-01
1.4020000e-05 9.2282323e-01
1.4030000e-05 9.2438222e-01
1.4040000e-05 9.2593899e-01
1.4050000e-05 9.2527996e-01
1.4060000e-05 9.2683388e-01
1.4070000e-05 9.2617515e-01
1.4080000e-05 9.2330849e-01
1.4090000e-05 9.2265319e-01
1.4100000e-05 9.1979309e-01
1.4110000e-05 9.1914122e-01
1.4120000e-05 9.1628765e-01
1.4130000e-05 9.1343813e-01
1.4140000e-05 9.1279213e-01
1.4150000e-05 9.1214705e-01
1.4160000e-05 9.0930648e-01
1.4170000e-05 9.1085961e-01
1.4180000e-05 9.1021726e-01
1.4190000e-05 9.1176756e-01
1.4200000e-05 9.1112547e-01
1.4210000e-05 9.1267295e-01
1.4220000e-05 9.1421825e-01
1.4230000e-05 9.1357579e-01
1.4240000e-05 9.1511829e-01
1.4250000e-05 9.1447610e-01
1.4260000e-05 9.1383481e-01
1.4270000e-05 9.1101496e-01
1.4280000e-05 9.0819906e-01
1.4290000e-05 9.0756351e-01
1.4300000e-05 9.0475396e-01
1.4310000e-05 9.0194834e-01
1.4320000e-05 9.0131849e-01
1.4330000e-05 8.9851918e-01
1.4340000e-05 8.9789260e-01
1.4350000e-05 8.9726689e-01
1.4360000e-05 8.9880785e-01
1.4370000e-05 8.9818238e-01
1.4380000e-05 8.9972056e-01
1.4390000e-05 9.0125661e-01
1.4400000e-05 9.0279052e-01
1.4410000e-05 9.0216402e-01
1.4420000e-05 9.0369517e-01
1.4430000e-05 9.0522421e-01
1.4440000e-05 9.0459732e-01
1.4450000e-05 9.0397130e-01
1.4460000e-05 9.0334615e-01
1.4470000e-05 9.0057252e-01
1.4480000e-05 8.9780273e-01
1.4490000e-05 8.9503675e-01
1.4500000e-05 8.9227460e-01
1.4510000e-05 8.8951625e-01
1.4520000e-05 8.8676170e-01
1.4530000e-05 8.8401094e-01
1.4540000e-05 8.8126396e-01
1.4550000e-05 8.7852076e-01
1.4560000e-05 8.7578133e-01
1.4570000e-05 8.7304566e-01
1.4580000e-05 8.7031374e-01
1.4590000e-05 8.6758557e-01
1.4600000e-05 8.6486113e-01
1.4610000e-05 8.6214042e-01
1.4620000e-05 8.5942344e-01
1.4630000e-05 8.5671017e-01
1.4640000e-05 8.5400060e-01
1.4650000e-05 8.5129474e-01
1.4660000e-05 8.4859256e-01
1.4670000e-05 8.4589407e-01
1.4680000e-05 8.4319926e-01
1.4690000e-05 8.4262526e-01
1.4700000e-05 8.3993634e-01
1.4710000e-05 8.3936534e-01
1.4720000e-05 8.3668229e-01
1.4730000e-05 8.3611428e-01
1.4740000e-05 8.3343707e-01
1.4750000e-05 8.3287203e-01
1.4760000e-05 8.3230775e-01
1.4770000e-05 8.2963856e-01
1.4780000e-05 8.2697297e-01
1.4790000e-05 8.2431100e-01
1.4800000e-05 8.2165262e-01
1.4810000e-05 8.2109782e-01
1.4820000e-05 8.1634662e-01
1.4830000e-05 8.1369899e-01
1.4840000e-05 8.1105492e-01
1.4850000e-05 8.0841442e-01
1.4860000e-05 8.0577747e-01
1.4870000e-05 8.0314407e-01
1.4880000e-05 8.0051421e-01
1.4890000e-05 7.9788787e-01
1.4900000e-05 7.9526507e-01
1.4910000e-05 7.9264578e-01
1.4920000e-05 7.9003001e-01
1.4930000e-05 7.8533462e-01
1.4940000e-05 7.8272724e-01
1.4950000e-05 7.8012335e-01
1.4960000e-05 7.7544400e-01
1.4970000e-05 7.7284845e-01
1.4980000e-05 7.7025637e-01
1.4990000e-05 7.6559296e-01
1.5000000e-05 7.6300917e-01
1.5010000e-05 7.6042883e-01
1.5020000e-05 7.5785192e-01
1.5030000e-05 7.5527843e-01
1.5040000e-05 7.5270837e-01
1.5050000e-05 7.5014173e-01
1.5060000e-05 7.4757849e-01
1.5070000e-05 7.4501866e-01
1.5080000e-05 7.4246222e-01
1.5090000e-05 7.3990917e-01
1.5100000e-05 7.3529984e-01
1.5110000e-05 7.3275490e-01
1.5120000e-05 7.3021334e-01
1.5130000e-05 7.2561955e-01
1.5140000e-05 7.2103184e-01
1.5150000e-05 7.1645018e-01
1.5160000e-05 7.1187456e-01
1.5170000e-05 7.0525482e-01
1.5180000e-05 6.9864380e-01
1.5190000e-05 6.9204148e-01
1.5200000e-05 6.8544785e-01
1.5210000e-05 6.7886289e-01
1.5220000e-05 6.7024316e-01
1.5230000e-05 6.6367683e-01
1.5240000e-05 6.5507838e-01
1.5250000e-05 6.4853061e-01
1.5260000e-05 6.4199141e-01
1.5270000e-05 6.3342406e-01
1.5280000e-05 6.2690331e-01
1.5290000e-05 6.2039109e-01
1.5300000e-05 6.1388739e-01
1.5310000e-05 6.0739218e-01
1.5320000e-05 6.0293554e-01
1.5330000e-05 5.9645595e-01
1.5340000e-05 5.8998481e-01
1.5350000e-05 5.8352210e-01
1.5360000e-05 5.7706780e-01
1.5370000e-05 5.7062191e-01
1.5380000e-05 5.6438661e-01
1.5390000e-05 5.5795733e-01
1.5400000e-05 5.5153640e-01
1.5410000e-05 5.4512380e-01
1.5420000e-05 5.3871952e-01
1.5430000e-05 5.3413760e-01
1.5440000e-05 5.2774873e-01
1.5450000e-05 5.2338113e-01
1.5460000e-05 5.2103089e-01
1.5470000e-05 5.1667329e-01
1.5480000e-05 5.1433042e-01
1.5490000e-05 5.1199057e-01
1.5500000e-05 5.0965374e-01
1.5510000e-05 5.0932515e-01
1.5520000e-05 5.0899697e-01
1.5530000e-05 5.0666659e-01
1.5540000e-05 5.0634055e-01
1.5550000e-05 5.0601493e-01
1.5560000e-05 5.0568972e-01
1.5570000e-05 5.0536494e-01
1.5580000e-05 5.0703678e-01
1.5590000e-05 5.0671155e-01
1.5600000e-05 5.0638673e-01
1.5610000e-05 5.0606233e-01
1.5620000e-05 5.0772945e-01
1.5630000e-05 5.0740460e-01
1.5640000e-05 5.0906873e-01
1.5650000e-05 5.0874344e-01
1.5660000e-05 5.1040458e-01
1.5670000e-05 5.1007886e-01
1.5680000e-05 5.1173703e-01
1.5690000e-05 5.1141088e-01
1.5700000e-05 5.1108514e-01
1.5710000e-05 5.1273950e-01
1.5720000e-05 5.1241333e-01
1.5730000e-05 5.1208758e-01
1.5740000e-05 5.1176224e-01
1.5750000e-05 5.0946265e-01
1.5760000e-05 5.0913938e-01
1.5770000e-05 5.0881653e-01
1.5780000e-05 5.0652318e-01
1.5790000e-05 5.0620239e-01
1.5800000e-05 5.0391360e-01
1.5810000e-05 5.0162770e-01
1.5820000e-05 5.0131062e-01
1.5830000e-05 4.9902925e-01
1.5840000e-05 4.9675076e-01
1.5850000e-05 4.9447515e-01
1.5860000e-05 4.9024145e-01
1.5870000e-05 4.8797281e-01
1.5880000e-05 4.8570702e-01
1.5890000e-05 4.8148683e-01
1.5900000e-05 4.7922797e-01
1.5910000e-05 4.7501715e-01
1.5920000e-05 4.7081163e-01
1.5930000e-05 4.6856373e-01
1.5940000e-05 4.6436753e-01
1.5950000e-05 4.6017658e-01
1.5960000e-05 4.5793957e-01
1.5970000e-05 4.5375791e-01
1.5980000e-05 4.5152771e-01
1.5990000e-05 4.4930031e-01
1.6000000e-05 4.4707569e-01
1.6010000e-05 4.4485385e-01
1.6020000e-05 4.4263478e-01
1.6030000e-05 4.4041848e-01
1.6040000e-05 4.4014391e-01
1.6050000e-05 4.3793192e-01
1.6060000e-05 4.3765924e-01
1.6070000e-05 4.3738689e-01
1.6080000e-05 4.3711488e-01
1.6090000e-05 4.3684322e-01
1.6100000e-05 4.3464015e-01
1.6110000e-05 4.3437036e-01
1.6120000e-05 4.3410089e-01
1.6130000e-05 4.3190363e-01
1.6140000e-05 4.3163603e-01
1.6150000e-05 4.3136876e-01
1.6160000e-05 4.2917726e-01
1.6170000e-05 4.2698848e-01
1.6180000e-05 4.2672458e-01
1.6190000e-05 4.2454001e-01
1.6200000e-05 4.2235814e-01
1.6210000e-05 4.2017896e-01
1.6220000e-05 4.1800247e-01
1.6230000e-05 4.1582866e-01
1.6240000e-05 4.1174244e-01
1.6250000e-05 4.0957516e-01
1.6260000e-05 4.0549782e-01
1.6270000e-05 4.0142549e-01
1.6280000e-05 3.9735816e-01
1.6290000e-05 3.9329583e-01
1.6300000e-05 3.8733044e-01
1.6310000e-05 3.8137238e-01
1.6320000e-05 3.7561218e-01
1.6330000e-05 3.6966859e-01
1.6340000e-05 3.6373227e-01
1.6350000e-05 3.5590102e-01
1.6360000e-05 3.4807934e-01
1.6370000e-05 3.4026722e-01
1.6380000e-05 3.3246463e-01
1.6390000e-05 3.2467157e-01
1.6400000e-05 3.1688801e-01
1.6410000e-05 3.0721869e-01
1.6420000e-05 2.9945524e-01
1.6430000e-05 2.8980831e-01
1.6440000e-05 2.8206489e-01
1.6450000e-05 2.7244026e-01
1.6460000e-05 2.6282732e-01
1.6470000e-05 2.5511439e-01
1.6480000e-05 2.4552363e-01
1.6490000e-05 2.3594450e-01
1.6500000e-05 2.2826188e-01
1.6510000e-05 2.1870482e-01
1.6520000e-05 2.1104194e-01
1.6530000e-05 2.0150685e-01
1.6540000e-05 1.9386364e-01
1.6550000e-05 1.8465113e-01
1.6560000e-05 1.7644512e-01
1.6570000e-05 1.6845548e-01
1.6580000e-05 1.6083189e-01
1.6590000e-05 1.5304876e-01
1.6600000e-05 1.4583707e-01
1.6610000e-05 1.3884004e-01
1.6620000e-05 1.3201984e-01
1.6630000e-05 1.2539486e-01
1.6640000e-05 1.1898344e-01
1.6650000e-05 1.1312141e-01
1.6660000e-05 1.0726643e-01
1.6670000e-05 1.0160504e-01
1.6680000e-05 9.6491156e-02
1.6690000e-05 9.1588382e-02
1.6700000e-05 8.6859089e-02
1.6710000e-05 8.2507700e-02
1.6720000e-05 7.8180117e-02
1.6730000e-05 7.4210916e-02
1.6740000e-05 7.0636612e-02
1.6750000e-05 6.6880898e-02
1.6760000e-05 6.3686366e-02
1.6770000e-05 6.0681098e-02
1.6780000e-05 5.7679413e-02
1.6790000e-05 5.5051773e-02
1.6800000e-05 5.2445773e-02
1.6810000e-05 4.9990886e-02
1.6820000e-05 4.7742312e-02
1.6830000e-05 4.5496410e-02
1.6840000e-05 4.3622546e-02
1.6850000e-05 4.1732448e-02
1.6860000e-05 3.9863038e-02
1.6870000e-05 3.8180202e-02
1.6880000e-05 3.6480934e-02
1.6890000e-05 3.4986230e-02
1.6900000e-05 3.3658922e-02
1.6910000e-05 3.2167655e-02
1.6920000e-05 3.1027393e-02
1.6930000e-05 2.9723145e-02
1.6940000e-05 2.8604031e-02
1.6950000e-05 2.7669725e-02
1.6960000e-05 2.6553142e-02
1.6970000e-05 2.5621145e-02
1.6980000e-05 2.4690245e-02
1.6990000e-05 2.3943496e-02
1.7000000e-05 2.3197625e-02
1.7010000e-05 2.2452632e-02
1.7020000e-05 2.1708513e-02
1.7030000e-05 2.0965269e-02
1.7040000e-05 2.0387162e-02
1.7050000e-05 1.9663806e-02
1.7060000e-05 1.9087140e-02
1.7070000e-05 1.8529369e-02
1.7080000e-05 1.7919445e-02
1.7090000e-05 1.7337533e-02
1.7100000e-05 1.6769033e-02
1.7110000e-05 1.6184837e-02
1.7120000e-05 1.5588608e-02
1.7130000e-05 1.5003969e-02
1.7140000e-05 1.4405495e-02
1.7150000e-05 1.3775077e-02
1.7160000e-05 1.3159893e-02
1.7170000e-05 1.2507387e-02
1.7180000e-05 1.1837538e-02
1.7190000e-05 1.1164849e-02
1.7200000e-05 1.0496560e-02
1.7210000e-05 9.8091679e-03
1.7220000e-05 9.1243807e-03
1.7230000e-05 8.4367782e-03
1.7240000e-05 7.7680134e-03
1.7250000e-05 7.0801915e-03
1.7260000e-05 6.4274028e-03
1.7270000e-05 5.7735693e-03
1.7280000e-05 5.1186927e-03
1.7290000e-05 4.4879577e-03
1.7300000e-05 3.9100864e-03
1.7310000e-05 3.3185092e-03
1.7320000e-05 2.7886677e-03
1.7330000e-05 2.2432860e-03
1.7340000e-05 1.7512650e-03
1.7350000e-05 1.1836274e-03
1.7360000e-05 1.2546067e-03
1.7370000e-05 7.9211548e-04
1.7380000e-05 4.1229294e-03
1.7390000e-05 4.4156507e-03
1.7400000e-05 4.4434989e-03
1.7410000e-05 4.1890667e-03
1.7420000e-05 3.6224892e-03
1.7430000e-05 2.8370889e-03
1.7440000e-05 1.8885247e-03
1.7450000e-05 7.7939434e-04
1.7460000e-05 2.0235190e-03
1.7470000e-05 4.1711190e-04
1.7480000e-05 1.1442220e-03
1.7490000e-05 1.5653595e-03
1.7500000e-05 1.7949672e-03
1.7510000e-05 2.4244861e-03
1.7520000e-05 2.3574211e-03
1.7530000e-05 1.9480210e-03
1.7540000e-05 1.6327095e-03
1.7550000e-05 1.3629468e-03
1.7560000e-05 1.1186412e-03
1.7570000e-05 8.9054477e-04
1.7580000e-05 6.4271691e-04
1.7590000e-05 7.4154206e-04
1.7600000e-05 6.7061353e-04
1.7610000e-05 6.1071535e-04
1.7620000e-05 5.5971061e-04
1.7630000e-05 5.1793700e-04
1.7640000e-05 4.6686638e-04
1.7650000e-05 3.8484081e-04
1.7660000e-05 3.6031980e-04
1.7670000e-05 3.2913818e-04
1.7680000e-05 2.9816773e-04
1.7690000e-05 2.6828717e-04
1.7700000e-05 2.4019748e-04
1.7710000e-05 2.0880288e-04
1.7720000e-05 1.9481952e-04
1.7730000e-05 1.8155358e-04
1.7740000e-05 1.7051157e-04
1.7750000e-05 1.6081365e-04
1.7760000e-05 1.5179209e-04
1.7770000e-05 1.4204561e-04
1.7780000e-05 1.3374444e-04
1.7790000e-05 1.2632672e-04
1.7800000e-05 1.1979095e-04
1.7810000e-05 1.1422297e-04
1.7820000e-05 1.0892302e-04
1.7830000e-05 1.0416976e-04
1.7840000e-05 9.9840221e-05
1.7850000e-05 9.5985969e-05
1.7860000e-05 9.2310170e-05
1.7870000e-05 8.9038776e-05
1.7880000e-05 8.5718860e-05
1.7890000e-05 8.4088953e-05
1.7900000e-05 8.2408744e-05
1.7910000e-05 8.0886696e-05
1.7920000e-05 7.9331637e-05
1.7930000e-05 7.7951770e-05
1.7940000e-05 7.6538768e-05
1.7950000e-05 7.5127341e-05
1.7960000e-05 8.4332666e-05
1.7970000e-05 8.7037570e-05
1.7980000e-05 8.7646468e-05
1.7990000e-05 8.7182839e-05
1.8000000e-05 8.6581498e-05
1.8010000e-05 8.5514571e-05
1.8020000e-05 8.5035638e-05
1.8030000e-05 8.3056527e-05
1.8040000e-05 7.9441811e-05
1.8050000e-05 6.8835549e-05
1.8060000e-05 6.9159072e-05
1.8070000e-05 6.9378970e-05
1.8080000e-05 6.9443807e-05
1.8090000e-05 6.9732074e-05
1.8100000e-05 6.9831010e-05
1.8110000e-05 7.0153091e-05
1.8120000e-05 7.0286014e-05
1.8130000e-05 7.0504562e-05
1.8140000e-05 7.0517130e-05
1.8150000e-05 7.0426871e-05
1.8160000e-05 7.0490846e-05
1.8170000e-05 7.0537634e-05
1.8180000e-05 7.0464620e-05
1.8190000e-05 8.0855546e-05
1.8200000e-05 8.4707279e-05
1.8210000e-05 8.6266191e-05
1.8220000e-05 8.6338332e-05
1.8230000e-05 8.5659740e-05
1.8240000e-05 8.4606772e-05
1.8250000e-05 8.2668795e-05
1.8260000e-05 8.0136811e-05
1.8270000e-05 7.6637291e-05
1.8280000e-05 7.2818341e-05
1.8290000e-05 6.7167099e-05
1.8300000e-05 6.6416604e-05
1.8310000e-05 6.5497071e-05
1.8320000e-05 6.4408778e-05
1.8330000e-05 6.3508311e-05
1.8340000e-05 6.2608826e-05
1.8350000e-05 6.1727270e-05
1.8360000e-05 6.0829736e-05
1.8370000e-05 5.9950108e-05
1.8380000e-05 5.9071438e-05
1.8390000e-05 5.8041516e-05
1.8400000e-05 5.6708466e-05
1.8410000e-05 5.5376864e-05
1.8420000e-05 5.4063593e-05
1.8430000e-05 5.2903622e-05
1.8440000e-05 5.1576250e-05
1.8450000e-05 4.8092638e-05
1.8460000e-05 5.3710577e-05
1.8470000e-05 5.4927554e-05
1.8480000e-05 5.5099786e-05
1.8490000e-05 5.4750398e-05
1.8500000e-05 5.4115596e-05
1.8510000e-05 5.3246249e-05
1.8520000e-05 5.2058771e-05
1.8530000e-05 5.0990063e-05
1.8540000e-05 4.9737983e-05
1.8550000e-05 4.8168699e-05
1.8560000e-05 4.6550834e-05
1.8570000e-05 4.4783981e-05
1.8580000e-05 4.3002291e-05
1.8590000e-05 4.1657496e-05
1.8600000e-05 4.1016425e-05
1.8610000e-05 4.0793842e-05
1.8620000e-05 4.0270844e-05
1.8630000e-05 3.9280976e-05
1.8640000e-05 3.7140902e-05
1.8650000e-05 3.3185429e-05
1.8660000e-05 3.2800968e-05
1.8670000e-05 3.2416918e-05
1.8680000e-05 3.2199772e-05
1.8690000e-05 3.1849736e-05
1.8700000e-05 3.1483442e-05
1.8710000e-05 3.1317011e-05
1.8720000e-05 3.0984621e-05
1.8730000e-05 3.0835240e-05
1.8740000e-05 3.4453311e-05
1.8750000e-05 3.5314055e-05
1.8760000e-05 3.5527327e-05
1.8770000e-05 3.5177010e-05
1.8780000e-05 3.4346807e-05
1.8790000e-05 3.2623687e-05
1.8800000e-05 2.9082666e-05
1.8810000e-05 2.8802657e-05
1.8820000e-05 2.8688200e-05
1.8830000e-05 2.8392181e-05
1.8840000e-05 2.8112984e-05
1.8850000e-05 2.7834084e-05
1.8860000e-05 2.7703893e-05
1.8870000e-05 2.7425504e-05
1.8880000e-05 2.7130938e-05
1.8890000e-05 2.6836684e-05
1.8900000e-05 2.6690840e-05
1.8910000e-05 2.6216215e-05
1.8920000e-05 2.8322876e-05
1.8930000e-05 2.9178674e-05
1.8940000e-05 2.9721574e-05
1.8950000e-05 3.0034131e-05
1.8960000e-05 3.0051097e-05
1.8970000e-05 2.9772939e-05
1.8980000e-05 2.9200124e-05
1.8990000e-05 2.7530617e-05
1.9000000e-05 2.3734911e-05
1.9010000e-05 2.3411580e-05
1.9020000e-05 2.3088589e-05
1.9030000e-05 2.2765937e-05
1.9040000e-05 2.2443624e-05
1.9050000e-05 2.2121650e-05
1.9060000e-05 2.1946870e-05
1.9070000e-05 2.1609185e-05
1.9080000e-05 2.1777162e-05
1.9090000e-05 2.4616808e-05
1.9100000e-05 2.4799318e-05
1.9110000e-05 2.4623594e-05
1.9120000e-05 2.4155263e-05
1.9130000e-05 2.3362268e-05
1.9140000e-05 2.2570102e-05
1.9150000e-05 2.1811244e-05
1.9160000e-05 2.1101875e-05
1.9170000e-05 2.0425694e-05
1.9180000e-05 2.0090739e-05
1.9190000e-05 1.9918201e-05
1.9200000e-05 1.9891628e-05
1.9210000e-05 2.0043173e-05
1.9220000e-05 2.0307831e-05
1.9230000e-05 2.0653079e-05
1.9240000e-05 2.0965639e-05
1.9250000e-05 2.1374812e-05
1.9260000e-05 2.1541342e-05
1.9270000e-05 2.1594721e-05
1.9280000e-05 2.1551258e-05
1.9290000e-05 2.1507840e-05
1.9300000e-05 2.1254979e-05
1.9310000e-05 2.0905744e-05
1.9320000e-05 2.0476380e-05
1.9330000e-05 2.0015283e-05
1.9340000e-05 1.9667230e-05
1.9350000e-05 1.9239172e-05
1.9360000e-05 1.9036460e-05
1.9370000e-05 1.8737620e-05
1.9380000e-05 1.8599568e-05
1.9390000e-05 1.8301262e-05
1.9400000e-05 1.8083420e-05
1.9410000e-05 1.7673525e-05
1.9420000e-05 1.7344126e-05
1.9430000e-05 1.6806981e-05
1.9440000e-05 1.6398375e-05
1.9450000e-05 1.6086130e-05
1.9460000e-05 1.5815759e-05
1.9470000e-05 1.5916258e-05
1.9480000e-05 1.6013460e-05
1.9490000e-05 1.6292476e-05
1.9500000e-05 1.6427664e-05
1.9510000e-05 1.6658359e-05
1.9520000e-05 1.6681691e-05
1.9530000e-05 1.6768697e-05
1.9540000e-05 1.6632783e-05
1.9550000e-05 1.6544734e-05
1.9560000e-05 1.6202370e-05
1.9570000e-05 1.5892140e-05
1.9580000e-05 1.5332848e-05
1.9590000e-05 1.4785240e-05
1.9600000e-05 1.3950983e-05
1.9610000e-05 1.3207978e-05
1.9620000e-05 1.2809710e-05
1.9630000e-05 1.3161249e-05
1.9640000e-05 1.3537767e-05
1.9650000e-05 1.3784117e-05
1.9660000e-05 1.3933717e-05
1.9670000e-05 1.3969324e-05
1.9680000e-05 1.3951164e-05
1.9690000e-05 1.3880897e-05
1.9700000e-05 1.3790178e-05
1.9710000e-05 1.3713753e-05
1.9720000e-05 1.3613748e-05
1.9730000e-05 1.3523303e-05
1.9740000e-05 1.3436100e-05
1.9750000e-05 1.3363159e-05
1.9760000e-05 1.3266682e-05
1.9770000e-05 1.3160864e-05
1.9780000e-05 1.3036284e-05
1.9790000e-05 1.2910260e-05
1.9800000e-05 1.2762371e-05
1.9810000e-05 1.2583233e-05
1.9820000e-05 1.2427814e-05
1.9830000e-05 1.2283529e-05
1.9840000e-05 1.2172310e-05
1.9850000e-05 1.2108206e-05
1.9860000e-05 1.2073921e-05
1.9870000e-05 1.2070975e-05
1.9880000e-05 1.2055517e-05
1.9890000e-05 1.2066656e-05
1.9900000e-05 1.2037149e-05
1.9910000e-05 1.2001424e-05
1.9920000e-05 1.1918896e-05
1.9930000e-05 1.1736578e-05
1.9940000e-05 1.1437464e-05
1.9950000e-05 1.0844009e-05
1.9960000e-05 1.0103124e-05
1.9970000e-05 1.0654050e-05
1.9980000e-05 1.1512632e-05
1.9990000e-05 1.2133870e-05
2.0000000e-05 1.2399936e-05
2.0010000e-05 1.1751826e-05
2.0020000e-05 1.0733079e-05
2.0030000e-05 1.0123714e-05
2.0040000e-05 1.0037961e-05
2.0050000e-05 9.9662541e-06
2.0060000e-05 9.8791149e-06
2.0070000e-05 9.7920626e-06
2.0080000e-05 9.7035482e-06
2.0090000e-05 9.6306027e-06
2.0100000e-05 9.5577297e-06
2.0110000e-05 9.4818361e-06
2.0120000e-05 9.9145768e-06
2.0130000e-05 1.0601813e-05
2.0140000e-05 1.0891498e-05
2.0150000e-05 1.1031179e-05
2.0160000e-05 1.1047305e-05
2.0170000e-05 1.1014073e-05
2.0180000e-05 1.0956215e-05
2.0190000e-05 1.0896874e-05
2.0200000e-05 1.0783704e-05
2.0210000e-05 1.0619863e-05
2.0220000e-05 1.0439264e-05
2.0230000e-05 1.0268069e-05
2.0240000e-05 1.0058627e-05
2.0250000e-05 9.8002446e-06
2.0260000e-05 9.5006702e-06
2.0270000e-05 9.0402864e-06
2.0280000e-05 8.5972260e-06
2.0290000e-05 9.1754604e-06
2.0300000e-05 9.4788855e-06
2.0310000e-05 9.6074424e-06
2.0320000e-05 9.6639366e-06
2.0330000e-05 9.6438851e-06
2.0340000e-05 9.5963303e-06
2.0350000e-05 9.5534071e-06
2.0360000e-05 9.4448415e-06
2.0370000e-05 9.1516396e-06
2.0380000e-05 8.0621269e-06
2.0390000e-05 7.7043028e-06
2.0400000e-05 7.6578386e-06
2.0410000e-05 7.6114200e-06
2.0420000e-05 7.5665699e-06
2.0430000e-05 7.5552547e-06
2.0440000e-05 8.5238424e-06
2.0450000e-05 8.7295485e-06
2.0460000e-05 8.7754446e-06
2.0470000e-05 8.8015444e-06
2.0480000e-05 8.8291374e-06
2.0490000e-05 8.8536677e-06
2.0500000e-05 8.8660371e-06
2.0510000e-05 8.8662635e-06
2.0520000e-05 8.8952868e-06
2.0530000e-05 8.8773198e-06
2.0540000e-05 8.7564073e-06
2.0550000e-05 8.6235050e-06
2.0560000e-05 8.4771178e-06
2.0570000e-05 8.2794664e-06
2.0580000e-05 7.9565758e-06
2.0590000e-05 6.9512590e-06
2.0600000e-05 7.2830498e-06
2.0610000e-05 7.2734800e-06
2.0620000e-05 7.2805106e-06
2.0630000e-05 7.2573833e-06
2.0640000e-05 7.2508534e-06
2.0650000e-05 7.2443299e-06
2.0660000e-05 7.2393181e-06
2.0670000e-05 7.2343111e-06
2.0680000e-05 8.4083767e-06
2.0690000e-05 8.8011538e-06
2.0700000e-05 8.9426406e-06
2.0710000e-05 8.9653538e-06
2.0720000e-05 8.8979845e-06
2.0730000e-05 8.8231787e-06
2.0740000e-05 8.7649403e-06
2.0750000e-05 8.7037604e-06
2.0760000e-05 8.6531262e-06
2.0770000e-05 8.5860694e-06
2.0780000e-05 8.5115937e-06
2.0790000e-05 8.5463945e-06
2.0800000e-05 8.6155522e-06
2.0810000e-05 8.6726874e-06
2.0820000e-05 8.7521746e-06
2.0830000e-05 8.7449867e-06
2.0840000e-05 8.6318477e-06
2.0850000e-05 8.4949508e-06
2.0860000e-05 8.3089843e-06
2.0870000e-05 8.0963720e-06
2.0880000e-05 8.1073895e-06
2.0890000e-05 8.2568544e-06
2.0900000e-05 8.3287959e-06
2.0910000e-05 8.3887697e-06
2.0920000e-05 8.3847598e-06
2.0930000e-05 8.2856529e-06
2.0940000e-05 8.1495097e-06
2.0950000e-05 8.0194347e-06
2.0960000e-05 7.7885838e-06
2.0970000e-05 7.1886575e-06
2.0980000e-05 6.8027698e-06
2.0990000e-05 6.7758216e-06
2.1000000e-05 6.7651900e-06
2.1010000e-05 6.7530883e-06
2.1020000e-05 6.7276818e-06
2.1030000e-05 7.3929380e-06
2.1040000e-05 7.9082656e-06
2.1050000e-05 8.1261304e-06
2.1060000e-05 8.2433676e-06
2.1070000e-05 8.3191633e-06
2.1080000e-05 8.4155424e-06
2.1090000e-05 8.4336722e-06
2.1100000e-05 8.3338667e-06
2.1110000e-05 8.1487056e-06
2.1120000e-05 7.9107068e-06
2.1130000e-05 7.4757009e-06
2.1140000e-05 6.5011804e-06
2.1150000e-05 6.4878131e-06
2.1160000e-05 6.4759283e-06
2.1170000e-05 6.4596473e-06
2.1180000e-05 6.4316345e-06
2.1190000e-05 6.4153898e-06
2.1200000e-05 6.4006275e-06
2.1210000e-05 6.3712158e-06
2.1220000e-05 6.3550225e-06
2.1230000e-05 6.3403095e-06
2.1240000e-05 6.3241461e-06
2.1250000e-05 6.2933621e-06
2.1260000e-05 6.2947906e-06
2.1270000e-05 6.2962177e-06
2.1280000e-05 6.2260295e-06
2.1290000e-05 6.9812722e-06
2.1300000e-05 7.2919240e-06
2.1310000e-05 7.4519608e-06
2.1320000e-05 7.4893110e-06
2.1330000e-05 7.4303927e-06
2.1340000e-05 7.2549375e-06
2.1350000e-05 6.9631094e-06
2.1360000e-05 6.9088883e-06
2.1370000e-05 7.2578510e-06
2.1380000e-05 7.5584830e-06
2.1390000e-05 7.7919503e-06
2.1400000e-05 7.9743334e-06
2.1410000e-05 7.9909457e-06
2.1420000e-05 7.8405674e-06
2.1430000e-05 7.5872887e-06
2.1440000e-05 6.9744968e-06
2.1450000e-05 6.1766857e-06
2.1460000e-05 6.1810537e-06
2.1470000e-05 6.8720425e-06
2.1480000e-05 7.4190457e-06
2.1490000e-05 7.7600335e-06
2.1500000e-05 7.9126520e-06
2.1510000e-05 7.7311300e-06
2.1520000e-05 7.0511792e-06
2.1530000e-05 6.1465120e-06
2.1540000e-05 6.1494340e-06
2.1550000e-05 6.1350348e-06
2.1560000e-05 6.1307467e-06
2.1570000e-05 7.5726480e-06
2.1580000e-05 8.0216731e-06
2.1590000e-05 8.2455605e-06
2.1600000e-05 8.3007773e-06
2.1610000e-05 8.1818008e-06
2.1620000e-05 7.9838155e-06
2.1630000e-05 7.7644454e-06
2.1640000e-05 7.5524640e-06
2.1650000e-05 7.4038858e-06
2.1660000e-05 7.4019035e-06
2.1670000e-05 7.3654780e-06
2.1680000e-05 7.3635152e-06
2.1690000e-05 7.5594300e-06
2.1700000e-05 7.8196592e-06
2.1710000e-05 8.0495649e-06
2.1720000e-05 8.2678037e-06
2.1730000e-05 8.4028296e-06
2.1740000e-05 8.3560469e-06
2.1750000e-05 8.2006327e-06
2.1760000e-05 7.9610345e-06
2.1770000e-05 7.5059357e-06
2.1780000e-05 6.7970784e-06
2.1790000e-05 6.9580988e-06
2.1800000e-05 7.3529417e-06
2.1810000e-05 7.5577654e-06
2.1820000e-05 7.7966095e-06
2.1830000e-05 7.8557242e-06
2.1840000e-05 7.4961186e-06
2.1850000e-05 6.2116432e-06
2.1860000e-05 5.8516959e-06
2.1870000e-05 5.8490203e-06
2.1880000e-05 5.8207613e-06
2.1890000e-05 5.8195230e-06
2.1900000e-05 5.8182858e-06
2.1910000e-05 5.8014354e-06
2.1920000e-05 5.7874381e-06
2.1930000e-05 5.7691989e-06
2.1940000e-05 5.7679869e-06
2.1950000e-05 5.7384381e-06
2.1960000e-05 5.7372412e-06
2.1970000e-05 5.7091488e-06
2.1980000e-05 6.9729445e-06
2.1990000e-05 7.5482308e-06
2.2000000e-05 7.8925646e-06
2.2010000e-05 8.1588686e-06
2.2020000e-05 8.2667425e-06
2.2030000e-05 8.2488725e-06
2.2040000e-05 8.1646964e-06
2.2050000e-05 8.0143044e-06
2.2060000e-05 7.8457210e-06
2.2070000e-05 7.7745248e-06
2.2080000e-05 7.8315716e-06
2.2090000e-05 7.9195410e-06
2.2100000e-05 8.0144672e-06
2.2110000e-05 8.1402537e-06
2.2120000e-05 8.1154835e-06
2.2130000e-05 7.8785243e-06
2.2140000e-05 7.5279953e-06
2.2150000e-05 7.0668586e-06
2.2160000e-05 6.2272008e-06
2.2170000e-05 5.1119415e-06
2.2180000e-05 5.0843971e-06
2.2190000e-05 5.0470664e-06
2.2200000e-05 5.0209769e-06
2.2210000e-05 4.9949110e-06
2.2220000e-05 4.9674688e-06
2.2230000e-05 4.9414503e-06
2.2240000e-05 4.9056663e-06
2.2250000e-05 4.8796990e-06
2.2260000e-05 4.8677267e-06
2.2270000e-05 4.8445928e-06
2.2280000e-05 4.8214797e-06
2.2290000e-05 4.7969921e-06
2.2300000e-05 5.1881351e-06
2.2310000e-05 6.8210125e-06
2.2320000e-05 7.4422043e-06
2.2330000e-05 7.8093526e-06
2.2340000e-05 8.0954268e-06
2.2350000e-05 8.3840281e-06
2.2360000e-05 8.5916980e-06
2.2370000e-05 8.5405872e-06
2.2380000e-05 8.2685638e-06
2.2390000e-05 7.7286961e-06
2.2400000e-05 6.4409445e-06
2.2410000e-05 4.6588925e-06
2.2420000e-05 4.6526529e-06
2.2430000e-05 4.6588980e-06
2.2440000e-05 4.6595938e-06
2.2450000e-05 5.4596310e-06
2.2460000e-05 6.6619107e-06
2.2470000e-05 6.7516811e-06
2.2480000e-05 5.9185821e-06
2.2490000e-05 4.6644462e-06
2.2500000e-05 4.6734312e-06
2.2510000e-05 4.6520119e-06
2.2520000e-05 4.6623755e-06
2.2530000e-05 4.6589257e-06
2.2540000e-05 4.6596184e-06
2.2550000e-05 4.6741024e-06
2.2560000e-05 4.6899522e-06
2.2570000e-05 4.7168117e-06
2.2580000e-05 4.7298738e-06
2.2590000e-05 4.7470546e-06
2.2600000e-05 4.7642202e-06
2.2610000e-05 4.7813706e-06
2.2620000e-05 4.8067554e-06
2.2630000e-05 4.8238719e-06
2.2640000e-05 4.8629526e-06
2.2650000e-05 4.8717905e-06
2.2660000e-05 4.8888556e-06
2.2670000e-05 4.9059056e-06
2.2680000e-05 4.9243119e-06
2.2690000e-05 4.9536675e-06
2.2700000e-05 4.9624459e-06
2.2710000e-05 4.9808030e-06
2.2720000e-05 5.0100950e-06
2.2730000e-05 5.0284149e-06
2.2740000e-05 5.0494541e-06
2.2750000e-05 5.0677407e-06
2.2760000e-05 5.0641476e-06
2.2770000e-05 5.0824117e-06
2.2780000e-05 5.0924680e-06
2.2790000e-05 5.1011509e-06
2.2800000e-05 5.1111902e-06
2.2810000e-05 5.1198573e-06
2.2820000e-05 5.1394198e-06
2.2830000e-05 5.1494292e-06
2.2840000e-05 5.1607915e-06
2.2850000e-05 5.1707827e-06
2.2860000e-05 5.1902887e-06
2.2870000e-05 5.2002583e-06
2.2880000e-05 5.2251716e-06
2.2890000e-05 5.2446283e-06
2.2900000e-05 5.2477705e-06
2.2910000e-05 5.2685579e-06
2.2920000e-05 5.2920409e-06
2.2930000e-05 5.3127908e-06
2.2940000e-05 5.3267439e-06
2.2950000e-05 5.3284883e-06
2.2960000e-05 5.3288767e-06
2.2970000e-05 5.3360346e-06
2.2980000e-05 5.3282990e-06
2.2990000e-05 5.3205702e-06
2.3000000e-05 5.3412445e-06
2.3010000e-05 5.3335167e-06
2.3020000e-05 6.3566384e-06
2.3030000e-05 8.4511308e-06
2.3040000e-05 7.9885082e-06
2.3050000e-05 5.3445004e-06
2.3060000e-05 5.3394853e-06
2.3070000e-05 5.3506520e-06
2.3080000e-05 5.3469862e-06
2.3090000e-05 5.3527521e-06
2.3100000e-05 5.3598594e-06
2.3110000e-05 5.3817641e-06
2.3120000e-05 5.3888527e-06
2.3130000e-05 5.3959352e-06
2.3140000e-05 5.4137638e-06
2.3150000e-05 5.4302336e-06
2.3160000e-05 9.2027024e-06
2.3170000e-05 1.2452448e-05
2.3180000e-05 1.4732014e-05
2.3190000e-05 1.6442313e-05
2.3200000e-05 1.7025071e-05
2.3210000e-05 1.6749740e-05
2.3220000e-05 1.6193372e-05
2.3230000e-05 1.5650871e-05
2.3240000e-05 1.4961629e-05
2.3250000e-05 1.4139213e-05
2.3260000e-05 1.3477956e-05
2.3270000e-05 1.2930871e-05
2.3280000e-05 1.2182529e-05
2.3290000e-05 1.1141046e-05
2.3300000e-05 9.7747647e-06
2.3310000e-05 8.2909095e-06
2.3320000e-05 7.0643893e-06
2.3330000e-05 5.4576578e-06
2.3340000e-05 5.8763944e-06
2.3350000e-05 5.9138361e-06
2.3360000e-05 5.9472516e-06
2.3370000e-05 5.9859618e-06
2.3380000e-05 6.0100062e-06
2.3390000e-05 4.4410887e-06
2.3400000e-05 6.7491649e-06
2.3410000e-05 7.8409917e-06
2.3420000e-05 8.4046843e-06
2.3430000e-05 8.4183533e-06
2.3440000e-05 8.2953471e-06
2.3450000e-05 8.5743041e-06
2.3460000e-05 8.3373261e-06
2.3470000e-05 4.7492837e-06
2.3480000e-05 6.3446931e-06
2.3490000e-05 6.3856843e-06
2.3500000e-05 6.4173765e-06
2.3510000e-05 6.4556562e-06
2.3520000e-05 6.4952256e-06
2.3530000e-05 6.5400484e-06
2.3540000e-05 6.5848332e-06
2.3550000e-05 6.6309005e-06
2.3560000e-05 6.6676882e-06
2.3570000e-05 6.7084032e-06
2.3580000e-05 6.7530406e-06
2.3590000e-05 6.8095057e-06
2.3600000e-05 6.8646050e-06
2.3610000e-05 6.9196577e-06
2.3620000e-05 6.9746638e-06
2.3630000e-05 7.0204102e-06
2.3640000e-05 7.0792740e-06
2.3650000e-05 7.1315127e-06
2.3660000e-05 7.1889652e-06
2.3670000e-05 7.2397995e-06
2.3680000e-05 7.3024114e-06
2.3690000e-05 8.8195848e-06
2.3700000e-05 1.1887899e-05
2.3710000e-05 1.3943600e-05
2.3720000e-05 1.5642241e-05
2.3730000e-05 1.7051114e-05
2.3740000e-05 1.7987178e-05
2.3750000e-05 1.8058175e-05
2.3760000e-05 1.6296567e-05
2.3770000e-05 1.0842798e-05
2.3780000e-05 7.9282490e-06
2.3790000e-05 8.0033550e-06
2.3800000e-05 8.0875453e-06
2.3810000e-05 8.1703586e-06
2.3820000e-05 8.2596307e-06
2.3830000e-05 8.3553535e-06
2.3840000e-05 1.4428530e-05
2.3850000e-05 1.8882234e-05
2.3860000e-05 2.1038089e-05
2.3870000e-05 2.1902238e-05
2.3880000e-05 2.1880042e-05
2.3890000e-05 2.1311093e-05
2.3900000e-05 2.0885763e-05
2.3910000e-05 2.0434773e-05
2.3920000e-05 1.9100020e-05
2.3930000e-05 1.6531704e-05
2.3940000e-05 1.2297464e-05
2.3950000e-05 9.5003888e-06
2.3960000e-05 9.6015645e-06
2.3970000e-05 9.7013583e-06
2.3980000e-05 9.8010689e-06
2.3990000e-05 9.9071784e-06
2.4000000e-05 5.4439564e-06
2.4010000e-05 1.6748641e-05
2.4020000e-05 2.1661880e-05
2.4030000e-05 2.4797902e-05
2.4040000e-05 2.5602627e-05
2.4050000e-05 2.4712621e-05
2.4060000e-05 2.3784575e-05
2.4070000e-05 2.3206169e-05
2.4080000e-05 2.2563664e-05
2.4090000e-05 2.1831321e-05
2.4100000e-05 2.1344779e-05
2.4110000e-05 2.1258528e-05
2.4120000e-05 2.1082090e-05
2.4130000e-05 2.0905797e-05
2.4140000e-05 2.0691000e-05
2.4150000e-05 2.0759701e-05
2.4160000e-05 2.1085804e-05
2.4170000e-05 2.1797664e-05
2.4180000e-05 2.2637558e-05
2.4190000e-05 2.3425329e-05
2.4200000e-05 2.3544166e-05
2.4210000e-05 2.2776508e-05
2.4220000e-05 2.0442882e-05
2.4230000e-05 1.4825241e-05
2.4240000e-05 1.2435235e-05
2.4250000e-05 1.2610941e-05
2.4260000e-05 1.2742915e-05
2.4270000e-05 1.2917068e-05
2.4280000e-05 1.3039841e-05
2.4290000e-05 1.3226533e-05
2.4300000e-05 1.3400272e-05
2.4310000e-05 1.9599591e-05
2.4320000e-05 2.3939522e-05
2.4330000e-05 2.5514768e-05
2.4340000e-05 2.5580952e-05
2.4350000e-05 2.5021231e-05
2.4360000e-05 2.4117255e-05
2.4370000e-05 2.2920496e-05
2.4380000e-05 2.1928826e-05
2.4390000e-05 2.1677556e-05
2.4400000e-05 2.2165777e-05
2.4410000e-05 2.2882936e-05
2.4420000e-05 2.3433943e-05
2.4430000e-05 2.3717155e-05
2.4440000e-05 2.4165566e-05
2.4450000e-05 2.5618506e-05
2.4460000e-05 2.7782300e-05
2.4470000e-05 2.9817226e-05
2.4480000e-05 3.1583693e-05
2.4490000e-05 3.3386816e-05
2.4500000e-05 3.5023441e-05
2.4510000e-05 3.5542093e-05
2.4520000e-05 3.4538254e-05
2.4530000e-05 3.2685758e-05
2.4540000e-05 3.0910814e-05
2.4550000e-05 2.9124647e-05
2.4560000e-05 2.6884059e-05
2.4570000e-05 2.4025047e-05
2.4580000e-05 2.0636939e-05
2.4590000e-05 1.5367066e-05
2.4600000e-05 2.0948870e-05
2.4610000e-05 2.1407946e-05
2.4620000e-05 2.1803486e-05
2.4630000e-05 2.2261842e-05
2.4640000e-05 1.0666958e-05
2.4650000e-05 2.6634498e-05
2.4660000e-05 3.5250229e-05
2.4670000e-05 4.1198945e-05
2.4680000e-05 4.4962753e-05
2.4690000e-05 4.6556902e-05
2.4700000e-05 4.6437321e-05
2.4710000e-05 4.4643850e-05
2.4720000e-05 4.1606284e-05
2.4730000e-05 3.7363860e-05
2.4740000e-05 3.2986583e-05
2.4750000e-05 2.9216013e-05
2.4760000e-05 2.6930681e-05
2.4770000e-05 2.5689333e-05
2.4780000e-05 2.4838061e-05
2.4790000e-05 2.3059091e-05
2.4800000e-05 2.0855172e-05
2.4810000e-05 2.1247906e-05
2.4820000e-05 2.5086236e-05
2.4830000e-05 2.9171984e-05
2.4840000e-05 3.2816226e-05
2.4850000e-05 3.6757905e-05
2.4860000e-05 4.1447039e-05
2.4870000e-05 4.3893937e-05
2.4880000e-05 4.2026240e-05
2.4890000e-05 3.5786672e-05
2.4900000e-05 2.6841715e-05
2.4910000e-05 4.5084469e-06
2.4920000e-05 5.8332941e-05
2.4930000e-05 6.1203811e-05
2.4940000e-05 6.4795656e-05
2.4950000e-05 6.8783512e-05
2.4960000e-05 7.3303965e-05
2.4970000e-05 7.7409772e-05
2.4980000e-05 8.2072557e-05
2.4990000e-05 8.7241869e-05
2.5000000e-05 9.2556330e-05
2.5010000e-05 9.9445836e-05
2.5020000e-05 1.0589477e-04
2.5030000e-05 1.1295982e-04
2.5040000e-05 1.2064026e-04
2.5050000e-05 1.2986651e-04
2.5060000e-05 1.3688871e-04
2.5070000e-05 1.4638645e-04
2.5080000e-05 1.5600061e-04
2.5090000e-05 1.6697065e-04
2.5100000e-05 1.7743631e-04
2.5110000e-05 1.8975152e-04
2.5120000e-05 3.3379010e-05
2.5130000e-05 4.5147691e-05
2.5140000e-05 5.0832804e-05
2.5150000e-05 5.3001404e-05
2.5160000e-05 5.2263386e-05
2.5170000e-05 5.2378542e-05
2.5180000e-05 6.1361937e-05
2.5190000e-05 7.9993189e-05
2.5200000e-05 1.0097925e-04
2.5210000e-05 1.2120845e-04
2.5220000e-05 1.4156960e-04
2.5230000e-05 1.6271586e-04
2.5240000e-05 1.8064162e-04
2.5250000e-05 1.9190190e-04
2.5260000e-05 1.9687398e-04
2.5270000e-05 1.9839604e-04
2.5280000e-05 1.9991689e-04
2.5290000e-05 2.0192846e-04
2.5300000e-05 2.0418428e-04
2.5310000e-05 2.0471801e-04
2.5320000e-05 1.9910974e-04
2.5330000e-05 1.8810346e-04
2.5340000e-05 1.7587851e-04
2.5350000e-05 1.6268172e-04
2.5360000e-05 1.4483511e-04
2.5370000e-05 1.2406042e-04
2.5380000e-05 1.1668358e-04
2.5390000e-05 1.3449707e-04
2.5400000e-05 1.5881059e-04
2.5410000e-05 1.7661796e-04
2.5420000e-05 1.8853861e-04
2.5430000e-05 1.9861538e-04
2.5440000e-05 2.0929548e-04
2.5450000e-05 2.2131144e-04
2.5460000e-05 2.3392874e-04
2.5470000e-05 2.4531505e-04
2.5480000e-05 2.5449534e-04
2.5490000e-05 2.6171623e-04
2.5500000e-05 2.6807771e-04
2.5510000e-05 2.7455612e-04
2.5520000e-05 2.7871394e-04
2.5530000e-05 2.8299033e-04
2.5540000e-05 2.8665450e-04
2.5550000e-05 2.8885510e-04
2.5560000e-05 2.9081061e-04
2.5570000e-05 2.9008873e-04
2.5580000e-05 2.8815158e-04
2.5590000e-05 2.8451445e-04
2.5600000e-05 2.7954379e-04
2.5610000e-05 2.7481990e-04
2.5620000e-05 2.7070666e-04
2.5630000e-05 2.6708201e-04
2.5640000e-05 2.6358149e-04
2.5650000e-05 2.6008370e-04
2.5660000e-05 2.5707344e-04
2.5670000e-05 2.5382323e-04
2.5680000e-05 2.5227107e-04
2.5690000e-05 2.5035694e-04
2.5700000e-05 2.4675008e-04
2.5710000e-05 2.3927505e-04
2.5720000e-05 2.2975017e-04
2.5730000e-05 2.2035357e-04
2.5740000e-05 2.1084344e-04
2.5750000e-05 2.0097836e-04
2.5760000e-05 1.9039653e-04
2.5770000e-05 1.8416764e-04
2.5780000e-05 1.8506132e-04
2.5790000e-05 1.8884853e-04
2.5800000e-05 1.9166844e-04
2.5810000e-05 1.9316068e-04
2.5820000e-05 1.9537447e-04
2.5830000e-05 1.9746614e-04
2.5840000e-05 1.9847296e-04
2.5850000e-05 1.9743368e-04
2.5860000e-05 1.9531280e-04
2.5870000e-05 1.9379466e-04
2.5880000e-05 1.9263822e-04
2.5890000e-05 1.9100216e-04
2.5900000e-05 1.8972760e-04
2.5910000e-05 1.8737372e-04
2.5920000e-05 1.8382178e-04
2.5930000e-05 1.7979281e-04
2.5940000e-05 1.7600673e-04
2.5950000e-05 1.7186403e-04
2.5960000e-05 1.6832353e-04
2.5970000e-05 1.6574382e-04
2.5980000e-05 1.6376465e-04
2.5990000e-05 1.6310331e-04
2.6000000e-05 1.6256210e-04
2.6010000e-05 1.6154302e-04
2.6020000e-05 1.6112235e-04
2.6030000e-05 1.6153838e-04
2.6040000e-05 1.6243183e-04
2.6050000e-05 1.6427970e-04
2.6060000e-05 1.6648419e-04
2.6070000e-05 1.6952207e-04
2.6080000e-05 1.7398864e-04
2.6090000e-05 1.7725973e-04
2.6100000e-05 1.7862174e-04
2.6110000e-05 1.7664749e-04
2.6120000e-05 1.7241244e-04
2.6130000e-05 1.6710941e-04
2.6140000e-05 1.6062065e-04
2.6150000e-05 1.5378006e-04
2.6160000e-05 1.4670693e-04
2.6170000e-05 1.3975804e-04
2.6180000e-05 1.3352724e-04
2.6190000e-05 1.2813245e-04
2.6200000e-05 1.2286049e-04
2.6210000e-05 1.1761629e-04
2.6220000e-05 1.1024101e-04
2.6230000e-05 1.0138923e-04
2.6240000e-05 9.5412494e-05
2.6250000e-05 9.6809751e-05
2.6260000e-05 1.0392633e-04
2.6270000e-05 1.1138083e-04
2.6280000e-05 1.1680596e-04
2.6290000e-05 1.2220330e-04
2.6300000e-05 1.2806956e-04
2.6310000e-05 1.3310389e-04
2.6320000e-05 1.3541661e-04
2.6330000e-05 1.3524706e-04
2.6340000e-05 1.3507764e-04
2.6350000e-05 1.3490834e-04
2.6360000e-05 1.3532911e-04
2.6370000e-05 1.3574955e-04
2.6380000e-05 1.3510861e-04
2.6390000e-05 1.3658948e-04
2.6400000e-05 1.3830484e-04
2.6410000e-05 1.4107875e-04
2.6420000e-05 1.4279112e-04
2.6430000e-05 1.4438451e-04
2.6440000e-05 1.4585907e-04
2.6450000e-05 1.4509842e-04
2.6460000e-05 1.4222264e-04
2.6470000e-05 1.3617667e-04
2.6480000e-05 1.2731644e-04
2.6490000e-05 1.1666660e-04
2.6500000e-05 1.0580180e-04
2.6510000e-05 9.3736828e-05
2.6520000e-05 7.9839761e-05
2.6530000e-05 6.3315513e-05
2.6540000e-05 4.1799914e-05
2.6550000e-05 1.6762867e-04
2.6560000e-05 1.6861943e-04
2.6570000e-05 1.7019471e-04
2.6580000e-05 1.7200282e-04
2.6590000e-05 1.7380956e-04
2.6600000e-05 1.7456267e-04
2.6610000e-05 1.7543208e-04
2.6620000e-05 1.7723551e-04
2.6630000e-05 1.7880400e-04
2.6640000e-05 1.7967084e-04
2.6650000e-05 1.8147064e-04
2.6660000e-05 3.6513830e-05
2.6670000e-05 4.6190751e-05
2.6680000e-05 5.0183452e-05
2.6690000e-05 5.2471874e-05
2.6700000e-05 5.4607154e-05
2.6710000e-05 5.7823720e-05
2.6720000e-05 6.1468542e-05
2.6730000e-05 6.2609067e-05
2.6740000e-05 5.8526483e-05
2.6750000e-05 4.9005745e-05
2.6760000e-05 3.5854384e-05
2.6770000e-05 1.7205999e-05
2.6780000e-05 1.7443457e-04
2.6790000e-05 1.7355682e-04
2.6800000e-05 1.7360811e-04
2.6810000e-05 1.7273132e-04
2.6820000e-05 1.7185518e-04
2.6830000e-05 1.7028419e-04
2.6840000e-05 1.6767149e-04
2.6850000e-05 1.6587156e-04
2.6860000e-05 1.6326245e-04
2.6870000e-05 1.6146550e-04
2.6880000e-05 1.5909137e-04
2.6890000e-05 2.4138198e-05
2.6900000e-05 3.6257426e-05
2.6910000e-05 4.4831088e-05
2.6920000e-05 5.1110869e-05
2.6930000e-05 5.6161813e-05
2.6940000e-05 6.0955027e-05
2.6950000e-05 6.5663904e-05
2.6960000e-05 7.0553862e-05
2.6970000e-05 7.5555510e-05
2.6980000e-05 8.0288321e-05
2.6990000e-05 8.4694977e-05
2.7000000e-05 8.7958002e-05
2.7010000e-05 8.8604798e-05
2.7020000e-05 8.8767681e-05
2.7030000e-05 8.7710800e-05
2.7040000e-05 8.5861076e-05
2.7050000e-05 8.3633299e-05
2.7060000e-05 8.1165809e-05
2.7070000e-05 7.8780566e-05
2.7080000e-05 7.6465993e-05
2.7090000e-05 7.4095726e-05
2.7100000e-05 7.1646874e-05
2.7110000e-05 6.9268661e-05
2.7120000e-05 6.6823394e-05
2.7130000e-05 6.4425785e-05
2.7140000e-05 6.2098700e-05
2.7150000e-05 5.9727508e-05
2.7160000e-05 5.7358062e-05
2.7170000e-05 5.4967466e-05
2.7180000e-05 5.0427426e-05
2.7190000e-05 4.5044286e-05
2.7200000e-05 4.0213944e-05
2.7210000e-05 3.5890070e-05
2.7220000e-05 3.1866443e-05
2.7230000e-05 2.8256948e-05
2.7240000e-05 2.5198137e-05
2.7250000e-05 2.2746469e-05
2.7260000e-05 2.0707324e-05
2.7270000e-05 1.8931985e-05
2.7280000e-05 1.7237752e-05
2.7290000e-05 1.5647329e-05
2.7300000e-05 1.4137816e-05
2.7310000e-05 1.2777455e-05
2.7320000e-05 1.1588848e-05
2.7330000e-05 1.0469390e-05
2.7340000e-05 9.4326557e-06
2.7350000e-05 8.5115308e-06
2.7360000e-05 7.6081301e-06
2.7370000e-05 6.7599327e-06
2.7380000e-05 5.9998191e-06
2.7390000e-05 5.3220153e-06
2.7400000e-05 4.7298366e-06
2.7410000e-05 4.2322664e-06
2.7420000e-05 3.7781603e-06
2.7430000e-05 3.3720061e-06
2.7440000e-05 3.0058175e-06
2.7450000e-05 2.6670878e-06
2.7460000e-05 2.3591847e-06
2.7470000e-05 2.0866032e-06
2.7480000e-05 1.8289331e-06
2.7490000e-05 1.6019971e-06
2.7500000e-05 1.3978449e-06
2.7510000e-05 1.2175823e-06
2.7520000e-05 1.0622003e-06
2.7530000e-05 9.2862165e-07
2.7540000e-05 8.7430393e-07
2.7550000e-05 8.4790922e-07
2.7560000e-05 8.2119512e-07
2.7570000e-05 8.0138164e-07
2.7580000e-05 7.8293571e-07
2.7590000e-05 7.6213593e-07
2.7600000e-05 7.4552054e-07
2.7610000e-05 7.2137007e-07
2.7620000e-05 6.9836311e-07
2.7630000e-05 6.7582305e-07
2.7640000e-05 6.5183652e-07
2.7650000e-05 6.2494285e-07
2.7660000e-05 5.9998010e-07
2.7670000e-05 5.7649659e-07
2.7680000e-05 5.5437835e-07
2.7690000e-05 5.3238840e-07
2.7700000e-05 5.0929156e-07
2.7710000e-05 4.8823165e-07
2.7720000e-05 4.8816772e-07
2.7730000e-05 5.1782523e-07
2.7740000e-05 5.4959155e-07
2.7750000e-05 5.8402480e-07
2.7760000e-05 6.1787305e-07
2.7770000e-05 6.5662470e-07
2.7780000e-05 6.9680385e-07
2.7790000e-05 7.3885663e-07
2.7800000e-05 7.8457099e-07
2.7810000e-05 8.3461398e-07
2.7820000e-05 8.8260871e-07
2.7830000e-05 9.3682713e-07
2.7840000e-05 9.9670397e-07
2.7850000e-05 1.0574312e-06
2.7860000e-05 1.1230267e-06
2.7870000e-05 1.1996228e-06
2.7880000e-05 1.2806260e-06
2.7890000e-05 1.3760678e-06
2.7900000e-05 1.4625234e-06
2.7910000e-05 1.5712036e-06
2.7920000e-05 1.6887174e-06
2.7930000e-05 1.8139418e-06
2.7940000e-05 1.9379634e-06
2.7950000e-05 2.0741363e-06
2.7960000e-05 2.2124365e-06
2.7970000e-05 2.3528617e-06
2.7980000e-05 2.5209750e-06
2.7990000e-05 2.6889682e-06
2.8000000e-05 2.8468447e-06
2.8050000e-05 3.1123093e-06
2.8100000e-05 4.0254106e-06
2.8150000e-05 4.7198266e-06
2.8200000e-05 5.5353016e-06
2.8250000e-05 6.5009174e-06
2.8300000e-05 7.1707946e-06
2.8350000e-05 7.3402553e-06
2.8400000e-05 7.4707908e-06
2.8450000e-05 8.5278825e-06
2.8500000e-05 9.1818638e-06
2.8550000e-05 9.3989042e-06
