#9
5x7
6 1 3 1 3 1 3 
3 2 3 3 0 0 0 
2 3 3 0 0 0 0 
4 2 3 2 3 0 0 
1 36 0 0 0 0 0
5x7
6 1 3 1 3 1 3 
1 1 0 0 0 0 0 
2 3 3 0 0 0 0 
4 2 3 2 3 0 0 
1 36 0 0 0 0 0
5x7
6 1 3 1 3 1 3 
4 1 2 3 3 0 0 
2 3 3 0 0 0 0 
4 2 3 2 3 0 0 
1 36 0 0 0 0 0
5x5
3 2 3 3 0 
1 1 0 0 0 
2 3 3 0 0 
4 2 3 2 3 
1 36 0 0 0
5x6
5 3 1 3 1 3 
3 2 3 3 0 0 
2 3 3 0 0 0 
4 2 3 2 3 0 
1 36 0 0 0 0
5x6
5 3 1 3 2 3 
1 1 0 0 0 0 
2 3 3 0 0 0 
4 2 3 2 3 0 
1 36 0 0 0 0
5x6
5 3 1 3 1 3 
4 1 2 3 3 0 
2 3 3 0 0 0 
4 2 3 2 3 0 
1 36 0 0 0 0
5x7
6 1 3 1 3 1 3 
3 2 3 3 0 0 0 
1 1 0 0 0 0 0 
2 3 3 0 0 0 0 
3 24 0 0 0 0 0
5x7
6 1 3 1 3 1 3 
3 2 3 3 0 0 0 
1 1 0 0 0 0 0 
4 2 3 2 3 0 0 
3 24 0 0 0 0 0
