#9
5x8
7 1 2 3 2 3 2 3 
5 3 3 3 2 3 0 0 
4 2 3 3 2 0 0 0 
6 2 3 2 3 3 3 0 
1 36 0 0 0 0 0 0
5x8
7 1 2 3 2 3 2 3 
1 1 0 0 0 0 0 0 
4 2 3 3 2 0 0 0 
6 2 3 2 3 3 3 0 
1 36 0 0 0 0 0 0
5x8
7 1 2 3 2 3 2 3 
6 1 3 3 3 2 3 0 
4 2 3 3 2 0 0 0 
6 2 3 2 3 3 3 0 
1 36 0 0 0 0 0 0
5x7
5 3 3 3 2 3 0 
1 1 0 0 0 0 0 
4 2 3 3 2 0 0 
6 2 3 2 3 3 3 
1 36 0 0 0 0 0
5x7
6 2 3 2 3 2 3 
5 3 3 3 2 3 0 
4 2 3 3 2 0 0 
6 2 3 2 3 3 3 
1 36 0 0 0 0 0
5x7
6 1 2 3 3 3 2 
1 1 0 0 0 0 0 
4 2 3 3 2 0 0 
6 2 3 2 3 3 3 
1 36 0 0 0 0 0
5x7
6 2 3 2 3 2 3 
6 1 3 3 3 2 3 
4 2 3 3 2 0 0 
6 2 3 2 3 3 3 
1 36 0 0 0 0 0
5x8
7 1 2 3 2 3 2 3 
5 3 3 3 2 3 0 0 
1 1 0 0 0 0 0 0 
4 2 3 3 2 0 0 0 
3 24 0 0 0 0 0 0
5x8
7 1 2 3 2 3 2 3 
5 3 3 3 2 3 0 0 
1 1 0 0 0 0 0 0 
4 2 3 2 3 0 0 0 
3 24 0 0 0 0 0 0
