11x25	% 
 1  1  4  4  4  4  4  4  4  4  6  6 16 16 16 16 16 16 16 16 18 24 24 24 24
 1  2  3  3  3  3  6  6  6  6  4  4  3  3  3  3  6  6  6  6  2 12 12 12 12
 5 -3 -1 -1 -1 -1  3  3  3  3  1  1  2  2  2  2  0  0  0  0  1  1  1  1  1
 5  5 -1 -1 -1 -1 -1 -1 -1 -1 -3 -3  2  2  2  2  2  2  2  2  5  3  3  3  3
 5 -3  5  5  5  5 -3 -3 -3 -3  1  1  5  5  5  5 -3 -3 -3 -3  1  1  1  1  1
 0  4  4  4  4  4  4  4  4  4  4  4  2  2  2  2  4  4  4  4  2  4  4  4  4
 5  1  5  5  5  5  5  5  5  5  5  5  5  5  5  5  3  3  3  3  3  5  5  5  5
 0  4  4  4  4  4  4  4  4  4  4  4  2  2  2  2  4  4  4  4  2  4  4  4  4
 5  1  5  5  5  5  5  5  5  5  5  5  5  5  5  5  3  3  3  3  3  5  5  5  5
 1  1  1  1  1  1  1  1  1  1  1  1  1  1  1  1  1  1  1  1  1  1  1  1  1
 4 -4 -2 -2 -2 -2  2  2  2  2  0  0  1  1  1  1 -1 -1 -1 -1  0  0  0  0  0
