#9
7x14
13 2 2 2 2 2 2 2 2 3 2 2 3 3 
1 1 0 0 0 0 0 0 0 0 0 0 0 0 
4 2 3 3 2 0 0 0 0 0 0 0 0 0 
8 2 2 2 2 2 3 3 2 0 0 0 0 0 
12 2 2 2 2 2 2 2 2 3 2 2 3 0 
6 2 2 2 2 2 2 0 0 0 0 0 0 0 
1 96 0 0 0 0 0 0 0 0 0 0 0 0
7x14
13 2 2 2 2 2 2 2 2 3 2 2 3 3 
9 2 2 2 2 2 2 2 2 2 0 0 0 0 
4 2 3 3 2 0 0 0 0 0 0 0 0 0 
8 2 2 2 2 2 3 3 2 0 0 0 0 0 
12 2 2 2 2 2 2 2 2 3 2 2 3 0 
6 2 2 2 2 2 2 0 0 0 0 0 0 0 
1 96 0 0 0 0 0 0 0 0 0 0 0 0
7x14
13 2 2 2 2 2 2 2 2 3 2 2 3 3 
10 1 2 2 2 2 2 2 2 2 2 0 0 0 
4 2 3 3 2 0 0 0 0 0 0 0 0 0 
8 2 2 2 2 2 3 3 2 0 0 0 0 0 
12 2 2 2 2 2 2 2 2 3 2 2 3 0 
6 2 2 2 2 2 2 0 0 0 0 0 0 0 
1 96 0 0 0 0 0 0 0 0 0 0 0 0
7x13
1 1 0 0 0 0 0 0 0 0 0 0 0 
9 2 2 2 2 2 2 2 2 2 0 0 0 
4 2 3 3 2 0 0 0 0 0 0 0 0 
8 2 2 2 2 2 3 3 2 0 0 0 0 
12 2 2 2 2 2 2 2 2 3 2 2 3 
6 2 2 2 2 2 2 0 0 0 0 0 0 
1 96 0 0 0 0 0 0 0 0 0 0 0
7x17
16 2 2 2 2 2 2 2 2 2 2 2 3 2 2 3 3 
1 1 0 0 0 0 0 0 0 0 0 0 0 0 0 0 0 
4 2 3 3 2 0 0 0 0 0 0 0 0 0 0 0 0 
8 2 2 2 2 2 3 3 2 0 0 0 0 0 0 0 0 
12 2 2 2 2 2 2 2 2 3 2 2 3 0 0 0 0 
6 2 2 2 2 2 2 0 0 0 0 0 0 0 0 0 0 
1 96 0 0 0 0 0 0 0 0 0 0 0 0 0 0 0
7x15
14 1 2 2 2 2 2 2 2 2 3 2 2 3 3 
9 2 2 2 2 2 2 2 2 2 0 0 0 0 0 
4 2 3 3 2 0 0 0 0 0 0 0 0 0 0 
8 2 2 2 2 2 3 3 2 0 0 0 0 0 0 
12 2 2 2 2 2 2 2 2 3 2 2 3 0 0 
6 2 2 2 2 2 2 0 0 0 0 0 0 0 0 
1 96 0 0 0 0 0 0 0 0 0 0 0 0 0
7x17
16 2 2 2 2 2 2 2 2 2 2 2 3 2 2 3 3 
10 1 2 2 2 2 2 2 2 2 2 0 0 0 0 0 0 
4 2 3 3 2 0 0 0 0 0 0 0 0 0 0 0 0 
8 2 2 2 2 2 3 3 2 0 0 0 0 0 0 0 0 
12 2 2 2 2 2 2 2 2 3 2 2 3 0 0 0 0 
6 2 2 2 2 2 2 0 0 0 0 0 0 0 0 0 0 
1 96 0 0 0 0 0 0 0 0 0 0 0 0 0 0 0
7x14
13 2 2 2 2 2 2 2 2 3 2 2 3 3 
1 1 0 0 0 0 0 0 0 0 0 0 0 0 
9 2 2 2 2 2 2 2 2 2 0 0 0 0 
8 2 2 2 2 2 3 3 2 0 0 0 0 0 
12 2 2 2 2 2 2 2 2 3 2 2 3 0 
6 2 2 2 2 2 2 0 0 0 0 0 0 0 
3 64 0 0 0 0 0 0 0 0 0 0 0 0
6x14
13 2 2 2 2 2 2 2 2 3 2 2 3 3 
1 1 0 0 0 0 0 0 0 0 0 0 0 0 
9 2 2 2 2 2 2 2 2 2 0 0 0 0 
4 2 3 3 2 0 0 0 0 0 0 0 0 0 
6 2 2 2 2 2 2 0 0 0 0 0 0 0 
4 48 0 0 0 0 0 0 0 0 0 0 0 0
