#9
9x13
11 2 3 2 3 3 3 3 2 3 2 3 0 
1 2 0 0 0 0 0 0 0 0 0 0 0 
8 2 3 3 3 3 3 2 3 0 0 0 0 
8 2 3 3 3 2 3 3 3 0 0 0 0 
8 3 3 2 3 3 3 2 3 0 0 0 0 
12 2 3 3 3 2 3 2 3 2 3 3 3 
12 3 2 3 3 3 2 3 2 3 2 3 3 
8 2 3 2 3 2 3 2 3 0 0 0 0 
1 384 0 0 0 0 0 0 0 0 0 0 0
9x13
11 2 3 2 3 3 3 3 2 3 2 3 0 
1 1 0 0 0 0 0 0 0 0 0 0 0 
8 2 3 3 3 3 3 2 3 0 0 0 0 
8 2 3 3 3 2 3 3 3 0 0 0 0 
8 3 3 2 3 3 3 2 3 0 0 0 0 
12 2 3 3 3 2 3 2 3 2 3 3 3 
12 3 2 3 3 3 2 3 2 3 2 3 3 
8 2 3 2 3 2 3 2 3 0 0 0 0 
1 384 0 0 0 0 0 0 0 0 0 0 0
9x13
11 2 3 2 3 3 3 3 2 3 2 3 0 
2 1 2 0 0 0 0 0 0 0 0 0 0 
8 2 3 3 3 3 3 2 3 0 0 0 0 
8 2 3 3 3 2 3 3 3 0 0 0 0 
8 3 3 2 3 3 3 2 3 0 0 0 0 
12 2 3 3 3 2 3 2 3 2 3 3 3 
12 3 2 3 3 3 2 3 2 3 2 3 3 
8 2 3 2 3 2 3 2 3 0 0 0 0 
1 384 0 0 0 0 0 0 0 0 0 0 0
9x13
1 2 0 0 0 0 0 0 0 0 0 0 0 
1 1 0 0 0 0 0 0 0 0 0 0 0 
8 2 3 3 3 3 3 2 3 0 0 0 0 
8 2 3 3 3 2 3 3 3 0 0 0 0 
8 3 3 2 3 3 3 2 3 0 0 0 0 
12 2 3 3 3 2 3 2 3 2 3 3 3 
12 3 2 3 3 3 2 3 2 3 2 3 3 
8 2 3 2 3 2 3 2 3 0 0 0 0 
1 384 0 0 0 0 0 0 0 0 0 0 0
9x13
12 1 2 3 2 3 3 3 3 2 3 2 3 
1 2 0 0 0 0 0 0 0 0 0 0 0 
8 2 3 3 3 3 3 2 3 0 0 0 0 
8 2 3 3 3 2 3 3 3 0 0 0 0 
8 3 3 2 3 3 3 2 3 0 0 0 0 
12 2 3 3 3 2 3 2 3 2 3 3 3 
12 3 2 3 3 3 2 3 2 3 2 3 3 
8 2 3 2 3 2 3 2 3 0 0 0 0 
1 384 0 0 0 0 0 0 0 0 0 0 0
9x13
10 3 2 3 3 3 3 2 3 2 3 0 0 
1 1 0 0 0 0 0 0 0 0 0 0 0 
8 2 3 3 3 3 3 2 3 0 0 0 0 
8 2 3 3 3 2 3 3 3 0 0 0 0 
8 3 3 2 3 3 3 2 3 0 0 0 0 
12 2 3 3 3 2 3 2 3 2 3 3 3 
12 3 2 3 3 3 2 3 2 3 2 3 3 
8 2 3 2 3 2 3 2 3 0 0 0 0 
1 384 0 0 0 0 0 0 0 0 0 0 0
9x13
12 1 2 3 2 3 3 3 3 2 3 2 3 
2 1 2 0 0 0 0 0 0 0 0 0 0 
8 2 3 3 3 3 3 2 3 0 0 0 0 
8 2 3 3 3 2 3 3 3 0 0 0 0 
8 3 3 2 3 3 3 2 3 0 0 0 0 
12 2 3 3 3 2 3 2 3 2 3 3 3 
12 3 2 3 3 3 2 3 2 3 2 3 3 
8 2 3 2 3 2 3 2 3 0 0 0 0 
1 384 0 0 0 0 0 0 0 0 0 0 0
9x13
11 2 3 2 3 3 3 3 2 3 2 3 0 
1 2 0 0 0 0 0 0 0 0 0 0 0 
1 1 0 0 0 0 0 0 0 0 0 0 0 
8 2 3 3 3 2 3 3 3 0 0 0 0 
8 3 3 2 3 3 3 2 3 0 0 0 0 
12 2 3 3 3 2 3 2 3 2 3 3 3 
12 3 2 3 3 3 2 3 2 3 2 3 3 
8 2 3 2 3 2 3 2 3 0 0 0 0 
3 256 0 0 0 0 0 0 0 0 0 0 0
8x12
11 2 3 2 3 3 3 3 2 3 2 3 
1 2 0 0 0 0 0 0 0 0 0 0 
1 1 0 0 0 0 0 0 0 0 0 0 
8 2 3 3 3 3 3 2 3 0 0 0 
8 2 3 3 3 2 3 3 3 0 0 0 
8 3 3 2 3 3 3 2 3 0 0 0 
8 2 3 2 3 2 3 2 3 0 0 0 
4 192 0 0 0 0 0 0 0 0 0 0
