#9
5x7
3 3 3 3 0 0 0 
1 2 0 0 0 0 0 
4 1 3 3 1 0 0 
6 3 1 3 3 3 1 
1 36 0 0 0 0 0
5x8
3 3 3 3 0 0 0 0 
7 1 3 1 3 1 3 3 
4 1 3 3 1 0 0 0 
6 3 1 3 3 3 1 0 
1 36 0 0 0 0 0 0
5x9
3 3 3 3 0 0 0 0 0 
8 1 2 3 1 3 1 3 3 
4 1 3 3 1 0 0 0 0 
6 3 1 3 3 3 1 0 0 
1 36 0 0 0 0 0 0 0
5x8
1 2 0 0 0 0 0 0 
7 1 3 1 3 1 3 3 
4 1 3 3 1 0 0 0 
6 3 1 3 3 3 1 0 
1 36 0 0 0 0 0 0
5x7
6 3 1 3 1 3 1 
1 2 0 0 0 0 0 
4 1 3 3 1 0 0 
6 3 1 3 3 3 1 
1 36 0 0 0 0 0
5x8
4 2 3 3 3 0 0 0 
7 1 3 1 3 1 3 3 
4 1 3 3 1 0 0 0 
6 3 1 3 3 3 1 0 
1 36 0 0 0 0 0 0
5x9
6 3 1 3 1 3 1 0 0 
8 1 2 3 1 3 1 3 3 
4 1 3 3 1 0 0 0 0 
6 3 1 3 3 3 1 0 0 
1 36 0 0 0 0 0 0 0
5x8
3 3 3 3 0 0 0 0 
1 2 0 0 0 0 0 0 
7 1 3 1 3 1 3 3 
4 1 3 3 1 0 0 0 
3 24 0 0 0 0 0 0
5x8
3 3 3 3 0 0 0 0 
1 2 0 0 0 0 0 0 
7 1 3 1 3 1 3 3 
4 1 3 1 3 0 0 0 
3 24 0 0 0 0 0 0
