#5
6x9
5 1 2 2 2 1 0 0 0 
6 2 2 2 2 2 2 0 0 
8 1 2 2 2 2 2 1 2 
4 2 1 2 1 0 0 0 0 
6 2 1 2 2 1 2 0 0 
1 48 0 0 0 0 0 0 0
6x9
7 2 2 2 2 2 1 2 0 
6 2 2 2 2 2 2 0 0 
8 1 2 2 2 2 2 1 2 
4 2 1 2 1 0 0 0 0 
6 2 1 2 2 1 2 0 0 
1 48 0 0 0 0 0 0 0
6x9
4 2 2 1 2 0 0 0 0 
6 2 2 2 2 2 2 0 0 
8 1 2 2 2 2 2 1 2 
4 2 1 2 1 0 0 0 0 
6 2 1 2 2 1 2 0 0 
1 48 0 0 0 0 0 0 0
6x8
5 1 2 2 2 1 0 0 
7 2 2 2 2 2 1 2 
6 2 2 2 2 2 2 0 
4 2 1 2 1 0 0 0 
6 2 1 2 2 1 2 0 
3 32 0 0 0 0 0 0
5x9
5 1 2 2 2 1 0 0 0 
7 2 2 2 2 2 1 2 0 
6 2 2 2 2 2 2 0 0 
8 1 2 2 2 2 2 1 2 
4 24 0 0 0 0 0 0 0
