#8
7x11
7 1 1 1 3 3 3 1 0 0 0 
1 1 0 0 0 0 0 0 0 0 0 
2 1 1 0 0 0 0 0 0 0 0 
10 1 1 1 3 3 3 1 3 3 3 
2 3 3 0 0 0 0 0 0 0 0 
6 1 1 1 3 3 1 0 0 0 0 
1 144 0 0 0 0 0 0 0 0 0
7x11
7 1 1 1 3 3 3 1 0 0 0 
1 2 0 0 0 0 0 0 0 0 0 
2 1 1 0 0 0 0 0 0 0 0 
10 1 1 1 3 3 3 1 3 3 3 
2 3 3 0 0 0 0 0 0 0 0 
6 1 1 1 3 3 1 0 0 0 0 
1 144 0 0 0 0 0 0 0 0 0
7x11
7 1 1 1 3 3 3 1 0 0 0 
2 1 2 0 0 0 0 0 0 0 0 
2 1 1 0 0 0 0 0 0 0 0 
10 1 1 1 3 3 3 1 3 3 3 
2 3 3 0 0 0 0 0 0 0 0 
6 1 1 1 3 3 1 0 0 0 0 
1 144 0 0 0 0 0 0 0 0 0
7x11
1 1 0 0 0 0 0 0 0 0 0 
1 2 0 0 0 0 0 0 0 0 0 
2 1 1 0 0 0 0 0 0 0 0 
10 1 1 1 3 3 3 1 3 3 3 
2 3 3 0 0 0 0 0 0 0 0 
6 1 1 1 3 3 1 0 0 0 0 
1 144 0 0 0 0 0 0 0 0 0
7x11
8 1 1 1 2 3 3 3 1 0 0 
1 1 0 0 0 0 0 0 0 0 0 
2 1 1 0 0 0 0 0 0 0 0 
10 1 1 1 3 3 3 1 3 3 3 
2 3 3 0 0 0 0 0 0 0 0 
6 1 1 1 3 3 1 0 0 0 0 
1 144 0 0 0 0 0 0 0 0 0
7x11
4 1 3 3 3 0 0 0 0 0 0 
1 2 0 0 0 0 0 0 0 0 0 
2 1 1 0 0 0 0 0 0 0 0 
10 1 1 1 3 3 3 1 3 3 3 
2 3 3 0 0 0 0 0 0 0 0 
6 1 1 1 3 3 1 0 0 0 0 
1 144 0 0 0 0 0 0 0 0 0
7x11
8 1 1 1 2 3 3 3 1 0 0 
2 1 2 0 0 0 0 0 0 0 0 
2 1 1 0 0 0 0 0 0 0 0 
10 1 1 1 3 3 3 1 3 3 3 
2 3 3 0 0 0 0 0 0 0 0 
6 1 1 1 3 3 1 0 0 0 0 
1 144 0 0 0 0 0 0 0 0 0
6x11
7 1 1 1 3 3 3 1 0 0 0 
1 1 0 0 0 0 0 0 0 0 0 
1 2 0 0 0 0 0 0 0 0 0 
2 1 1 0 0 0 0 0 0 0 0 
10 1 1 1 3 3 3 1 3 3 3 
9 32 0 0 0 0 0 0 0 0 0
