#8
6x8
7 1 2 2 2 3 2 2 
4 2 2 3 3 0 0 0 
2 1 1 0 0 0 0 0 
4 2 3 2 3 0 0 0 
2 3 3 0 0 0 0 0 
1 72 0 0 0 0 0 0
6x5
3 2 2 2 0 
4 2 2 3 3 
2 1 1 0 0 
4 2 3 2 3 
2 3 3 0 0 
1 72 0 0 0
6x5
4 1 3 2 2 
4 2 2 3 3 
2 1 1 0 0 
4 2 3 2 3 
2 3 3 0 0 
1 72 0 0 0
6x8
7 1 2 2 2 3 2 2 
3 2 2 2 0 0 0 0 
4 2 2 3 3 0 0 0 
4 2 3 2 3 0 0 0 
2 3 3 0 0 0 0 0 
3 48 0 0 0 0 0 0
6x8
7 1 2 2 2 3 2 2 
3 2 2 2 0 0 0 0 
2 1 1 0 0 0 0 0 
4 2 3 2 3 0 0 0 
2 3 3 0 0 0 0 0 
3 48 0 0 0 0 0 0
6x8
7 1 2 2 2 3 2 2 
3 2 2 2 0 0 0 0 
5 1 2 2 3 3 0 0 
4 2 3 2 3 0 0 0 
2 3 3 0 0 0 0 0 
3 48 0 0 0 0 0 0
6x8
7 1 2 2 2 3 2 2 
3 2 2 2 0 0 0 0 
6 1 1 2 2 3 3 0 
4 2 3 2 3 0 0 0 
2 3 3 0 0 0 0 0 
3 48 0 0 0 0 0 0
5x8
7 1 2 2 2 3 2 2 
3 2 2 2 0 0 0 0 
4 2 2 3 3 0 0 0 
2 1 1 0 0 0 0 0 
4 36 0 0 0 0 0 0
