#7
5x9
1 3 0 0 0 0 0 0 0 
5 1 3 1 3 1 0 0 0 
4 1 3 1 3 0 0 0 0 
8 1 3 1 3 1 3 1 3 
1 16 0 0 0 0 0 0 0
5x9
1 3 0 0 0 0 0 0 0 
1 2 0 0 0 0 0 0 0 
4 1 3 1 3 0 0 0 0 
8 1 3 1 3 1 3 1 3 
1 16 0 0 0 0 0 0 0
5x9
1 3 0 0 0 0 0 0 0 
6 1 2 3 1 3 1 0 0 
4 1 3 1 3 0 0 0 0 
8 1 3 1 3 1 3 1 3 
1 16 0 0 0 0 0 0 0
5x9
5 1 3 1 3 1 0 0 0 
1 2 0 0 0 0 0 0 0 
4 1 3 1 3 0 0 0 0 
8 1 3 1 3 1 3 1 3 
1 16 0 0 0 0 0 0 0
5x9
2 2 3 0 0 0 0 0 0 
5 1 3 1 3 1 0 0 0 
4 1 3 1 3 0 0 0 0 
8 1 3 1 3 1 3 1 3 
1 16 0 0 0 0 0 0 0
5x9
6 3 1 3 1 3 1 0 0 
1 2 0 0 0 0 0 0 0 
4 1 3 1 3 0 0 0 0 
8 1 3 1 3 1 3 1 3 
1 16 0 0 0 0 0 0 0
5x9
2 2 3 0 0 0 0 0 0 
6 1 2 3 1 3 1 0 0 
4 1 3 1 3 0 0 0 0 
8 1 3 1 3 1 3 1 3 
1 16 0 0 0 0 0 0 0
