#6
7x13
1 2 0 0 0 0 0 0 0 0 0 0 0 
12 1 2 1 2 1 2 1 2 1 1 2 2 
12 1 1 2 1 2 1 2 2 1 2 2 1 
6 1 1 2 2 1 2 0 0 0 0 0 0 
6 1 2 2 1 1 2 0 0 0 0 0 0 
12 1 2 1 2 1 2 1 2 1 2 1 2 
1 96 0 0 0 0 0 0 0 0 0 0 0
7x14
13 1 1 2 1 2 1 2 1 2 1 1 2 2 
12 1 2 1 2 1 2 1 2 1 1 2 2 0 
12 1 1 2 1 2 1 2 2 1 2 2 1 0 
6 1 1 2 2 1 2 0 0 0 0 0 0 0 
6 1 2 2 1 1 2 0 0 0 0 0 0 0 
12 1 2 1 2 1 2 1 2 1 2 1 2 0 
1 96 0 0 0 0 0 0 0 0 0 0 0 0
7x13
12 1 2 1 1 2 1 1 2 1 1 2 1 
12 1 2 1 2 1 2 1 2 1 1 2 2 
12 1 1 2 1 2 1 2 2 1 2 2 1 
6 1 1 2 2 1 2 0 0 0 0 0 0 
6 1 2 2 1 1 2 0 0 0 0 0 0 
12 1 2 1 2 1 2 1 2 1 2 1 2 
1 96 0 0 0 0 0 0 0 0 0 0 0
7x13
11 1 1 2 1 2 1 2 1 2 1 1 0 
12 1 2 1 2 1 2 1 2 1 1 2 2 
12 1 1 2 1 2 1 2 2 1 2 2 1 
6 1 1 2 2 1 2 0 0 0 0 0 0 
6 1 2 2 1 1 2 0 0 0 0 0 0 
12 1 2 1 2 1 2 1 2 1 2 1 2 
1 96 0 0 0 0 0 0 0 0 0 0 0
6x14
1 2 0 0 0 0 0 0 0 0 0 0 0 0 
13 1 1 2 1 2 1 2 1 2 1 1 2 2 
9 2 2 1 2 1 2 1 2 2 0 0 0 0 
12 1 1 2 1 1 2 1 2 2 1 2 2 0 
12 1 2 1 2 1 2 1 2 1 2 1 2 0 
4 72 0 0 0 0 0 0 0 0 0 0 0 0
6x14
1 2 0 0 0 0 0 0 0 0 0 0 0 0 
13 1 1 2 1 2 1 2 1 2 1 1 2 2 
9 1 2 2 1 2 2 1 2 2 0 0 0 0 
12 1 1 2 2 1 2 1 2 1 1 2 2 0 
12 1 2 1 2 1 2 1 2 1 2 1 2 0 
4 72 0 0 0 0 0 0 0 0 0 0 0 0
