#9
7x9
7 2 3 2 2 3 2 3 0 
7 2 1 2 2 2 2 2 0 
8 1 2 1 2 2 2 2 2 
2 2 2 0 0 0 0 0 0 
6 2 2 3 2 2 3 0 0 
4 2 3 2 3 0 0 0 0 
1 96 0 0 0 0 0 0 0
7x9
7 2 3 2 2 3 2 3 0 
3 2 2 2 0 0 0 0 0 
8 1 2 1 2 2 2 2 2 
2 2 2 0 0 0 0 0 0 
6 2 2 3 2 2 3 0 0 
4 2 3 2 3 0 0 0 0 
1 96 0 0 0 0 0 0 0
7x9
7 2 3 2 2 3 2 3 0 
4 2 1 2 2 0 0 0 0 
8 1 2 1 2 2 2 2 2 
2 2 2 0 0 0 0 0 0 
6 2 2 3 2 2 3 0 0 
4 2 3 2 3 0 0 0 0 
1 96 0 0 0 0 0 0 0
7x9
7 2 1 2 2 2 2 2 0 
3 2 2 2 0 0 0 0 0 
8 1 2 1 2 2 2 2 2 
2 2 2 0 0 0 0 0 0 
6 2 2 3 2 2 3 0 0 
4 2 3 2 3 0 0 0 0 
1 96 0 0 0 0 0 0 0
7x11
10 2 2 2 2 3 2 2 3 2 3 
7 2 1 2 2 2 2 2 0 0 0 
8 1 2 1 2 2 2 2 2 0 0 
2 2 2 0 0 0 0 0 0 0 0 
6 2 2 3 2 2 3 0 0 0 0 
4 2 3 2 3 0 0 0 0 0 0 
1 96 0 0 0 0 0 0 0 0 0
7x9
8 2 1 3 2 2 3 2 3 
3 2 2 2 0 0 0 0 0 
8 1 2 1 2 2 2 2 2 
2 2 2 0 0 0 0 0 0 
6 2 2 3 2 2 3 0 0 
4 2 3 2 3 0 0 0 0 
1 96 0 0 0 0 0 0 0
7x11
10 2 2 2 2 3 2 2 3 2 3 
4 2 1 2 2 0 0 0 0 0 0 
8 1 2 1 2 2 2 2 2 0 0 
2 2 2 0 0 0 0 0 0 0 0 
6 2 2 3 2 2 3 0 0 0 0 
4 2 3 2 3 0 0 0 0 0 0 
1 96 0 0 0 0 0 0 0 0 0
7x9
7 2 3 2 2 3 2 3 0 
7 2 1 2 2 2 2 2 0 
3 2 2 2 0 0 0 0 0 
8 1 2 1 2 2 2 2 2 
6 2 2 3 2 2 3 0 0 
4 2 3 2 3 0 0 0 0 
3 64 0 0 0 0 0 0 0
6x9
7 2 3 2 2 3 2 3 0 
7 2 1 2 2 2 2 2 0 
3 2 2 2 0 0 0 0 0 
8 1 2 1 2 2 2 2 2 
2 2 2 0 0 0 0 0 0 
4 48 0 0 0 0 0 0 0
