#6
5x10
4 2 2 2 2 0 0 0 0 0 
5 1 2 1 2 2 0 0 0 0 
3 2 2 2 0 0 0 0 0 0 
9 1 1 1 1 1 2 1 2 2 
1 36 0 0 0 0 0 0 0 0
5x10
3 1 1 1 0 0 0 0 0 0 
4 2 2 2 2 0 0 0 0 0 
3 2 2 2 0 0 0 0 0 0 
9 1 1 1 1 1 2 1 2 2 
1 24 0 0 0 0 0 0 0 0
5x10
3 1 1 1 0 0 0 0 0 0 
5 1 2 1 2 2 0 0 0 0 
3 2 2 2 0 0 0 0 0 0 
9 1 1 1 1 1 2 1 2 2 
1 24 0 0 0 0 0 0 0 0
5x10
3 1 1 1 0 0 0 0 0 0 
5 1 1 2 1 1 0 0 0 0 
3 2 2 2 0 0 0 0 0 0 
9 1 1 1 1 1 2 1 2 2 
1 24 0 0 0 0 0 0 0 0
5x10
3 1 1 1 0 0 0 0 0 0 
3 1 2 1 0 0 0 0 0 0 
3 2 2 2 0 0 0 0 0 0 
9 1 1 1 1 1 2 1 2 2 
1 24 0 0 0 0 0 0 0 0
4x6
3 1 1 1 0 0 
4 2 2 2 2 0 
5 1 2 1 2 2 
4 18 0 0 0 0
