#7
3x3
2 1 3 
1 2 0 
1 4 0
3x3
2 1 3 
1 1 0 
1 4 0
3x3
2 1 3 
2 1 2 
1 4 0
3x2
1 2 
1 1 
1 4
3x2
1 3 
1 2 
1 4
3x4
3 1 2 3 
1 1 0 0 
1 4 0 0
3x3
1 3 0 
2 1 2 
1 4 0
#5 1 1 0
0 2 min.21 1 1 0
1 1 min.20 1 1 0
2 2 group.27 1 1 0
4 1 group.28 1 1 0
6 1 min.19 1 1 0
#5 1 1 1
0 2 min.21 1 1 1
1 1 min.20 1 1 1
2 2 group.27 1 1 1
4 1 group.28 1 1 0
6 1 min.19 1 1 0
#7 1 1 112
0 1 min.21 1 1 25
1 1 min.20 1 1 16
2 1 group.27 1 1 9
3 1 min.21 1 1 24
4 1 group.28 1 1 5
5 1 group.27 1 1 8
6 1 min.19 1 1 7
#5 1 1 114
0 2 min.21 1 1 25
1 1 min.20 1 1 18
2 2 group.27 1 1 9
4 1 group.28 1 1 5
6 1 min.19 1 1 7
#7 1 1 116
0 1 min.21 1 1 25
1 1 min.20 1 1 20
2 1 group.27 1 1 1
3 1 min.21 1 1 28
4 1 group.28 1 1 5
5 1 group.27 1 1 9
6 1 min.19 1 1 5
#7 1 1 117
0 1 min.21 1 1 24
1 1 min.20 1 1 21
2 1 group.27 1 1 0
3 1 min.21 1 1 29
4 1 group.28 1 1 5
5 1 group.27 1 1 9
6 1 min.19 1 1 5
#7 1 1 118
0 1 min.21 1 1 25
1 1 min.20 1 1 22
2 1 group.27 1 1 1
3 1 min.21 1 1 29
4 1 group.28 1 1 5
5 1 group.27 1 1 9
6 1 min.19 1 1 5
#5 1 1 12
0 2 min.21 1 1 4
1 1 min.20 1 1 12
2 2 group.27 1 1 9
4 1 group.28 1 1 0
6 1 min.19 1 1 3
#7 1 1 124
0 1 min.21 1 1 29
1 1 min.20 1 1 28
2 1 group.27 1 1 1
3 1 min.21 1 1 28
4 1 group.28 1 1 5
5 1 group.27 1 1 1
6 1 min.19 1 1 4
#5 1 1 126
0 2 min.21 1 1 29
1 1 min.20 1 1 30
2 2 group.27 1 1 1
4 1 group.28 1 1 5
6 1 min.19 1 1 4
#5 1 1 13
0 2 min.21 1 1 5
1 1 min.20 1 1 13
2 2 group.27 1 1 9
4 1 group.28 1 1 0
6 1 min.19 1 1 3
#7 1 1 16
0 1 min.21 1 1 16
1 1 min.20 1 1 0
2 1 group.27 1 1 8
3 1 min.21 1 1 8
4 1 group.28 1 1 1
5 1 group.27 1 1 0
6 1 min.19 1 1 1
#7 1 1 17
0 1 min.21 1 1 17
1 1 min.20 1 1 1
2 1 group.27 1 1 9
3 1 min.21 1 1 9
4 1 group.28 1 1 1
5 1 group.27 1 1 1
6 1 min.19 1 1 1
#7 1 1 20
0 1 min.21 1 1 16
1 1 min.20 1 1 4
2 1 group.27 1 1 0
3 1 min.21 1 1 12
4 1 group.28 1 1 1
5 1 group.27 1 1 1
6 1 min.19 1 1 0
#7 1 1 21
0 1 min.21 1 1 17
1 1 min.20 1 1 5
2 1 group.27 1 1 1
3 1 min.21 1 1 13
4 1 group.28 1 1 1
5 1 group.27 1 1 1
6 1 min.19 1 1 0
#7 1 1 24
0 1 min.21 1 1 20
1 1 min.20 1 1 4
2 1 group.27 1 1 9
3 1 min.21 1 1 8
4 1 group.28 1 1 1
5 1 group.27 1 1 8
6 1 min.19 1 1 3
#7 1 1 25
0 1 min.21 1 1 21
1 1 min.20 1 1 5
2 1 group.27 1 1 9
3 1 min.21 1 1 9
4 1 group.28 1 1 1
5 1 group.27 1 1 9
6 1 min.19 1 1 3
#7 1 1 28
0 1 min.21 1 1 20
1 1 min.20 1 1 12
2 1 group.27 1 1 1
3 1 min.21 1 1 12
4 1 group.28 1 1 1
5 1 group.27 1 1 9
6 1 min.19 1 1 1
#7 1 1 29
0 1 min.21 1 1 21
1 1 min.20 1 1 13
2 1 group.27 1 1 1
3 1 min.21 1 1 13
4 1 group.28 1 1 1
5 1 group.27 1 1 9
6 1 min.19 1 1 1
#7 1 1 4
0 1 min.21 1 1 0
1 1 min.20 1 1 4
2 1 group.27 1 1 8
3 1 min.21 1 1 4
4 1 group.28 1 1 0
5 1 group.27 1 1 1
6 1 min.19 1 1 1
#5 1 1 48
0 2 min.21 1 1 24
1 1 min.20 1 1 0
2 2 group.27 1 1 8
4 1 group.28 1 1 1
6 1 min.19 1 1 3
#5 1 1 49
0 2 min.21 1 1 25
1 1 min.20 1 1 1
2 2 group.27 1 1 9
4 1 group.28 1 1 1
6 1 min.19 1 1 3
#7 1 1 5
0 1 min.21 1 1 1
1 1 min.20 1 1 5
2 1 group.27 1 1 9
3 1 min.21 1 1 5
4 1 group.28 1 1 0
5 1 group.27 1 1 1
6 1 min.19 1 1 1
#7 1 1 52
0 1 min.21 1 1 24
1 1 min.20 1 1 4
2 1 group.27 1 1 0
3 1 min.21 1 1 28
4 1 group.28 1 1 1
5 1 group.27 1 1 9
6 1 min.19 1 1 1
#7 1 1 53
0 1 min.21 1 1 25
1 1 min.20 1 1 5
2 1 group.27 1 1 1
3 1 min.21 1 1 29
4 1 group.28 1 1 1
5 1 group.27 1 1 9
6 1 min.19 1 1 1
#5 1 1 60
0 2 min.21 1 1 28
1 1 min.20 1 1 12
2 2 group.27 1 1 1
4 1 group.28 1 1 1
6 1 min.19 1 1 0
#5 1 1 61
0 2 min.21 1 1 29
1 1 min.20 1 1 13
2 2 group.27 1 1 1
4 1 group.28 1 1 1
6 1 min.19 1 1 0
#7 1 1 64
0 1 min.21 1 1 1
1 1 min.20 1 1 16
2 1 group.27 1 1 1
3 1 min.21 1 1 0
4 1 group.28 1 1 1
5 1 group.27 1 1 0
6 1 min.19 1 1 4
#5 1 1 66
0 2 min.21 1 1 1
1 1 min.20 1 1 18
2 2 group.27 1 1 1
4 1 group.28 1 1 1
6 1 min.19 1 1 4
#7 1 1 68
0 1 min.21 1 1 1
1 1 min.20 1 1 20
2 1 group.27 1 1 9
3 1 min.21 1 1 4
4 1 group.28 1 1 1
5 1 group.27 1 1 1
6 1 min.19 1 1 5
#7 1 1 69
0 1 min.21 1 1 0
1 1 min.20 1 1 21
2 1 group.27 1 1 8
3 1 min.21 1 1 5
4 1 group.28 1 1 1
5 1 group.27 1 1 1
6 1 min.19 1 1 5
#7 1 1 70
0 1 min.21 1 1 1
1 1 min.20 1 1 22
2 1 group.27 1 1 9
3 1 min.21 1 1 5
4 1 group.28 1 1 1
5 1 group.27 1 1 1
6 1 min.19 1 1 5
#7 1 1 76
0 1 min.21 1 1 5
1 1 min.20 1 1 28
2 1 group.27 1 1 9
3 1 min.21 1 1 4
4 1 group.28 1 1 1
5 1 group.27 1 1 9
6 1 min.19 1 1 7
#5 1 1 78
0 2 min.21 1 1 5
1 1 min.20 1 1 30
2 2 group.27 1 1 9
4 1 group.28 1 1 1
6 1 min.19 1 1 7
#7 1 1 80
0 1 min.21 1 1 17
1 1 min.20 1 1 16
2 1 group.27 1 1 9
3 1 min.21 1 1 8
4 1 group.28 1 1 5
5 1 group.27 1 1 0
6 1 min.19 1 1 5
#7 1 1 81
0 1 min.21 1 1 16
1 1 min.20 1 1 16
2 1 group.27 1 1 8
3 1 min.21 1 1 9
4 1 group.28 1 1 5
5 1 group.27 1 1 1
6 1 min.19 1 1 5
#7 1 1 82
0 1 min.21 1 1 17
1 1 min.20 1 1 18
2 1 group.27 1 1 9
3 1 min.21 1 1 9
4 1 group.28 1 1 5
5 1 group.27 1 1 1
6 1 min.19 1 1 5
#7 1 1 84
0 1 min.21 1 1 17
1 1 min.20 1 1 20
2 1 group.27 1 1 1
3 1 min.21 1 1 12
4 1 group.28 1 1 5
5 1 group.27 1 1 1
6 1 min.19 1 1 4
#7 1 1 85
0 1 min.21 1 1 16
1 1 min.20 1 1 21
2 1 group.27 1 1 0
3 1 min.21 1 1 13
4 1 group.28 1 1 5
5 1 group.27 1 1 1
6 1 min.19 1 1 4
#7 1 1 86
0 1 min.21 1 1 17
1 1 min.20 1 1 22
2 1 group.27 1 1 1
3 1 min.21 1 1 13
4 1 group.28 1 1 5
5 1 group.27 1 1 1
6 1 min.19 1 1 4
#7 1 1 88
0 1 min.21 1 1 21
1 1 min.20 1 1 21
2 1 group.27 1 1 9
3 1 min.21 1 1 8
4 1 group.28 1 1 5
5 1 group.27 1 1 8
6 1 min.19 1 1 7
#7 1 1 89
0 1 min.21 1 1 20
1 1 min.20 1 1 20
2 1 group.27 1 1 9
3 1 min.21 1 1 9
4 1 group.28 1 1 5
5 1 group.27 1 1 9
6 1 min.19 1 1 7
#7 1 1 90
0 1 min.21 1 1 21
1 1 min.20 1 1 22
2 1 group.27 1 1 9
3 1 min.21 1 1 9
4 1 group.28 1 1 5
5 1 group.27 1 1 9
6 1 min.19 1 1 7
#7 1 1 92
0 1 min.21 1 1 21
1 1 min.20 1 1 28
2 1 group.27 1 1 1
3 1 min.21 1 1 12
4 1 group.28 1 1 5
5 1 group.27 1 1 9
6 1 min.19 1 1 5
#7 1 1 93
0 1 min.21 1 1 20
1 1 min.20 1 1 28
2 1 group.27 1 1 1
3 1 min.21 1 1 13
4 1 group.28 1 1 5
5 1 group.27 1 1 9
6 1 min.19 1 1 5
#7 1 1 94
0 1 min.21 1 1 21
1 1 min.20 1 1 30
2 1 group.27 1 1 1
3 1 min.21 1 1 13
4 1 group.28 1 1 5
5 1 group.27 1 1 9
6 1 min.19 1 1 5
#7 1 2 0
0 1 min.21 1 3 0
1 1 min.20 1 2 0
2 1 group.27 1 2 0
3 1 min.21 1 2 0
4 1 group.28 1 2 0
5 1 group.27 1 1 0
6 1 min.19 1 2 0
#7 1 2 1
0 1 min.21 1 3 0
1 1 min.20 1 2 2
2 1 group.27 1 2 0
3 1 min.21 1 2 1
4 1 group.28 1 2 0
5 1 group.27 1 1 1
6 1 min.19 1 2 0
#7 1 2 10
0 1 min.21 1 3 3
1 1 min.20 1 2 4
2 1 group.27 1 2 1
3 1 min.21 1 2 2
4 1 group.28 1 2 3
5 1 group.27 1 1 8
6 1 min.19 1 2 3
#7 1 2 11
0 1 min.21 1 3 3
1 1 min.20 1 2 6
2 1 group.27 1 2 1
3 1 min.21 1 2 3
4 1 group.28 1 2 3
5 1 group.27 1 1 9
6 1 min.19 1 2 3
#7 1 2 12
0 1 min.21 1 3 5
1 1 min.20 1 2 12
2 1 group.27 1 2 1
3 1 min.21 1 2 0
4 1 group.28 1 2 1
5 1 group.27 1 1 8
6 1 min.19 1 2 3
#7 1 2 13
0 1 min.21 1 3 5
1 1 min.20 1 2 14
2 1 group.27 1 2 1
3 1 min.21 1 2 1
4 1 group.28 1 2 1
5 1 group.27 1 1 9
6 1 min.19 1 2 3
#7 1 2 14
0 1 min.21 1 3 7
1 1 min.20 1 2 12
2 1 group.27 1 2 1
3 1 min.21 1 2 2
4 1 group.28 1 2 3
5 1 group.27 1 1 0
6 1 min.19 1 2 1
#7 1 2 15
0 1 min.21 1 3 7
1 1 min.20 1 2 14
2 1 group.27 1 2 1
3 1 min.21 1 2 3
4 1 group.28 1 2 3
5 1 group.27 1 1 1
6 1 min.19 1 2 1
#7 1 2 16
0 1 min.21 1 3 1
1 1 min.20 1 2 1
2 1 group.27 1 2 1
3 1 min.21 1 2 4
4 1 group.28 1 2 0
5 1 group.27 1 1 1
6 1 min.19 1 2 0
#7 1 2 18
0 1 min.21 1 3 3
1 1 min.20 1 2 1
2 1 group.27 1 2 1
3 1 min.21 1 2 6
4 1 group.28 1 2 1
5 1 group.27 1 1 9
6 1 min.19 1 2 2
#7 1 2 2
0 1 min.21 1 3 2
1 1 min.20 1 2 0
2 1 group.27 1 2 0
3 1 min.21 1 2 2
4 1 group.28 1 2 1
5 1 group.27 1 1 8
6 1 min.19 1 2 2
#7 1 2 20
0 1 min.21 1 3 5
1 1 min.20 1 2 9
2 1 group.27 1 2 1
3 1 min.21 1 2 4
4 1 group.28 1 2 0
5 1 group.27 1 1 9
6 1 min.19 1 2 2
#7 1 2 22
0 1 min.21 1 3 7
1 1 min.20 1 2 9
2 1 group.27 1 2 1
3 1 min.21 1 2 6
4 1 group.28 1 2 1
5 1 group.27 1 1 1
6 1 min.19 1 2 0
#7 1 2 24
0 1 min.21 1 3 0
1 1 min.20 1 2 5
2 1 group.27 1 2 0
3 1 min.21 1 2 4
4 1 group.28 1 2 1
5 1 group.27 1 1 1
6 1 min.19 1 2 1
#7 1 2 26
0 1 min.21 1 3 2
1 1 min.20 1 2 5
2 1 group.27 1 2 0
3 1 min.21 1 2 6
4 1 group.28 1 2 3
5 1 group.27 1 1 9
6 1 min.19 1 2 3
#7 1 2 28
0 1 min.21 1 3 4
1 1 min.20 1 2 13
2 1 group.27 1 2 1
3 1 min.21 1 2 4
4 1 group.28 1 2 1
5 1 group.27 1 1 9
6 1 min.19 1 2 3
#7 1 2 3
0 1 min.21 1 3 2
1 1 min.20 1 2 2
2 1 group.27 1 2 0
3 1 min.21 1 2 3
4 1 group.28 1 2 1
5 1 group.27 1 1 9
6 1 min.19 1 2 2
#7 1 2 30
0 1 min.21 1 3 6
1 1 min.20 1 2 13
2 1 group.27 1 2 1
3 1 min.21 1 2 6
4 1 group.28 1 2 3
5 1 group.27 1 1 1
6 1 min.19 1 2 1
#7 1 2 4
0 1 min.21 1 3 4
1 1 min.20 1 2 8
2 1 group.27 1 2 1
3 1 min.21 1 2 0
4 1 group.28 1 2 0
5 1 group.27 1 1 8
6 1 min.19 1 2 2
#7 1 2 5
0 1 min.21 1 3 4
1 1 min.20 1 2 10
2 1 group.27 1 2 1
3 1 min.21 1 2 1
4 1 group.28 1 2 0
5 1 group.27 1 1 9
6 1 min.19 1 2 2
#7 1 2 6
0 1 min.21 1 3 6
1 1 min.20 1 2 8
2 1 group.27 1 2 1
3 1 min.21 1 2 2
4 1 group.28 1 2 1
5 1 group.27 1 1 0
6 1 min.19 1 2 0
#7 1 2 7
0 1 min.21 1 3 6
1 1 min.20 1 2 10
2 1 group.27 1 2 1
3 1 min.21 1 2 3
4 1 group.28 1 2 1
5 1 group.27 1 1 1
6 1 min.19 1 2 0
#7 1 2 8
0 1 min.21 1 3 1
1 1 min.20 1 2 4
2 1 group.27 1 2 1
3 1 min.21 1 2 0
4 1 group.28 1 2 1
5 1 group.27 1 1 0
6 1 min.19 1 2 1
#7 1 2 9
0 1 min.21 1 3 1
1 1 min.20 1 2 6
2 1 group.27 1 2 1
3 1 min.21 1 2 1
4 1 group.28 1 2 1
5 1 group.27 1 1 1
6 1 min.19 1 2 1
#5 1 3 0
0 2 min.21 1 4 0
1 1 min.20 1 3 0
2 2 group.27 1 2 0
4 1 group.28 1 1 0
6 1 min.19 1 3 0
#5 1 3 1
0 2 min.21 1 4 1
1 1 min.20 1 3 1
2 2 group.27 1 2 1
4 1 group.28 1 1 0
6 1 min.19 1 3 0
#7 1 3 12
0 1 min.21 1 4 5
1 1 min.20 1 3 4
2 1 group.27 1 2 1
3 1 min.21 1 4 4
4 1 group.28 1 1 5
5 1 group.27 1 2 0
6 1 min.19 1 3 1
#5 1 3 13
0 2 min.21 1 4 5
1 1 min.20 1 3 6
2 2 group.27 1 2 1
4 1 group.28 1 1 5
6 1 min.19 1 3 1
#5 1 3 4
0 2 min.21 1 4 4
1 1 min.20 1 3 0
2 2 group.27 1 2 0
4 1 group.28 1 1 1
6 1 min.19 1 3 0
#5 1 3 5
0 2 min.21 1 4 5
1 1 min.20 1 3 1
2 2 group.27 1 2 1
4 1 group.28 1 1 1
6 1 min.19 1 3 0
#7 1 3 8
0 1 min.21 1 4 1
1 1 min.20 1 3 4
2 1 group.27 1 2 1
3 1 min.21 1 4 0
4 1 group.28 1 1 1
5 1 group.27 1 2 0
6 1 min.19 1 3 1
#5 1 3 9
0 2 min.21 1 4 1
1 1 min.20 1 3 6
2 2 group.27 1 2 1
4 1 group.28 1 1 1
6 1 min.19 1 3 1
#5 1 4 0
0 2 min.21 1 5 0
1 1 min.20 1 4 0
2 2 group.27 1 2 0
4 1 group.28 1 2 0
6 1 min.19 1 4 0
#5 1 4 1
0 2 min.21 1 5 2
1 1 min.20 1 4 1
2 2 group.27 1 2 1
4 1 group.28 1 2 1
6 1 min.19 1 4 0
#7 1 4 2
0 1 min.21 1 5 1
1 1 min.20 1 4 2
2 1 group.27 1 2 1
3 1 min.21 1 5 0
4 1 group.28 1 2 1
5 1 group.27 1 2 0
6 1 min.19 1 4 1
#5 1 4 3
0 2 min.21 1 5 2
1 1 min.20 1 4 3
2 2 group.27 1 2 1
4 1 group.28 1 2 3
6 1 min.19 1 4 1
#5 1 4 4
0 2 min.21 1 5 1
1 1 min.20 1 4 4
2 2 group.27 1 2 1
4 1 group.28 1 2 0
6 1 min.19 1 4 0
#5 1 5 0
0 2 min.21 1 6 0
1 1 min.20 1 5 0
2 2 group.27 1 2 0
4 1 group.28 1 2 0
6 1 min.19 1 5 0
#7 1 5 1
0 1 min.21 1 6 1
1 1 min.20 1 5 1
2 1 group.27 1 2 1
3 1 min.21 1 6 0
4 1 group.28 1 2 0
5 1 group.27 1 2 0
6 1 min.19 1 5 2
#7 1 5 11
0 1 min.21 1 6 1
1 1 min.20 1 5 5
2 1 group.27 1 2 1
3 1 min.21 1 6 2
4 1 group.28 1 2 1
5 1 group.27 1 2 1
6 1 min.19 1 5 1
#7 1 5 12
0 1 min.21 1 6 6
1 1 min.20 1 5 4
2 1 group.27 1 2 1
3 1 min.21 1 6 4
4 1 group.28 1 2 3
5 1 group.27 1 2 0
6 1 min.19 1 5 1
#7 1 5 15
0 1 min.21 1 6 5
1 1 min.20 1 5 5
2 1 group.27 1 2 1
3 1 min.21 1 6 6
4 1 group.28 1 2 3
5 1 group.27 1 2 1
6 1 min.19 1 5 1
#5 1 5 17
0 2 min.21 1 6 1
1 1 min.20 1 5 3
2 2 group.27 1 2 1
4 1 group.28 1 2 0
6 1 min.19 1 5 0
#5 1 5 2
0 2 min.21 1 6 2
1 1 min.20 1 5 8
2 2 group.27 1 2 1
4 1 group.28 1 2 0
6 1 min.19 1 5 0
#5 1 5 21
0 2 min.21 1 6 5
1 1 min.20 1 5 3
2 2 group.27 1 2 1
4 1 group.28 1 2 1
6 1 min.19 1 5 2
#5 1 5 3
0 2 min.21 1 6 2
1 1 min.20 1 5 9
2 2 group.27 1 2 1
4 1 group.28 1 2 0
6 1 min.19 1 5 2
#5 1 5 4
0 2 min.21 1 6 4
1 1 min.20 1 5 0
2 2 group.27 1 2 0
4 1 group.28 1 2 1
6 1 min.19 1 5 2
#7 1 5 5
0 1 min.21 1 6 5
1 1 min.20 1 5 1
2 1 group.27 1 2 1
3 1 min.21 1 6 4
4 1 group.28 1 2 1
5 1 group.27 1 2 0
6 1 min.19 1 5 0
#5 1 5 6
0 2 min.21 1 6 6
1 1 min.20 1 5 8
2 2 group.27 1 2 1
4 1 group.28 1 2 1
6 1 min.19 1 5 2
#5 1 5 7
0 2 min.21 1 6 6
1 1 min.20 1 5 9
2 2 group.27 1 2 1
4 1 group.28 1 2 1
6 1 min.19 1 5 0
#7 1 5 8
0 1 min.21 1 6 2
1 1 min.20 1 5 4
2 1 group.27 1 2 1
3 1 min.21 1 6 0
4 1 group.28 1 2 1
5 1 group.27 1 2 0
6 1 min.19 1 5 1
#5 1 6 0
0 2 min.21 1 7 0
1 1 min.20 1 6 0
2 2 group.27 1 2 0
4 1 group.28 1 3 0
6 1 min.19 1 6 0
#7 1 6 1
0 1 min.21 1 7 0
1 1 min.20 1 6 1
2 1 group.27 1 2 0
3 1 min.21 1 7 1
4 1 group.28 1 3 0
5 1 group.27 1 2 1
6 1 min.19 1 6 0
#5 1 6 3
0 2 min.21 1 7 1
1 1 min.20 1 6 3
2 2 group.27 1 2 1
4 1 group.28 1 3 0
6 1 min.19 1 6 0
