12x18	% 
 1  1  1  1  1  1  2  2  2  2  2 2 3 3  3  3  3  3
 1  2  3  3  6  6  3  3  3  6  6 6 2 2  6  6  6  6
 5  1  2  2 -2 -2 -1 -1  2  1  1 4 3 3  0  0  0  0
 5  5  2  2  2  2 -1 -1  2 -1 -1 2 5 5  2  2  2  2
 5  1  5  5  1  1  5  5  5  1  1 1 3 3  3  3  3  3
 0  2  2  2  4  4  4  4  2  4  4 2 1 1  3  3  3  3
 5  3  5  5  3  3  5  5  5  5  5 5 4 4  4  4  4  4
 0  2  2  2  4  4  4  4  2  4  4 2 1 1  3  3  3  3
 5  3  5  5  3  3  5  5  5  5  5 5 4 4  4  4  4  4
 1  1  1  1  1  1  1  1  1  1  1 1 1 1  1  1  1  1
 2 -2  2  2 -2 -2 -1 -1 -1  1  1 1 0 0  0  0  0  0
 2  2 -1 -1 -1 -1 -1 -1  2 -1 -1 2 2 2 -1 -1 -1 -1
