#8
6x9
7 3 1 1 3 1 3 1 0 
1 2 0 0 0 0 0 0 0 
8 1 1 1 3 1 3 1 1 
6 3 1 1 3 1 1 0 0 
6 1 3 1 1 3 1 0 0 
1 72 0 0 0 0 0 0 0
6x9
7 3 1 1 3 1 3 1 0 
7 3 1 1 3 1 1 1 0 
8 1 1 1 3 1 3 1 1 
6 3 1 1 3 1 1 0 0 
6 1 3 1 1 3 1 0 0 
1 72 0 0 0 0 0 0 0
6x9
7 3 1 1 3 1 3 1 0 
8 2 3 1 1 3 1 1 1 
8 1 1 1 3 1 3 1 1 
6 3 1 1 3 1 1 0 0 
6 1 3 1 1 3 1 0 0 
1 72 0 0 0 0 0 0 0
6x9
1 2 0 0 0 0 0 0 0 
7 3 1 1 3 1 1 1 0 
8 1 1 1 3 1 3 1 1 
6 3 1 1 3 1 1 0 0 
6 1 3 1 1 3 1 0 0 
1 72 0 0 0 0 0 0 0
6x9
6 1 1 1 3 1 1 0 0 
1 2 0 0 0 0 0 0 0 
8 1 1 1 3 1 3 1 1 
6 3 1 1 3 1 1 0 0 
6 1 3 1 1 3 1 0 0 
1 72 0 0 0 0 0 0 0
6x9
8 2 3 1 1 3 1 3 1 
7 3 1 1 3 1 1 1 0 
8 1 1 1 3 1 3 1 1 
6 3 1 1 3 1 1 0 0 
6 1 3 1 1 3 1 0 0 
1 72 0 0 0 0 0 0 0
6x9
6 1 1 1 3 1 1 0 0 
8 2 3 1 1 3 1 1 1 
8 1 1 1 3 1 3 1 1 
6 3 1 1 3 1 1 0 0 
6 1 3 1 1 3 1 0 0 
1 72 0 0 0 0 0 0 0
5x9
7 3 1 1 3 1 3 1 0 
1 2 0 0 0 0 0 0 0 
7 3 1 1 3 1 1 1 0 
8 1 1 1 3 1 3 1 1 
9 16 0 0 0 0 0 0 0
