#6
9x15
13 1 1 1 1 1 2 1 2 2 1 1 2 2 0 
12 1 1 1 2 2 2 1 1 2 2 2 1 0 0 
2 2 2 0 0 0 0 0 0 0 0 0 0 0 0 
14 1 1 1 1 1 2 2 1 2 1 1 2 1 1 
10 1 1 1 1 2 2 1 2 2 1 0 0 0 0 
8 2 1 1 2 1 2 2 1 0 0 0 0 0 0 
14 1 1 1 1 1 2 1 1 2 1 2 2 1 1 
8 1 2 1 2 1 2 1 2 0 0 0 0 0 0 
1 576 0 0 0 0 0 0 0 0 0 0 0 0 0
9x15
7 1 1 1 2 2 2 2 0 0 0 0 0 0 0 
12 1 1 1 2 2 2 1 1 2 2 2 1 0 0 
2 2 2 0 0 0 0 0 0 0 0 0 0 0 0 
14 1 1 1 1 1 2 2 1 2 1 1 2 1 1 
10 1 1 1 1 2 2 1 2 2 1 0 0 0 0 
8 2 1 1 2 1 2 2 1 0 0 0 0 0 0 
14 1 1 1 1 1 2 1 1 2 1 2 2 1 1 
8 1 2 1 2 1 2 1 2 0 0 0 0 0 0 
1 576 0 0 0 0 0 0 0 0 0 0 0 0 0
9x15
8 1 1 2 1 2 2 1 1 0 0 0 0 0 0 
12 1 1 1 2 2 2 1 1 2 2 2 1 0 0 
2 2 2 0 0 0 0 0 0 0 0 0 0 0 0 
14 1 1 1 1 1 2 2 1 2 1 1 2 1 1 
10 1 1 1 1 2 2 1 2 2 1 0 0 0 0 
8 2 1 1 2 1 2 2 1 0 0 0 0 0 0 
14 1 1 1 1 1 2 1 1 2 1 2 2 1 1 
8 1 2 1 2 1 2 1 2 0 0 0 0 0 0 
1 576 0 0 0 0 0 0 0 0 0 0 0 0 0
9x15
13 1 1 1 1 1 2 1 2 2 1 1 2 2 0 
7 1 1 1 2 2 2 2 0 0 0 0 0 0 0 
2 2 2 0 0 0 0 0 0 0 0 0 0 0 0 
14 1 1 1 1 1 2 2 1 2 1 1 2 1 1 
10 1 1 1 1 2 2 1 2 2 1 0 0 0 0 
8 2 1 1 2 1 2 2 1 0 0 0 0 0 0 
14 1 1 1 1 1 2 1 1 2 1 2 2 1 1 
8 1 2 1 2 1 2 1 2 0 0 0 0 0 0 
3 384 0 0 0 0 0 0 0 0 0 0 0 0 0
9x15
13 1 1 1 1 1 2 1 2 2 1 1 2 2 0 
7 1 1 1 2 2 2 2 0 0 0 0 0 0 0 
12 1 1 1 2 2 2 1 1 2 2 2 1 0 0 
14 1 1 1 1 1 2 2 1 2 1 1 2 1 1 
10 1 1 1 1 2 2 1 2 2 1 0 0 0 0 
8 2 1 1 2 1 2 2 1 0 0 0 0 0 0 
14 1 1 1 1 1 2 1 1 2 1 2 2 1 1 
8 1 2 1 2 1 2 1 2 0 0 0 0 0 0 
3 384 0 0 0 0 0 0 0 0 0 0 0 0 0
6x14
13 1 1 1 1 1 2 1 2 2 1 1 2 2 
7 1 1 1 2 2 2 2 0 0 0 0 0 0 
12 1 1 1 2 2 2 1 1 2 2 2 1 0 
2 2 2 0 0 0 0 0 0 0 0 0 0 0 
8 1 2 1 2 1 2 1 2 0 0 0 0 0 
16 72 0 0 0 0 0 0 0 0 0 0 0 0
