#9
6x7
3 1 3 1 0 0 0 
6 1 2 2 3 2 3 
2 3 3 0 0 0 0 
6 2 1 3 1 2 3 
2 2 2 0 0 0 0 
1 72 0 0 0 0 0
6x7
3 1 3 1 0 0 0 
3 3 1 3 0 0 0 
2 3 3 0 0 0 0 
6 2 1 3 1 2 3 
2 2 2 0 0 0 0 
1 72 0 0 0 0 0
6x7
3 1 3 1 0 0 0 
5 2 2 2 3 3 0 
2 3 3 0 0 0 0 
6 2 1 3 1 2 3 
2 2 2 0 0 0 0 
1 72 0 0 0 0 0
6x7
6 1 2 2 3 2 3 
3 3 1 3 0 0 0 
2 3 3 0 0 0 0 
6 2 1 3 1 2 3 
2 2 2 0 0 0 0 
1 72 0 0 0 0 0
6x7
4 2 3 1 2 0 0 
6 1 2 2 3 2 3 
2 3 3 0 0 0 0 
6 2 1 3 1 2 3 
2 2 2 0 0 0 0 
1 72 0 0 0 0 0
6x8
7 1 2 2 1 3 1 2 
3 3 1 3 0 0 0 0 
2 3 3 0 0 0 0 0 
6 2 1 3 1 2 3 0 
2 2 2 0 0 0 0 0 
1 72 0 0 0 0 0 0
6x7
4 2 3 1 2 0 0 
5 2 2 2 3 3 0 
2 3 3 0 0 0 0 
6 2 1 3 1 2 3 
2 2 2 0 0 0 0 
1 72 0 0 0 0 0
6x9
3 1 3 1 0 0 0 0 0 
6 1 2 2 3 2 3 0 0 
3 3 1 3 0 0 0 0 0 
2 3 3 0 0 0 0 0 0 
8 1 2 2 2 3 1 2 3 
3 48 0 0 0 0 0 0 0
6x7
3 1 3 1 0 0 0 
6 1 2 2 3 2 3 
3 3 1 3 0 0 0 
2 3 3 0 0 0 0 
6 1 2 3 1 2 3 
3 48 0 0 0 0 0
#6 1 1 0
0 2 group.195 1 1 0
1 1 group.193 1 1 0
2 2 group.191 1 1 0
3 1 group.130 1 1 0
5 1 group.194 1 1 0
7 6 group.190 1 1 0
