#9
8x13
3 3 3 3 0 0 0 0 0 0 0 0 0 
1 2 0 0 0 0 0 0 0 0 0 0 0 
2 1 1 0 0 0 0 0 0 0 0 0 0 
12 1 1 1 1 1 1 3 1 3 1 3 3 
10 1 1 1 1 1 1 3 1 3 1 0 0 
8 1 1 3 1 3 3 1 3 0 0 0 0 
4 1 1 1 1 0 0 0 0 0 0 0 0 
1 192 0 0 0 0 0 0 0 0 0 0 0
8x13
3 3 3 3 0 0 0 0 0 0 0 0 0 
1 1 0 0 0 0 0 0 0 0 0 0 0 
2 1 1 0 0 0 0 0 0 0 0 0 0 
12 1 1 1 1 1 1 3 1 3 1 3 3 
10 1 1 1 1 1 1 3 1 3 1 0 0 
8 1 1 3 1 3 3 1 3 0 0 0 0 
4 1 1 1 1 0 0 0 0 0 0 0 0 
1 192 0 0 0 0 0 0 0 0 0 0 0
8x13
3 3 3 3 0 0 0 0 0 0 0 0 0 
4 1 1 1 2 0 0 0 0 0 0 0 0 
2 1 1 0 0 0 0 0 0 0 0 0 0 
12 1 1 1 1 1 1 3 1 3 1 3 3 
10 1 1 1 1 1 1 3 1 3 1 0 0 
8 1 1 3 1 3 3 1 3 0 0 0 0 
4 1 1 1 1 0 0 0 0 0 0 0 0 
1 192 0 0 0 0 0 0 0 0 0 0 0
8x13
1 2 0 0 0 0 0 0 0 0 0 0 0 
1 1 0 0 0 0 0 0 0 0 0 0 0 
2 1 1 0 0 0 0 0 0 0 0 0 0 
12 1 1 1 1 1 1 3 1 3 1 3 3 
10 1 1 1 1 1 1 3 1 3 1 0 0 
8 1 1 3 1 3 3 1 3 0 0 0 0 
4 1 1 1 1 0 0 0 0 0 0 0 0 
1 192 0 0 0 0 0 0 0 0 0 0 0
8x13
4 1 3 3 3 0 0 0 0 0 0 0 0 
1 2 0 0 0 0 0 0 0 0 0 0 0 
2 1 1 0 0 0 0 0 0 0 0 0 0 
12 1 1 1 1 1 1 3 1 3 1 3 3 
10 1 1 1 1 1 1 3 1 3 1 0 0 
8 1 1 3 1 3 3 1 3 0 0 0 0 
4 1 1 1 1 0 0 0 0 0 0 0 0 
1 192 0 0 0 0 0 0 0 0 0 0 0
8x13
4 2 3 3 3 0 0 0 0 0 0 0 0 
1 1 0 0 0 0 0 0 0 0 0 0 0 
2 1 1 0 0 0 0 0 0 0 0 0 0 
12 1 1 1 1 1 1 3 1 3 1 3 3 
10 1 1 1 1 1 1 3 1 3 1 0 0 
8 1 1 3 1 3 3 1 3 0 0 0 0 
4 1 1 1 1 0 0 0 0 0 0 0 0 
1 192 0 0 0 0 0 0 0 0 0 0 0
8x13
4 1 3 3 3 0 0 0 0 0 0 0 0 
4 1 1 1 2 0 0 0 0 0 0 0 0 
2 1 1 0 0 0 0 0 0 0 0 0 0 
12 1 1 1 1 1 1 3 1 3 1 3 3 
10 1 1 1 1 1 1 3 1 3 1 0 0 
8 1 1 3 1 3 3 1 3 0 0 0 0 
4 1 1 1 1 0 0 0 0 0 0 0 0 
1 192 0 0 0 0 0 0 0 0 0 0 0
8x11
3 3 3 3 0 0 0 0 0 0 0 
1 2 0 0 0 0 0 0 0 0 0 
1 1 0 0 0 0 0 0 0 0 0 
2 1 1 0 0 0 0 0 0 0 0 
10 1 1 1 1 1 1 3 1 3 1 
8 1 1 3 1 3 3 1 3 0 0 
4 1 1 1 1 0 0 0 0 0 0 
3 128 0 0 0 0 0 0 0 0 0
7x13
3 3 3 3 0 0 0 0 0 0 0 0 0 
1 2 0 0 0 0 0 0 0 0 0 0 0 
1 1 0 0 0 0 0 0 0 0 0 0 0 
2 1 1 0 0 0 0 0 0 0 0 0 0 
12 1 1 1 1 1 1 3 1 3 1 3 3 
4 1 1 1 1 0 0 0 0 0 0 0 0 
4 96 0 0 0 0 0 0 0 0 0 0 0
