#9
5x9
8 1 3 1 3 1 3 3 3 
2 1 2 0 0 0 0 0 0 
4 1 3 3 1 0 0 0 0 
6 1 3 1 3 3 3 0 0 
1 36 0 0 0 0 0 0 0
5x9
8 1 3 1 3 1 3 3 3 
1 1 0 0 0 0 0 0 0 
4 1 3 3 1 0 0 0 0 
6 1 3 1 3 3 3 0 0 
1 36 0 0 0 0 0 0 0
5x9
8 1 3 1 3 1 3 3 3 
1 2 0 0 0 0 0 0 0 
4 1 3 3 1 0 0 0 0 
6 1 3 1 3 3 3 0 0 
1 36 0 0 0 0 0 0 0
5x7
2 1 2 0 0 0 0 
1 1 0 0 0 0 0 
4 1 3 3 1 0 0 
6 1 3 1 3 3 3 
1 36 0 0 0 0 0
5x8
7 3 1 3 1 3 3 3 
2 1 2 0 0 0 0 0 
4 1 3 3 1 0 0 0 
6 1 3 1 3 3 3 0 
1 36 0 0 0 0 0 0
5x9
8 2 3 1 3 1 3 3 3 
1 1 0 0 0 0 0 0 0 
4 1 3 3 1 0 0 0 0 
6 1 3 1 3 3 3 0 0 
1 36 0 0 0 0 0 0 0
5x8
7 3 1 3 1 3 3 3 
1 2 0 0 0 0 0 0 
4 1 3 3 1 0 0 0 
6 1 3 1 3 3 3 0 
1 36 0 0 0 0 0 0
5x9
8 1 3 1 3 1 3 3 3 
2 1 2 0 0 0 0 0 0 
1 1 0 0 0 0 0 0 0 
4 1 3 3 1 0 0 0 0 
3 24 0 0 0 0 0 0 0
5x9
8 1 3 1 3 1 3 3 3 
2 1 2 0 0 0 0 0 0 
1 1 0 0 0 0 0 0 0 
4 1 3 1 3 0 0 0 0 
3 24 0 0 0 0 0 0 0
#9 1 1 0
0 1 group.124 3 1 0
1 1 group.124 2 1 0
2 1 group.123 1 1 0
3 1 group.127 1 1 0
4 1 group.125 1 1 0
5 1 group.125 2 1 0
6 1 group.121 1 1 0
7 3 group.86 2 2 0
8 3 group.88 1 2 0
#9 2 1 0
0 1 group.124 2 1 0
1 1 group.124 1 1 0
2 1 group.123 2 1 0
3 1 group.127 2 1 0
4 1 group.125 3 1 0
5 1 group.125 4 1 0
6 1 group.121 1 1 0
7 3 group.86 1 2 0
8 3 group.88 1 2 0
