#4
5x9
3 2 2 2 0 0 0 0 0 
6 1 2 2 2 1 2 0 0 
6 1 2 2 2 2 1 0 0 
8 1 2 1 2 2 1 2 1 
1 36 0 0 0 0 0 0 0
5x9
7 1 2 1 2 2 1 2 0 
6 1 2 2 2 1 2 0 0 
6 1 2 2 2 2 1 0 0 
8 1 2 1 2 2 1 2 1 
1 36 0 0 0 0 0 0 0
5x9
4 2 1 2 2 0 0 0 0 
6 1 2 2 2 1 2 0 0 
6 1 2 2 2 2 1 0 0 
8 1 2 1 2 2 1 2 1 
1 36 0 0 0 0 0 0 0
4x8
3 2 2 2 0 0 0 0 
7 1 2 1 2 2 1 2 
6 1 2 2 2 1 2 0 
9 8 0 0 0 0 0 0
#4 1 1 0
0 1 group.189 1 1 0
1 1 group.124 3 1 0
2 1 min.53 1 1 0
3 9 group.49 1 7 0
#4 2 1 0
0 1 group.189 3 1 0
1 1 group.124 1 1 0
2 1 min.53 2 1 0
3 9 group.49 1 7 0
#4 3 1 0
0 1 group.189 4 1 0
1 1 group.124 1 2 0
2 1 min.53 3 1 0
3 9 group.49 1 7 0
#4 4 1 0
0 1 group.189 5 1 0
1 1 group.124 1 2 0
2 1 min.53 4 1 0
3 9 group.49 1 7 0
