AT 4
3.097721405958827941e-9
0
0
0
DERIV 1
-7.174931921584133620e-9
0
0
0
DERIV 2
8.715455945632548778e-9
0
0
0
DERIV 3
-7.415253388980444903e-9
0
0
0
DERIV 4
4.978092255820359202e-9
0
0
0
DERIV 5
-2.815518055193556472e-9
0
0
0
DERIV 6
1.3983251872100847606e-9
0
0
0
DERIV 7
-6.274169812836555595e-10
0
0
0
DERIV 8
2.596087691271804176e-10
0
0
0
DERIV 9
-1.0059297008266183282e-10
0
0
0
DERIV 10
3.693305636472449068e-11
0
0
0
DERIV 11
-1.2967473318960763413e-11
0
0
0
DERIV 12
4.385812916904075920e-12
0
0
0
DERIV 13
-1.4372502599806379844e-12
0
0
0
DERIV 14
4.585124006072347863e-13
0
0
0
DERIV 15
-1.4294791880185946036e-13
0
0
0
DERIV 16
4.369053521063038608e-14
0
0
0
DERIV 17
-1.3125579950426154292e-14
0
0
0
DERIV 18
3.884375445534965484e-15
0
0
0
DERIV 19
-1.1344701115974711923e-15
0
0
0
DERIV 20
3.274974578093180911e-16
0
0
0
DERIV 21
-9.357040660891609317e-17
0
0
0
DERIV 22
2.6489531585017034217e-17
0
0
0
DERIV 23
-7.437651259496670831e-18
0
0
0
DERIV 24
2.0729382765792285402e-18
0
0
0
DERIV 25
-5.739066051513586035e-19
0
0
0
DERIV 26
1.5793385894518629307e-19
0
0
0
DERIV 27
-4.322441872966515398e-20
0
0
0
DERIV 28
1.1771034996080891142e-20
0
0
0
DERIV 29
-3.1909397375220112262e-21
0
0
0
DERIV 30
8.614035027410662290e-22
0
0
0
DERIV 31
-2.316466563347699429e-22
0
0
0
DERIV 32
6.207378803857464957e-23
0
0
0
DERIV 33
-1.6579481487677979745e-23
0
0
0
DERIV 34
4.414889021254841893e-24
0
0
0
DERIV 35
-1.1723302155012084146e-24
0
0
0
AT 33/8
2.323685479667298024e-9
0
0
0
DERIV 1
-5.307963277585023529e-9
0
0
0
DERIV 2
6.351186310749120165e-9
0
0
0
DERIV 3
-5.316457682173099491e-9
0
0
0
DERIV 4
3.507313644297276117e-9
0
0
0
DERIV 5
-1.947082335442629331e-9
0
0
0
DERIV 6
9.481357014776043809e-10
0
0
0
DERIV 7
-4.166830199508652787e-10
0
0
0
DERIV 8
1.6870968147075471135e-10
0
0
0
DERIV 9
-6.391142546486081288e-11
0
0
0
DERIV 10
2.2922986540023080875e-11
0
0
0
DERIV 11
-7.856808181363149141e-12
0
0
0
DERIV 12
2.5923794602674395258e-12
0
0
0
DERIV 13
-8.283083359410213037e-13
0
0
0
DERIV 14
2.575154187890200423e-13
0
0
0
DERIV 15
-7.820397919132687243e-14
0
0
0
DERIV 16
2.3273719204295389436e-14
0
0
0
DERIV 17
-6.805694653066085704e-15
0
0
0
DERIV 18
1.9598191078810522852e-15
0
0
0
DERIV 19
-5.568125231950140765e-16
0
0
0
DERIV 20
1.5632860633270673874e-16
0
0
0
DERIV 21
-4.342986897035330220e-17
0
0
0
DERIV 22
1.1952497321371441934e-17
0
0
0
DERIV 23
-3.2619567701518366068e-18
0
0
0
DERIV 24
8.835234336849854391e-19
0
0
0
DERIV 25
-2.376841680796254158e-19
0
0
0
DERIV 26
6.354853385298221249e-20
0
0
0
DERIV 27
-1.6895842114715708601e-20
0
0
0
DERIV 28
4.469299549417052297e-21
0
0
0
DERIV 29
-1.1767260430157298190e-21
0
0
0
DERIV 30
3.085011502951610742e-22
0
0
0
DERIV 31
-8.056274402109827316e-23
0
0
0
DERIV 32
2.0962451639956735214e-23
0
0
0
DERIV 33
-5.436263634373812869e-24
0
0
0
DERIV 34
1.4054569385629498328e-24
0
0
0
DERIV 35
-3.623184320773080440e-25
0
0
0
AT 17/4
1.7498439349329271099e-9
0
0
0
DERIV 1
-3.944188482277544681e-9
0
0
0
DERIV 2
4.651518501017789928e-9
0
0
0
DERIV 3
-3.833287366738164395e-9
0
0
0
DERIV 4
2.486776967073479572e-9
0
0
0
DERIV 5
-1.3560547191667505921e-9
0
0
0
DERIV 6
6.479360562525128942e-10
0
0
0
DERIV 7
-2.791263063508340487e-10
0
0
0
DERIV 8
1.1067855554812971955e-10
0
0
0
DERIV 9
-4.102595586821879782e-11
0
0
0
DERIV 10
1.4386997255403702770e-11
0
0
0
DERIV 11
-4.817915518948861581e-12
0
0
0
DERIV 12
1.5522181107731822614e-12
0
0
0
DERIV 13
-4.839985012874520974e-13
0
0
0
DERIV 14
1.4676981696881474163e-13
0
0
0
DERIV 15
-4.345622520388097141e-14
0
0
0
DERIV 16
1.2604000512126658960e-14
0
0
0
DERIV 17
-3.590737286994298885e-15
0
0
0
DERIV 18
1.0070747524535693684e-15
0
0
0
DERIV 19
-2.785929382776636858e-16
0
0
0
DERIV 20
7.613928285357361744e-17
0
0
0
DERIV 21
-2.0586060570226021935e-17
0
0
0
DERIV 22
5.512808447615735635e-18
0
0
0
DERIV 23
-1.4636788021505809553e-18
0
0
0
DERIV 24
3.856296574835723895e-19
0
0
0
DERIV 25
-1.0089636304447053053e-19
0
0
0
DERIV 26
2.6232985402409474053e-20
0
0
0
DERIV 27
-6.781693661551730258e-21
0
0
0
DERIV 28
1.7440853922977962798e-21
0
0
0
DERIV 29
-4.464075029359214934e-22
0
0
0
DERIV 30
1.1376331773855159148e-22
0
0
0
DERIV 31
-2.887578361338388075e-23
0
0
0
DERIV 32
7.302360584395295299e-24
0
0
0
DERIV 33
-1.8404056817721135431e-24
0
0
0
DERIV 34
4.623756462139711505e-25
0
0
0
DERIV 35
-1.1582618891419188062e-25
0
0
0
AT 35/8
1.3225815465018756007e-9
0
0
0
DERIV 1
-2.943110009136464414e-9
0
0
0
DERIV 2
3.422890718884080267e-9
0
0
0
DERIV 3
-2.778680763298528523e-9
0
0
0
DERIV 4
1.7737664169845903597e-9
0
0
0
DERIV 5
-9.507448558588351432e-10
0
0
0
DERIV 6
4.460663715283612507e-10
0
0
0
DERIV 7
-1.8850648737500026107e-10
0
0
0
DERIV 8
7.325769649414768338e-11
0
0
0
DERIV 9
-2.6591922491061483350e-11
0
0
0
DERIV 10
9.124969774894108274e-12
0
0
0
DERIV 11
-2.9880745133922079840e-12
0
0
0
DERIV 12
9.407780331820186860e-13
0
0
0
DERIV 13
-2.865104064997468904e-13
0
0
0
DERIV 14
8.481665548440731025e-14
0
0
0
DERIV 15
-2.4504972415916481096e-14
0
0
0
DERIV 16
6.932654655084790223e-15
0
0
0
DERIV 17
-1.9258112719917741892e-15
0
0
0
DERIV 18
5.264988394645099643e-16
0
0
0
DERIV 19
-1.4193606777156505898e-16
0
0
0
DERIV 20
3.779310706549290641e-17
0
0
0
DERIV 21
-9.953221534860294794e-18
0
0
0
DERIV 22
2.5957643209781091303e-18
0
0
0
DERIV 23
-6.710641562153818496e-19
0
0
0
DERIV 24
1.7212586963098558633e-19
0
0
0
DERIV 25
-4.383761544265344171e-20
0
0
0
DERIV 26
1.1093253059664381799e-20
0
0
0
DERIV 27
-2.7908625507618786533e-21
0
0
0
DERIV 28
6.984108419033759287e-22
0
0
0
DERIV 29
-1.7393044095249928690e-22
0
0
0
DERIV 30
4.312298321173599722e-23
0
0
0
DERIV 31
-1.0647987533610129012e-23
0
0
0
DERIV 32
2.6193400618307080102e-24
0
0
0
DERIV 33
-6.421067828578249512e-25
0
0
0
DERIV 34
1.5690119922110372739e-25
0
0
0
DERIV 35
-3.822524853193444529e-26
0
0
0
AT 9/2
1.0031540018856020757e-9
0
0
0
DERIV 1
-2.204864107911787177e-9
0
0
0
DERIV 2
2.530126926215438183e-9
0
0
0
DERIV 3
-2.024420574599376683e-9
0
0
0
DERIV 4
1.2723680791741072556e-9
0
0
0
DERIV 5
-6.707889777727658691e-10
0
0
0
DERIV 6
3.092394996211789952e-10
0
0
0
DERIV 7
-1.2828782792593002511e-10
0
0
0
DERIV 8
4.889816542152310505e-11
0
0
0
DERIV 9
-1.7394610341054514773e-11
0
0
0
DERIV 10
5.845179103023960097e-12
0
0
0
DERIV 11
-1.8731184067077472192e-12
0
0
0
DERIV 12
5.767713146329244131e-13
0
0
0
DERIV 13
-1.7169687953634241797e-13
0
0
0
DERIV 14
4.965888784413899993e-14
0
0
0
DERIV 15
-1.4011202771239514719e-14
0
0
0
DERIV 16
3.869532229443430213e-15
0
0
0
DERIV 17
-1.0489655743394782559e-15
0
0
0
DERIV 18
2.797698286743232812e-16
0
0
0
DERIV 19
-7.355869115701969667e-17
0
0
0
DERIV 20
1.9097922683128604605e-17
0
0
0
DERIV 21
-4.903150518438303752e-18
0
0
0
DERIV 22
1.2463222467127237640e-18
0
0
0
DERIV 23
-3.139834628319703575e-19
0
0
0
DERIV 24
7.846901279116680832e-20
0
0
0
DERIV 25
-1.9469131713649134727e-20
0
0
0
DERIV 26
4.798995774181581274e-21
0
0
0
DERIV 27
-1.1759017086659765121e-21
0
0
0
DERIV 28
2.865751899132433708e-22
0
0
0
DERIV 29
-6.949542814954044131e-23
0
0
0
DERIV 30
1.6776603603972823719e-23
0
0
0
DERIV 31
-4.033129765474117812e-24
0
0
0
DERIV 32
9.658588095014809614e-25
0
0
0
DERIV 33
-2.304869676809793492e-25
0
0
0
DERIV 34
5.482205455893140586e-26
0
0
0
DERIV 35
-1.3000017663585335127e-26
0
0
0
AT 37/8
7.634165623398870707e-10
0
0
0
DERIV 1
-1.6580521739685721037e-9
0
0
0
DERIV 2
1.878207563335412010e-9
0
0
0
DERIV 3
-1.4819855449924913445e-9
0
0
0
DERIV 4
9.176064799390158335e-10
0
0
0
DERIV 5
-4.760987917367536118e-10
0
0
0
DERIV 6
2.1580196546253358542e-10
0
0
0
DERIV 7
-8.794218459641886030e-11
0
0
0
DERIV 8
3.289896633661444401e-11
0
0
0
DERIV 9
-1.1477201526985735594e-11
0
0
0
DERIV 10
3.779488898575894126e-12
0
0
0
DERIV 11
-1.1861116760586884320e-12
0
0
0
DERIV 12
3.574607155320227410e-13
0
0
0
DERIV 13
-1.0409197070918475471e-13
0
0
0
DERIV 14
2.943557687676250215e-14
0
0
0
DERIV 15
-8.116800770253951221e-15
0
0
0
DERIV 16
2.1899560844834859334e-15
0
0
0
DERIV 17
-5.797722673207037865e-16
0
0
0
DERIV 18
1.5096779890992652834e-16
0
0
0
DERIV 19
-3.874243952504741495e-17
0
0
0
DERIV 20
9.815298289104802816e-18
0
0
0
DERIV 21
-2.4584588897661078727e-18
0
0
0
DERIV 22
6.095426645053152010e-19
0
0
0
DERIV 23
-1.4975826830634062150e-19
0
0
0
DERIV 24
3.649423403421604917e-20
0
0
0
DERIV 25
-8.827811588555564962e-21
0
0
0
DERIV 26
2.1211992645001921041e-21
0
0
0
DERIV 27
-5.066127681500705203e-22
0
0
0
DERIV 28
1.2032937458663419150e-22
0
0
0
DERIV 29
-2.843644317308746971e-23
0
0
0
DERIV 30
6.689145863567879643e-24
0
0
0
DERIV 31
-1.5668276793473629470e-24
0
0
0
DERIV 32
3.655719022803230355e-25
0
0
0
DERIV 33
-8.498767419287094504e-26
0
0
0
DERIV 34
1.9691911707330627829e-26
0
0
0
DERIV 35
-4.548562789795145720e-27
0
0
0
AT 19/4
5.828228095546840766e-10
0
0
0
DERIV 1
-1.2513434443915651135e-9
0
0
0
DERIV 2
1.3999270445418872272e-9
0
0
0
DERIV 3
-1.0898416847672288855e-9
0
0
0
DERIV 4
6.651326049457064296e-10
0
0
0
DERIV 5
-3.398309780315409526e-10
0
0
0
DERIV 6
1.5154110260802911673e-10
0
0
0
DERIV 7
-6.070088351897152038e-11
0
0
0
DERIV 8
2.2301749263843681741e-11
0
0
0
DERIV 9
-7.635074486670401929e-12
0
0
0
DERIV 10
2.4655832218925541856e-12
0
0
0
DERIV 11
-7.582940970277821728e-13
0
0
0
DERIV 12
2.2382522056893750997e-13
0
0
0
DERIV 13
-6.380215286751848564e-14
0
0
0
DERIV 14
1.7653094251220982236e-14
0
0
0
DERIV 15
-4.760780611891368876e-15
0
0
0
DERIV 16
1.2557652057164406806e-15
0
0
0
DERIV 17
-3.249098662092477045e-16
0
0
0
DERIV 18
8.265912683919914334e-17
0
0
0
DERIV 19
-2.0719401725915119376e-17
0
0
0
DERIV 20
5.125930362422319502e-18
0
0
0
DERIV 21
-1.2534796269627928627e-18
0
0
0
DERIV 22
3.033607650849499602e-19
0
0
0
DERIV 23
-7.273968758694552820e-20
0
0
0
DERIV 24
1.7296651303588967703e-20
0
0
0
DERIV 25
-4.082126168966699633e-21
0
0
0
DERIV 26
9.568738528811991163e-22
0
0
0
DERIV 27
-2.229146512561610071e-22
0
0
0
DERIV 28
5.163894736660234447e-23
0
0
0
DERIV 29
-1.1900967289835854939e-23
0
0
0
DERIV 30
2.7298611207862763419e-24
0
0
0
DERIV 31
-6.234747510681406666e-25
0
0
0
DERIV 32
1.4182928584261110407e-25
0
0
0
DERIV 33
-3.214510312191214232e-26
0
0
0
DERIV 34
7.260811183200785413e-27
0
0
0
DERIV 35
-1.6348749392841168107e-27
0
0
0
AT 39/8
4.463027075212072712e-10
0
0
0
DERIV 1
-9.476402882192237568e-10
0
0
0
DERIV 2
1.0474735867824098675e-9
0
0
0
DERIV 3
-8.049372818246161866e-10
0
0
0
DERIV 4
4.844598521515470801e-10
0
0
0
DERIV 5
-2.438705377990813389e-10
0
0
0
DERIV 6
1.0704867315924830526e-10
0
0
0
DERIV 7
-4.217206626383794033e-11
0
0
0
DERIV 8
1.5226263362497443849e-11
0
0
0
DERIV 9
-5.118722839148948045e-12
0
0
0
DERIV 10
1.6220225126558054315e-12
0
0
0
DERIV 11
-4.891982104359859106e-13
0
0
0
DERIV 12
1.4151846012855381960e-13
0
0
0
DERIV 13
-3.951554670391383117e-14
0
0
0
DERIV 14
1.0704762950186621107e-14
0
0
0
DERIV 15
-2.8253636903902951933e-15
0
0
0
DERIV 16
7.290890214651718297e-16
0
0
0
DERIV 17
-1.8448644227553134590e-16
0
0
0
DERIV 18
4.588714456702927429e-17
0
0
0
DERIV 19
-1.1242405853127928908e-17
0
0
0
DERIV 20
2.7178912790645751350e-18
0
0
0
DERIV 21
-6.493223903192996031e-19
0
0
0
DERIV 22
1.5349782296890742381e-19
0
0
0
DERIV 23
-3.594499261104560527e-20
0
0
0
DERIV 24
8.346128330208193814e-21
0
0
0
DERIV 25
-1.9231094079995741440e-21
0
0
0
DERIV 26
4.400591827950334528e-22
0
0
0
DERIV 27
-1.0006524844770904129e-22
0
0
0
DERIV 28
2.2623734651217764169e-23
0
0
0
DERIV 29
-5.088262060673613502e-24
0
0
0
DERIV 30
1.1389107600677071585e-24
0
0
0
DERIV 31
-2.538018621335629336e-25
0
0
0
DERIV 32
5.632956180512893903e-26
0
0
0
DERIV 33
-1.2455182967050155688e-26
0
0
0
DERIV 34
2.7444661966593650475e-27
0
0
0
DERIV 35
-6.027947207469786531e-28
0
0
0
AT 5
3.427535262715618042e-10
0
0
0
DERIV 1
-7.199976470062667596e-10
0
0
0
DERIV 2
7.866436605998674027e-10
0
0
0
DERIV 3
-5.969664260421752505e-10
0
0
0
DERIV 4
3.544892009555463117e-10
0
0
0
DERIV 5
-1.7590216787154675347e-10
0
0
0
DERIV 6
7.604654630645742262e-11
0
0
0
DERIV 7
-2.948115759949190491e-11
0
0
0
DERIV 8
1.0466197900753120052e-11
0
0
0
DERIV 9
-3.4570847501278958986e-12
0
0
0
DERIV 10
1.0756205742679986174e-12
0
0
0
DERIV 11
-3.183221060598624639e-13
0
0
0
DERIV 12
9.030783032680120053e-14
0
0
0
DERIV 13
-2.4716401587863783963e-14
0
0
0
DERIV 14
6.559886930513689602e-15
0
0
0
DERIV 15
-1.6955622131149427933e-15
0
0
0
DERIV 16
4.283286392166073787e-16
0
0
0
DERIV 17
-1.0606511362142433321e-16
0
0
0
DERIV 18
2.5809554844416708231e-17
0
0
0
DERIV 19
-6.184629739678017682e-18
0
0
0
DERIV 20
1.4619997138111151040e-18
0
0
0
DERIV 21
-3.414624422048422394e-19
0
0
0
DERIV 22
7.889841260072911390e-20
0
0
0
DERIV 23
-1.8055622351297603705e-20
0
0
0
DERIV 24
4.096369279939798237e-21
0
0
0
DERIV 25
-9.221392942984619286e-22
0
0
0
DERIV 26
2.0612298767492798156e-22
0
0
0
DERIV 27
-4.577948117228230672e-23
0
0
0
DERIV 28
1.0108300153319709751e-23
0
0
0
DERIV 29
-2.2200746826817701096e-24
0
0
0
DERIV 30
4.852144602064835159e-25
0
0
0
DERIV 31
-1.0557221329684046859e-25
0
0
0
DERIV 32
2.2875453459642151417e-26
0
0
0
DERIV 33
-4.937786162093817597e-27
0
0
0
DERIV 34
1.0620904564563971225e-27
0
0
0
DERIV 35
-2.277032480967046287e-28
0
0
0
AT 41/8
2.639606312845923117e-10
0
0
0
DERIV 1
-5.487516350660508231e-10
0
0
0
DERIV 2
5.928396827391021128e-10
0
0
0
DERIV 3
-4.444710479099061777e-10
0
0
0
DERIV 4
2.605248283855332357e-10
0
0
0
DERIV 5
-1.2749462517326736923e-10
0
0
0
DERIV 6
5.431327472738173123e-11
0
0
0
DERIV 7
-2.0731086307950458730e-11
0
0
0
DERIV 8
7.240702156911363482e-12
0
0
0
DERIV 9
-2.3512568517405467595e-12
0
0
0
DERIV 10
7.187111131743715254e-13
0
0
0
DERIV 11
-2.0883240015663377456e-13
0
0
0
DERIV 12
5.813620010946726949e-14
0
0
0
DERIV 13
-1.5605367791160438254e-14
0
0
0
DERIV 14
4.060241770635051528e-15
0
0
0
DERIV 15
-1.0283847906269973798e-15
0
0
0
DERIV 16
2.544741511920046851e-16
0
0
0
DERIV 17
-6.170480285856979224e-17
0
0
0
DERIV 18
1.4698641125531398618e-17
0
0
0
DERIV 19
-3.4470267097075278355e-18
0
0
0
DERIV 20
7.972758113247154538e-19
0
0
0
DERIV 21
-1.8215512143050313792e-19
0
0
0
DERIV 22
4.116424040267487619e-20
0
0
0
DERIV 23
-9.211753672710414382e-21
0
0
0
DERIV 24
2.0433321818048141823e-21
0
0
0
DERIV 25
-4.496607338117874222e-22
0
0
0
DERIV 26
9.824438742733666310e-23
0
0
0
DERIV 27
-2.1325268890335397619e-23
0
0
0
DERIV 28
4.601485942989407967e-24
0
0
0
DERIV 29
-9.875109270697381779e-25
0
0
0
DERIV 30
2.108744932877169061e-25
0
0
0
DERIV 31
-4.482505034105555305e-26
0
0
0
DERIV 32
9.488322585958726511e-27
0
0
0
DERIV 33
-2.0006489239645101739e-27
0
0
0
DERIV 34
4.203311866957631048e-28
0
0
0
DERIV 35
-8.801679382351024933e-29
0
0
0
AT 21/4
2.0382160101397522976e-10
0
0
0
DERIV 1
-4.194871597284892140e-10
0
0
0
DERIV 2
4.482834631492359107e-10
0
0
0
DERIV 3
-3.321735421339740408e-10
0
0
0
DERIV 4
1.9226844321853725164e-10
0
0
0
DERIV 5
-9.283725375684517059e-11
0
0
0
DERIV 6
3.898972479133072908e-11
0
0
0
DERIV 7
-1.4660033823837068346e-11
0
0
0
DERIV 8
5.040038806230447273e-12
0
0
0
DERIV 9
-1.6098472526041205526e-12
0
0
0
DERIV 10
4.837077116235165735e-13
0
0
0
DERIV 11
-1.3807205815550372698e-13
0
0
0
DERIV 12
3.773912026984173018e-14
0
0
0
DERIV 13
-9.941147294038794209e-15
0
0
0
DERIV 14
2.5370738579003990941e-15
0
0
0
DERIV 15
-6.300525012976102167e-16
0
0
0
DERIV 16
1.5280728745094530819e-16
0
0
0
DERIV 17
-3.630401739270149112e-17
0
0
0
DERIV 18
8.470698716630694672e-18
0
0
0
DERIV 19
-1.9452590511784431788e-18
0
0
0
DERIV 20
4.404823349527569283e-19
0
0
0
DERIV 21
-9.850434307716961496e-20
0
0
0
DERIV 22
2.1784347433712971053e-20
0
0
0
DERIV 23
-4.769819120812525665e-21
0
0
0
DERIV 24
1.0350605611231070529e-21
0
0
0
DERIV 25
-2.228011874392172082e-22
0
0
0
DERIV 26
4.760914269043995446e-23
0
0
0
DERIV 27
-1.0105938316107607807e-23
0
0
0
DERIV 28
2.1322283972224687103e-24
0
0
0
DERIV 29
-4.473928618825289758e-25
0
0
0
DERIV 30
9.339945291080101640e-26
0
0
0
DERIV 31
-1.9407922255395557267e-26
0
0
0
DERIV 32
4.015627249895636571e-27
0
0
0
DERIV 33
-8.275815993336761343e-28
0
0
0
DERIV 34
1.6993395319552198275e-28
0
0
0
DERIV 35
-3.477582176330866682e-29
0
0
0
AT 43/8
1.5778560811226650678e-10
0
0
0
DERIV 1
-3.215913920778192910e-10
0
0
0
DERIV 2
3.400642252041190324e-10
0
0
0
DERIV 3
-2.491392502670166404e-10
0
0
0
DERIV 4
1.4246153571389696668e-10
0
0
0
DERIV 5
-6.790006107653807448e-11
0
0
0
DERIV 6
2.8126074700738096952e-11
0
0
0
DERIV 7
-1.0422438072508343643e-11
0
0
0
DERIV 8
3.5287693031194650181e-12
0
0
0
DERIV 9
-1.1092438318128233191e-12
0
0
0
DERIV 10
3.277906703109762418e-13
0
0
0
DERIV 11
-9.196664060435326632e-14
0
0
0
DERIV 12
2.4693846115904983818e-14
0
0
0
DERIV 13
-6.386880875517086491e-15
0
0
0
DERIV 14
1.5997207797656248369e-15
0
0
0
DERIV 15
-3.897349017147625589e-16
0
0
0
DERIV 16
9.269550299374819219e-17
0
0
0
DERIV 17
-2.1589777888211467568e-17
0
0
0
DERIV 18
4.937000818281733837e-18
0
0
0
DERIV 19
-1.1108532890389810162e-18
0
0
0
DERIV 20
2.463994255532959609e-19
0
0
0
DERIV 21
-5.396418966886556054e-20
0
0
0
DERIV 22
1.1685583559644288097e-20
0
0
0
DERIV 23
-2.5048866796501612843e-21
0
0
0
DERIV 24
5.320645640506279009e-22
0
0
0
DERIV 25
-1.1209004549551476238e-22
0
0
0
DERIV 26
2.3438790458332934390e-23
0
0
0
DERIV 27
-4.868175159890742027e-24
0
0
0
DERIV 28
1.0048979417766703963e-24
0
0
0
DERIV 29
-2.0626900154719732404e-25
0
0
0
DERIV 30
4.212185918147011182e-26
0
0
0
DERIV 31
-8.561016730090112319e-27
0
0
0
DERIV 32
1.7324092540991615862e-27
0
0
0
DERIV 33
-3.491636375505183553e-28
0
0
0
DERIV 34
7.011194697257862811e-29
0
0
0
DERIV 35
-1.4029999158050662634e-29
0
0
0
AT 11/2
1.2244639855109610937e-10
0
0
0
DERIV 1
-2.472187585833752476e-10
0
0
0
DERIV 2
2.587632823169355066e-10
0
0
0
DERIV 3
-1.8750255801711875033e-10
0
0
0
DERIV 4
1.0595986459471739949e-10
0
0
0
DERIV 5
-4.987116301914812999e-11
0
0
0
DERIV 6
2.0383883753230420921e-11
0
0
0
DERIV 7
-7.447644392486133325e-12
0
0
0
DERIV 8
2.4844607073839712202e-12
0
0
0
DERIV 9
-7.689528142293172767e-13
0
0
0
DERIV 10
2.2359227056852926974e-13
0
0
0
DERIV 11
-6.169105360286328722e-14
0
0
0
DERIV 12
1.6280856767817896985e-14
0
0
0
DERIV 13
-4.136753048392166838e-15
0
0
0
DERIV 14
1.0174257228331426942e-15
0
0
0
DERIV 15
-2.432987231408254495e-16
0
0
0
DERIV 16
5.677836532599760103e-17
0
0
0
DERIV 17
-1.2971307317189931452e-17
0
0
0
DERIV 18
2.9085885712630309074e-18
0
0
0
DERIV 19
-6.415707248026608787e-19
0
0
0
DERIV 20
1.3947397229259341419e-19
0
0
0
DERIV 21
-2.993175006213964541e-20
0
0
0
DERIV 22
6.349893117897010663e-21
0
0
0
DERIV 23
-1.3332710973372614326e-21
0
0
0
DERIV 24
2.773583161594840753e-22
0
0
0
DERIV 25
-5.721750929907180351e-23
0
0
0
DERIV 26
1.1714572839740985252e-23
0
0
0
DERIV 27
-2.3819696345191027171e-24
0
0
0
DERIV 28
4.813097779034463696e-25
0
0
0
DERIV 29
-9.670020000250354809e-26
0
0
0
DERIV 30
1.9326499128052626626e-26
0
0
0
DERIV 31
-3.844041364030445109e-27
0
0
0
DERIV 32
7.611984986218877322e-28
0
0
0
DERIV 33
-1.5011753298506480981e-28
0
0
0
DERIV 34
2.949320720575506872e-29
0
0
0
DERIV 35
-5.774173940076617656e-30
0
0
0
AT 45/8
9.524543559070601432e-11
0
0
0
DERIV 1
-1.9054664424548154249e-10
0
0
0
DERIV 2
1.9747964200434643303e-10
0
0
0
DERIV 3
-1.4157837730344531797e-10
0
0
0
DERIV 4
7.909841627152470526e-11
0
0
0
DERIV 5
-3.677730829817622988e-11
0
0
0
DERIV 6
1.4838638004447723826e-11
0
0
0
DERIV 7
-5.347917427093743798e-12
0
0
0
DERIV 8
1.7585372101588818694e-12
0
0
0
DERIV 9
-5.361468508666204182e-13
0
0
0
DERIV 10
1.5347390876557623501e-13
0
0
0
DERIV 11
-4.166219227533128040e-14
0
0
0
DERIV 12
1.0812043206982775735e-14
0
0
0
DERIV 13
-2.7001567689535455090e-15
0
0
0
DERIV 14
6.524368638825354163e-16
0
0
0
DERIV 15
-1.5321729345197194623e-16
0
0
0
DERIV 16
3.510151262396873789e-17
0
0
0
DERIV 17
-7.869736007058639511e-18
0
0
0
DERIV 18
1.7312704479822185336e-18
0
0
0
DERIV 19
-3.745579195762520241e-19
0
0
0
DERIV 20
7.984663334740172553e-20
0
0
0
DERIV 21
-1.6799332949017482072e-20
0
0
0
DERIV 22
3.493329251015355286e-21
0
0
0
DERIV 23
-7.188356563332850083e-22
0
0
0
DERIV 24
1.4652863489296758953e-22
0
0
0
DERIV 25
-2.961549487649609693e-23
0
0
0
DERIV 26
5.939768643287047652e-24
0
0
0
DERIV 27
-1.1829917101214078404e-24
0
0
0
DERIV 28
2.341135131466978653e-25
0
0
0
DERIV 29
-4.606206776881365096e-26
0
0
0
DERIV 30
9.014570773748978832e-27
0
0
0
DERIV 31
-1.7555794149001718456e-27
0
0
0
DERIV 32
3.403600376896921437e-28
0
0
0
DERIV 33
-6.571288054149194916e-29
0
0
0
DERIV 34
1.2638399970008477450e-29
0
0
0
DERIV 35
-2.4220640314362666102e-30
0
0
0
AT 23/4
7.425444713619651934e-11
0
0
0
DERIV 1
-1.4723757731575173627e-10
0
0
0
DERIV 2
1.5113601266205029431e-10
0
0
0
DERIV 3
-1.0723884492705140217e-10
0
0
0
DERIV 4
5.925293229616807789e-11
0
0
0
DERIV 5
-2.7226157251200887735e-11
0
0
0
DERIV 6
1.0847925839517729616e-11
0
0
0
DERIV 7
-3.858104283526127342e-12
0
0
0
DERIV 8
1.2510646615543905782e-12
0
0
0
DERIV 9
-3.758963356532160867e-13
0
0
0
DERIV 10
1.0597643096436312545e-13
0
0
0
DERIV 11
-2.8317829453961988210e-14
0
0
0
DERIV 12
7.230037111546856016e-15
0
0
0
DERIV 13
-1.7755281704633063072e-15
0
0
0
DERIV 14
4.216891843558109130e-16
0
0
0
DERIV 15
-9.729811906355007673e-17
0
0
0
DERIV 16
2.1893193231472039880e-17
0
0
0
DERIV 17
-4.819359792216121637e-18
0
0
0
DERIV 18
1.0406706846305804123e-18
0
0
0
DERIV 19
-2.209391187087924693e-19
0
0
0
DERIV 20
4.620754586585481884e-20
0
0
0
DERIV 21
-9.535833338483167480e-21
0
0
0
DERIV 22
1.9446132538704601165e-21
0
0
0
DERIV 23
-3.923515297537809675e-22
0
0
0
DERIV 24
7.840655965057073639e-23
0
0
0
DERIV 25
-1.5533581660519626143e-23
0
0
0
DERIV 26
3.0534381470719885601e-24
0
0
0
DERIV 27
-5.959607197961696990e-25
0
0
0
DERIV 28
1.1556667731933428490e-25
0
0
0
DERIV 29
-2.2278076482691665839e-26
0
0
0
DERIV 30
4.271387138304641291e-27
0
0
0
DERIV 31
-8.148894815388099114e-28
0
0
0
DERIV 32
1.5475288614490383979e-28
0
0
0
DERIV 33
-2.926461835511636862e-29
0
0
0
DERIV 34
5.512507000069102381e-30
0
0
0
DERIV 35
-1.0346227185341364480e-30
0
0
0
AT 47/8
5.801547408553881991e-11
0
0
0
DERIV 1
-1.1404882865718379590e-10
0
0
0
DERIV 2
1.1598202853271688130e-10
0
0
0
DERIV 3
-8.147366254933180636e-11
0
0
0
DERIV 4
4.453534477724003163e-11
0
0
0
DERIV 5
-2.0230113662079767825e-11
0
0
0
DERIV 6
7.962813097196076885e-12
0
0
0
DERIV 7
-2.7957607691732551863e-12
0
0
0
DERIV 8
8.943786583401423311e-13
0
0
0
DERIV 9
-2.649406934954770471e-13
0
0
0
DERIV 10
7.359835656586168076e-14
0
0
0
DERIV 11
-1.9366623172117054324e-14
0
0
0
DERIV 12
4.866813587792886342e-15
0
0
0
DERIV 13
-1.1758056150634954838e-15
0
0
0
DERIV 14
2.746096264891079386e-16
0
0
0
DERIV 15
-6.228333921186200047e-17
0
0
0
DERIV 16
1.3771008667627529568e-17
0
0
0
DERIV 17
-2.9777983495960016950e-18
0
0
0
DERIV 18
6.314550365182651505e-19
0
0
0
DERIV 19
-1.3161679339028831824e-19
0
0
0
DERIV 20
2.7018352378468214822e-20
0
0
0
DERIV 21
-5.471667552472774459e-21
0
0
0
DERIV 22
1.0947785078203966972e-21
0
0
0
DERIV 23
-2.166832285664120733e-22
0
0
0
DERIV 24
4.247089560994314544e-23
0
0
0
DERIV 25
-8.251601519437797654e-24
0
0
0
DERIV 26
1.5904778807843132747e-24
0
0
0
DERIV 27
-3.043528135872464296e-25
0
0
0
DERIV 28
5.785852029035957286e-26
0
0
0
DERIV 29
-1.0933148831051085947e-26
0
0
0
DERIV 30
2.0546168411390603413e-27
0
0
0
DERIV 31
-3.841666365040953235e-28
0
0
0
DERIV 32
7.149674837438751453e-29
0
0
0
DERIV 33
-1.3249124068935038045e-29
0
0
0
DERIV 34
2.4454721800459199836e-30
0
0
0
DERIV 35
-4.497171588349034465e-31
0
0
0
AT 6
4.542274605831258055e-11
0
0
0
DERIV 1
-8.854777538275223322e-11
0
0
0
DERIV 2
8.923693438934188890e-11
0
0
0
DERIV 3
-6.207833997957597223e-11
0
0
0
DERIV 4
3.358101368565326538e-11
0
0
0
DERIV 5
-1.5085156583760620951e-11
0
0
0
DERIV 6
5.867862794814851855e-12
0
0
0
DERIV 7
-2.0346115750448229015e-12
0
0
0
DERIV 8
6.423729618688431303e-13
0
0
0
DERIV 9
-1.8768432040622859949e-13
0
0
0
DERIV 10
5.139315066999575118e-14
0
0
0
DERIV 11
-1.3323237523198652274e-14
0
0
0
DERIV 12
3.2968389388019343991e-15
0
0
0
DERIV 13
-7.839381717983189810e-16
0
0
0
DERIV 14
1.8012286537804406927e-16
0
0
0
DERIV 15
-4.017557540391762868e-17
0
0
0
DERIV 16
8.732513369784983620e-18
0
0
0
DERIV 17
-1.8557222974352897533e-18
0
0
0
DERIV 18
3.866150711176855209e-19
0
0
0
DERIV 19
-7.915039650138158687e-20
0
0
0
DERIV 20
1.5955265742828670007e-20
0
0
0
DERIV 21
-3.1723146558513879124e-21
0
0
0
DERIV 22
6.230331591142516970e-22
0
0
0
DERIV 23
-1.2102177968459637480e-22
0
0
0
DERIV 24
2.3276364450983976900e-23
0
0
0
DERIV 25
-4.436964958602730118e-24
0
0
0
DERIV 26
8.389645666727168095e-25
0
0
0
DERIV 27
-1.5747470849838225193e-25
0
0
0
DERIV 28
2.936108555739941478e-26
0
0
0
DERIV 29
-5.441005393717078450e-27
0
0
0
DERIV 30
1.0026636445551017172e-27
0
0
0
DERIV 31
-1.8382274212576900270e-28
0
0
0
DERIV 32
3.354197178546649742e-29
0
0
0
DERIV 33
-6.093717243380723645e-30
0
0
0
DERIV 34
1.1026131239028567791e-30
0
0
0
DERIV 35
-1.987649303892405127e-31
0
0
0
AT 49/8
3.563511405459031716e-11
0
0
0
DERIV 1
-6.890350433827097097e-11
0
0
0
DERIV 2
6.883139532437722978e-11
0
0
0
DERIV 3
-4.743202057969183185e-11
0
0
0
DERIV 4
2.5399281921813679978e-11
0
0
0
DERIV 5
-1.1287007418103380951e-11
0
0
0
DERIV 6
4.340281945434904174e-12
0
0
0
DERIV 7
-1.4867643463442961894e-12
0
0
0
DERIV 8
4.634398671601720068e-13
0
0
0
DERIV 9
-1.3360249066258974477e-13
0
0
0
DERIV 10
3.607624919942125633e-14
0
0
0
DERIV 11
-9.217654281093957815e-15
0
0
0
DERIV 12
2.2469040247055000323e-15
0
0
0
DERIV 13
-5.260698490087960896e-16
0
0
0
DERIV 14
1.1896542873938915337e-16
0
0
0
DERIV 15
-2.6105750112806836665e-17
0
0
0
DERIV 16
5.580623826340241233e-18
0
0
0
DERIV 17
-1.1659706136803293117e-18
0
0
0
DERIV 18
2.387588909267977468e-19
0
0
0
DERIV 19
-4.803161705288299271e-20
0
0
0
DERIV 20
9.511953185282712137e-21
0
0
0
DERIV 21
-1.8575546993181085775e-21
0
0
0
DERIV 22
3.582558274162864754e-22
0
0
0
DERIV 23
-6.832622372174269093e-23
0
0
0
DERIV 24
1.2900690884151424290e-23
0
0
0
DERIV 25
-2.4137721160977918299e-24
0
0
0
DERIV 26
4.479303690026067035e-25
0
0
0
DERIV 27
-8.250562378798150720e-26
0
0
0
DERIV 28
1.5094003110851984752e-26
0
0
0
DERIV 29
-2.7442826244732195488e-27
0
0
0
DERIV 30
4.961164962560687030e-28
0
0
0
DERIV 31
-8.922179445030692024e-29
0
0
0
DERIV 32
1.5968756673503260735e-29
0
0
0
DERIV 33
-2.8454155473096895915e-30
0
0
0
DERIV 34
5.049401139476531115e-31
0
0
0
DERIV 35
-8.926564123588881264e-32
0
0
0
AT 25/4
2.8010898316182826153e-11
0
0
0
DERIV 1
-5.373362093833717619e-11
0
0
0
DERIV 2
5.322010998918020324e-11
0
0
0
DERIV 3
-3.633838537158114295e-11
0
0
0
DERIV 4
1.9267955482915923012e-11
0
0
0
DERIV 5
-8.472799610280024328e-12
0
0
0
DERIV 6
3.2219260869485297806e-12
0
0
0
DERIV 7
-1.0907120935944976192e-12
0
0
0
DERIV 8
3.357848070424583702e-13
0
0
0
DERIV 9
-9.554816653408435032e-14
0
0
0
DERIV 10
2.5452076160235711553e-14
0
0
0
DERIV 11
-6.411876406927813772e-15
0
0
0
DERIV 12
1.5402703512160563168e-15
0
0
0
DERIV 13
-3.552259919443038342e-16
0
0
0
DERIV 14
7.909489734222483618e-17
0
0
0
DERIV 15
-1.7082976556351496681e-17
0
0
0
DERIV 16
3.593007946659125336e-18
0
0
0
DERIV 17
-7.383692681465556173e-19
0
0
0
DERIV 18
1.4867287415156483610e-19
0
0
0
DERIV 19
-2.940174783840400038e-20
0
0
0
DERIV 20
5.722527231251857243e-21
0
0
0
DERIV 21
-1.0980959752196027808e-21
0
0
0
DERIV 22
2.0806049154469563847e-22
0
0
0
DERIV 23
-3.897682974782934330e-23
0
0
0
DERIV 24
7.227480933849260394e-24
0
0
0
DERIV 25
-1.3278946738117053778e-24
0
0
0
DERIV 26
2.419442938975157986e-25
0
0
0
DERIV 27
-4.374970418513499374e-26
0
0
0
DERIV 28
7.856631441392745585e-27
0
0
0
DERIV 29
-1.4020350420400485023e-27
0
0
0
DERIV 30
2.487557340283656494e-28
0
0
0
DERIV 31
-4.390200217540192720e-29
0
0
0
DERIV 32
7.710381285034883872e-30
0
0
0
DERIV 33
-1.3480682200388104882e-30
0
0
0
DERIV 34
2.347144608567037410e-31
0
0
0
DERIV 35
-4.070920343341113739e-32
0
0
0
AT 51/8
2.2059243816459393907e-11
0
0
0
DERIV 1
-4.199120506487772010e-11
0
0
0
DERIV 2
4.124523626620290543e-11
0
0
0
DERIV 3
-2.7911201501018549448e-11
0
0
0
DERIV 4
1.4658424786689955914e-11
0
0
0
DERIV 5
-6.380272720577724215e-12
0
0
0
DERIV 6
2.4000026532496430411e-12
0
0
0
DERIV 7
-8.031893556389465410e-13
0
0
0
DERIV 8
2.442958288391104593e-13
0
0
0
DERIV 9
-6.863892632717142951e-14
0
0
0
DERIV 10
1.8043590192937191218e-14
0
0
0
DERIV 11
-4.483417742216268625e-15
0
0
0
DERIV 12
1.0617769401860154008e-15
0
0
0
DERIV 13
-2.412998304581630945e-16
0
0
0
DERIV 14
5.292198412282211556e-17
0
0
0
DERIV 15
-1.1254374393959209493e-17
0
0
0
DERIV 16
2.3298912337609903653e-18
0
0
0
DERIV 17
-4.711227384518049340e-19
0
0
0
DERIV 18
9.331497561242615452e-20
0
0
0
DERIV 19
-1.8148464604495181478e-20
0
0
0
DERIV 20
3.472965469865238037e-21
0
0
0
DERIV 21
-6.550994194555412349e-22
0
0
0
DERIV 22
1.2199108161192073275e-22
0
0
0
DERIV 23
-2.2456476908703634266e-23
0
0
0
DERIV 24
4.091201476330117702e-24
0
0
0
DERIV 25
-7.384052945394106541e-25
0
0
0
DERIV 26
1.3214718324752911651e-25
0
0
0
DERIV 27
-2.3468110704412964047e-26
0
0
0
DERIV 28
4.138600406109211259e-27
0
0
0
DERIV 29
-7.251832151504795201e-28
0
0
0
DERIV 30
1.2632665309928808839e-28
0
0
0
DERIV 31
-2.1887880856317126372e-29
0
0
0
DERIV 32
3.773637052944636070e-30
0
0
0
DERIV 33
-6.476360540320552701e-31
0
0
0
DERIV 34
1.1067925019520355770e-31
0
0
0
DERIV 35
-1.8840856209380444025e-32
0
0
0
AT 13/2
1.7403678721525514357e-11
0
0
0
DERIV 1
-3.288108413679559416e-11
0
0
0
DERIV 2
3.203644761864305915e-11
0
0
0
DERIV 3
-2.1491623312938615301e-11
0
0
0
DERIV 4
1.1182274260931225521e-11
0
0
0
DERIV 5
-4.819077588348306354e-12
0
0
0
DERIV 6
1.7936957466477149502e-12
0
0
0
DERIV 7
-5.936110032695307335e-13
0
0
0
DERIV 8
1.7843849608307125704e-13
0
0
0
DERIV 9
-4.952023434348742039e-14
0
0
0
DERIV 10
1.2851028653587557503e-14
0
0
0
DERIV 11
-3.1506731467550756915e-15
0
0
0
DERIV 12
7.358641990106657972e-16
0
0
0
DERIV 13
-1.6485335378809857403e-16
0
0
0
DERIV 14
3.562662040037214434e-17
0
0
0
DERIV 15
-7.462663786307588121e-18
0
0
0
DERIV 16
1.5212226247822287188e-18
0
0
0
DERIV 17
-3.027888957326527310e-19
0
0
0
DERIV 18
5.901776044178464587e-20
0
0
0
DERIV 19
-1.1292371010218743363e-20
0
0
0
DERIV 20
2.1254875909211143663e-21
0
0
0
DERIV 21
-3.942637076307080188e-22
0
0
0
DERIV 22
7.218491720770976790e-23
0
0
0
DERIV 23
-1.3062428673373863600e-23
0
0
0
DERIV 24
2.3389947854555486611e-24
0
0
0
DERIV 25
-4.148658570032535681e-25
0
0
0
DERIV 26
7.295404161163084167e-26
0
0
0
DERIV 27
-1.2729085408807105851e-26
0
0
0
DERIV 28
2.2052293375734963761e-27
0
0
0
DERIV 29
-3.795655533101409921e-28
0
0
0
DERIV 30
6.494324949083809576e-29
0
0
0
DERIV 31
-1.1051141584134570387e-29
0
0
0
DERIV 32
1.8710926137443206886e-30
0
0
0
DERIV 33
-3.153318530736068095e-31
0
0
0
DERIV 34
5.291477955867422749e-32
0
0
0
DERIV 35
-8.844225097755141348e-33
0
0
0
AT 53/8
1.3754726411813679447e-11
0
0
0
DERIV 1
-2.5797599972951308531e-11
0
0
0
DERIV 2
2.4937511001494629139e-11
0
0
0
DERIV 3
-1.6588183388266157909e-11
0
0
0
DERIV 4
8.553038221447604056e-12
0
0
0
DERIV 5
-3.650497462812469086e-12
0
0
0
DERIV 6
1.3448454568433113212e-12
0
0
0
DERIV 7
-4.402527553643546141e-13
0
0
0
DERIV 8
1.3083159875590324220e-13
0
0
0
DERIV 9
-3.587460145610164282e-14
0
0
0
DERIV 10
9.193693480749790865e-15
0
0
0
DERIV 11
-2.2247611874690550264e-15
0
0
0
DERIV 12
5.126249181744432746e-16
0
0
0
DERIV 13
-1.1324796360221022559e-16
0
0
0
DERIV 14
2.4124653653818868901e-17
0
0
0
DERIV 15
-4.979341671656679862e-18
0
0
0
DERIV 16
9.998022942697482244e-19
0
0
0
DERIV 17
-1.9596095629120372155e-19
0
0
0
DERIV 18
3.760087181590774642e-20
0
0
0
DERIV 19
-7.080675353669962032e-21
0
0
0
DERIV 20
1.3113593683166690051e-21
0
0
0
DERIV 21
-2.392942906288838831e-22
0
0
0
DERIV 22
4.309151710755191601e-23
0
0
0
DERIV 23
-7.668213692883993184e-24
0
0
0
DERIV 24
1.3500710505710232825e-24
0
0
0
DERIV 25
-2.354130639136646858e-25
0
0
0
DERIV 26
4.069225111986982731e-26
0
0
0
DERIV 27
-6.978274813915969926e-27
0
0
0
DERIV 28
1.1880826186043804987e-27
0
0
0
DERIV 29
-2.0094592817566958689e-28
0
0
0
DERIV 30
3.378213554226057043e-29
0
0
0
DERIV 31
-5.647877358221234505e-30
0
0
0
DERIV 32
9.394327517782622319e-31
0
0
0
DERIV 33
-1.5552508106407709540e-31
0
0
0
DERIV 34
2.563563050514462000e-32
0
0
0
DERIV 35
-4.208579952910811972e-33
0
0
0
AT 27/4
1.0889257878578347358e-11
0
0
0
DERIV 1
-2.0278193894667626508e-11
0
0
0
DERIV 2
1.9452146989277157506e-11
0
0
0
DERIV 3
-1.2833070805766070489e-11
0
0
0
DERIV 4
6.558685033101683742e-12
0
0
0
DERIV 5
-2.7730481959663970797e-12
0
0
0
DERIV 6
1.0114191510902848943e-12
0
0
0
DERIV 7
-3.276134025981379011e-13
0
0
0
DERIV 8
9.627778818691136661e-14
0
0
0
DERIV 9
-2.6092504818462225507e-14
0
0
0
DERIV 10
6.605499878008704225e-15
0
0
0
DERIV 11
-1.5782284569982981618e-15
0
0
0
DERIV 12
3.588839625798559974e-16
0
0
0
DERIV 13
-7.821023786702266320e-17
0
0
0
DERIV 14
1.6428515937536594480e-17
0
0
0
DERIV 15
-3.3423538703586444298e-18
0
0
0
DERIV 16
6.612880933992000303e-19
0
0
0
DERIV 17
-1.2767561686781859702e-19
0
0
0
DERIV 18
2.4125486720523347488e-20
0
0
0
DERIV 19
-4.472823704977763937e-21
0
0
0
DERIV 20
8.153747655050669311e-22
0
0
0
DERIV 21
-1.4642164047888433748e-22
0
0
0
DERIV 22
2.5942963891516851908e-23
0
0
0
DERIV 23
-4.541528957112654349e-24
0
0
0
DERIV 24
7.864601388677657466e-25
0
0
0
DERIV 25
-1.3486561149214610284e-25
0
0
0
DERIV 26
2.2923287826161062486e-26
0
0
0
DERIV 27
-3.865064448243728297e-27
0
0
0
DERIV 28
6.469224640395303426e-28
0
0
0
DERIV 29
-1.0755712269436336805e-28
0
0
0
DERIV 30
1.7773072101313276556e-29
0
0
0
DERIV 31
-2.9203869241768992781e-30
0
0
0
DERIV 32
4.773839086935159413e-31
0
0
0
DERIV 33
-7.766391524155555072e-32
0
0
0
DERIV 34
1.2579164500319596808e-32
0
0
0
DERIV 35
-2.0291148899810564916e-33
0
0
0
AT 55/8
8.634879138798642426e-12
0
0
0
DERIV 1
-1.5968675857728830511e-11
0
0
0
DERIV 2
1.5203964875272144198e-11
0
0
0
DERIV 3
-9.950151398489744671e-12
0
0
0
DERIV 4
5.041735920737633575e-12
0
0
0
DERIV 5
-2.1122061000649931661e-12
0
0
0
DERIV 6
7.629157676274272792e-13
0
0
0
DERIV 7
-2.445834486425682171e-13
0
0
0
DERIV 8
7.110008120614740294e-14
0
0
0
DERIV 9
-1.9050421184025953031e-14
0
0
0
DERIV 10
4.765574734434440950e-15
0
0
0
DERIV 11
-1.1245729689447053741e-15
0
0
0
DERIV 12
2.524526965310049233e-16
0
0
0
DERIV 13
-5.428891323963288643e-17
0
0
0
DERIV 14
1.1248497551941577515e-17
0
0
0
DERIV 15
-2.2565134940988892587e-18
0
0
0
DERIV 16
4.400676637319401038e-19
0
0
0
DERIV 17
-8.372334151758792916e-20
0
0
0
DERIV 18
1.5584863675916393202e-20
0
0
0
DERIV 19
-2.8456836717807506129e-21
0
0
0
DERIV 20
5.107869690859054434e-22
0
0
0
DERIV 21
-9.029726991354653679e-23
0
0
0
DERIV 22
1.5746836803396181011e-23
0
0
0
DERIV 23
-2.7127229239363008709e-24
0
0
0
DERIV 24
4.622126306260929935e-25
0
0
0
DERIV 25
-7.797697691316286513e-26
0
0
0
DERIV 26
1.3037251664219629571e-26
0
0
0
DERIV 27
-2.1620152212657772142e-27
0
0
0
DERIV 28
3.558774544095752502e-28
0
0
0
DERIV 29
-5.818232102983496964e-29
0
0
0
DERIV 30
9.453203005240615187e-30
0
0
0
DERIV 31
-1.5271641543299222762e-30
0
0
0
DERIV 32
2.454195122977493368e-31
0
0
0
DERIV 33
-3.924879633192340978e-32
0
0
0
DERIV 34
6.248801570572625589e-33
0
0
0
DERIV 35
-9.907491574288633264e-34
0
0
0
AT 7
6.858091897441176348e-12
0
0
0
DERIV 1
-1.2597154336288365767e-11
0
0
0
DERIV 2
1.1906711217200903120e-11
0
0
0
DERIV 3
-7.731488519979462172e-12
0
0
0
DERIV 4
3.884841402922678142e-12
0
0
0
DERIV 5
-1.6130479119031038493e-12
0
0
0
DERIV 6
5.771153964936371603e-13
0
0
0
DERIV 7
-1.8316713661042524023e-13
0
0
0
DERIV 8
5.268523970670687907e-14
0
0
0
DERIV 9
-1.3960237153082601333e-14
0
0
0
DERIV 10
3.4518581682611639802e-15
0
0
0
DERIV 11
-8.047586129442692438e-16
0
0
0
DERIV 12
1.7840263615738668792e-16
0
0
0
DERIV 13
-3.786966044965775324e-17
0
0
0
DERIV 14
7.742170532787353449e-18
0
0
0
DERIV 15
-1.5319205401932524811e-18
0
0
0
DERIV 16
2.945797483927917901e-19
0
0
0
DERIV 17
-5.524366904522315247e-20
0
0
0
DERIV 18
1.0133759531610678491e-20
0
0
0
DERIV 19
-1.8229544893350873834e-21
0
0
0
DERIV 20
3.222928627653982463e-22
0
0
0
DERIV 21
-5.610692240887779970e-23
0
0
0
DERIV 22
9.633492568433556902e-24
0
0
0
DERIV 23
-1.6336903864260027458e-24
0
0
0
DERIV 24
2.739757489285483971e-25
0
0
0
DERIV 25
-4.548634090250921878e-26
0
0
0
DERIV 26
7.483224883565250433e-27
0
0
0
DERIV 27
-1.2209516414411277201e-27
0
0
0
DERIV 28
1.9771083025649233545e-28
0
0
0
DERIV 29
-3.179571605759157610e-29
0
0
0
DERIV 30
5.081185555709559241e-30
0
0
0
DERIV 31
-8.073176630196476567e-31
0
0
0
DERIV 32
1.2758733247680964682e-31
0
0
0
DERIV 33
-2.0064772814921859798e-32
0
0
0
DERIV 34
3.141131664029794286e-33
0
0
0
DERIV 35
-4.896760086829927750e-34
0
0
0
AT 57/8
5.455290656302811976e-12
0
0
0
DERIV 1
-9.954407743095515454e-12
0
0
0
DERIV 2
9.342103506029238249e-12
0
0
0
DERIV 3
-6.020042371908974707e-12
0
0
0
DERIV 4
3.0002760328043944954e-12
0
0
0
DERIV 5
-1.2349548812638071047e-12
0
0
0
DERIV 6
4.377698208302920503e-13
0
0
0
DERIV 7
-1.3758626136139935240e-13
0
0
0
DERIV 8
3.916787136825856917e-14
0
0
0
DERIV 9
-1.0266511742381560163e-14
0
0
0
DERIV 10
2.5098992268969791058e-15
0
0
0
DERIV 11
-5.782778179596405545e-16
0
0
0
DERIV 12
1.2663259809059153834e-16
0
0
0
DERIV 13
-2.6541599835337067144e-17
0
0
0
DERIV 14
5.355754507074588862e-18
0
0
0
DERIV 15
-1.0455865876340049209e-18
0
0
0
DERIV 16
1.9831183432162734539e-19
0
0
0
DERIV 17
-3.667063852939739036e-20
0
0
0
DERIV 18
6.630960690832936979e-21
0
0
0
DERIV 19
-1.1755524060036628683e-21
0
0
0
DERIV 20
2.0477526561582573905e-22
0
0
0
DERIV 21
-3.511667133822948279e-23
0
0
0
DERIV 22
5.938387088567014281e-24
0
0
0
DERIV 23
-9.916710336671697807e-25
0
0
0
DERIV 24
1.6374017481481750052e-25
0
0
0
DERIV 25
-2.676132685508025635e-26
0
0
0
DERIV 26
4.333539330582473379e-27
0
0
0
DERIV 27
-6.958705819534213650e-28
0
0
0
DERIV 28
1.1088933282304289184e-28
0
0
0
DERIV 29
-1.7547467934681016548e-29
0
0
0
DERIV 30
2.7590418258476028846e-30
0
0
0
DERIV 31
-4.312699042013999976e-31
0
0
0
DERIV 32
6.704875660711876081e-32
0
0
0
DERIV 33
-1.0372072025625597776e-32
0
0
0
DERIV 34
1.5971199311478587513e-33
0
0
0
DERIV 35
-2.448806533085037196e-34
0
0
0
AT 29/4
4.345898424066675101e-12
0
0
0
DERIV 1
-7.879062470304331910e-12
0
0
0
DERIV 2
7.343262239077422556e-12
0
0
0
DERIV 3
-4.696877539049197678e-12
0
0
0
DERIV 4
2.3222580398370553569e-12
0
0
0
DERIV 5
-9.477865079992141088e-13
0
0
0
DERIV 6
3.329543899366830094e-13
0
0
0
DERIV 7
-1.0364873963910544292e-13
0
0
0
DERIV 8
2.921077882835253928e-14
0
0
0
DERIV 9
-7.576007595968996757e-15
0
0
0
DERIV 10
1.8317498994710757181e-15
0
0
0
DERIV 11
-4.171925332259971402e-16
0
0
0
DERIV 12
9.027016329191339596e-17
0
0
0
DERIV 13
-1.8687229698695262322e-17
0
0
0
DERIV 14
3.722976229972568616e-18
0
0
0
DERIV 15
-7.173422700729087503e-19
0
0
0
DERIV 16
1.3423603737651544989e-19
0
0
0
DERIV 17
-2.4482857065248455646e-20
0
0
0
DERIV 18
4.365394538387309948e-21
0
0
0
DERIV 19
-7.629275404025381768e-22
0
0
0
DERIV 20
1.3098261549123576785e-22
0
0
0
DERIV 21
-2.2133698164542220274e-23
0
0
0
DERIV 22
3.687495269324676885e-24
0
0
0
DERIV 23
-6.065662703665041769e-25
0
0
0
DERIV 24
9.863831544817238888e-26
0
0
0
DERIV 25
-1.5875084043761554709e-26
0
0
0
DERIV 26
2.5311207487436451341e-27
0
0
0
DERIV 27
-4.001372888349120491e-28
0
0
0
DERIV 28
6.276736549149982729e-29
0
0
0
DERIV 29
-9.776408348492447886e-30
0
0
0
DERIV 30
1.5128806708847867182e-30
0
0
0
DERIV 31
-2.327239440410979271e-31
0
0
0
DERIV 32
3.560369755338814758e-32
0
0
0
DERIV 33
-5.419408928347985676e-33
0
0
0
DERIV 34
8.210656686701444483e-34
0
0
0
DERIV 35
-1.2385766638434657241e-34
0
0
0
AT 59/8
3.4671195165704414859e-12
0
0
0
DERIV 1
-6.246368881616261813e-12
0
0
0
DERIV 2
5.782289211829491295e-12
0
0
0
DERIV 3
-3.671672188040955820e-12
0
0
0
DERIV 4
1.8013137713574008012e-12
0
0
0
DERIV 5
-7.291051953455440211e-13
0
0
0
DERIV 6
2.538868541098101095e-13
0
0
0
DERIV 7
-7.830169507076312905e-14
0
0
0
DERIV 8
2.1851488315910002251e-14
0
0
0
DERIV 9
-5.609104684966518688e-15
0
0
0
DERIV 10
1.3416106853066251034e-15
0
0
0
DERIV 11
-3.021378009018012006e-16
0
0
0
DERIV 12
6.461485418953377699e-17
0
0
0
DERIV 13
-1.3215249108223441962e-17
0
0
0
DERIV 14
2.6001444808507562596e-18
0
0
0
DERIV 15
-4.946031939471520191e-19
0
0
0
DERIV 16
9.134425939642968240e-20
0
0
0
DERIV 17
-1.6437121560859204129e-20
0
0
0
DERIV 18
2.8908103407110746099e-21
0
0
0
DERIV 19
-4.981992542043641260e-22
0
0
0
DERIV 20
8.432532372393545053e-23
0
0
0
DERIV 21
-1.4045354797725394133e-23
0
0
0
DERIV 22
2.3060170799113225976e-24
0
0
0
DERIV 23
-3.737549814464255909e-25
0
0
0
DERIV 24
5.987757001108100422e-26
0
0
0
DERIV 25
-9.492542079794358516e-27
0
0
0
DERIV 26
1.4906339930926054926e-27
0
0
0
DERIV 27
-2.320638374012504404e-28
0
0
0
DERIV 28
3.584476293012565294e-29
0
0
0
DERIV 29
-5.496947617953567175e-30
0
0
0
DERIV 30
8.374484500033644068e-31
0
0
0
DERIV 31
-1.2681468757040667332e-31
0
0
0
DERIV 32
1.9097016715113463427e-32
0
0
0
DERIV 33
-2.8611048933990462178e-33
0
0
0
DERIV 34
4.266218149662251945e-34
0
0
0
DERIV 35
-6.333523615654859332e-35
0
0
0
AT 15/2
2.7699185073742181425e-12
0
0
0
DERIV 1
-4.959678692886145943e-12
0
0
0
DERIV 2
4.560926677036162566e-12
0
0
0
DERIV 3
-2.8756539651529851527e-12
0
0
0
DERIV 4
1.4001279941652667461e-12
0
0
0
DERIV 5
-5.621555281778731618e-13
0
0
0
DERIV 6
1.9407739445921554127e-13
0
0
0
DERIV 7
-5.931375097657874663e-14
0
0
0
DERIV 8
1.6394514901463858950e-14
0
0
0
DERIV 9
-4.166133775647003032e-15
0
0
0
DERIV 10
9.860160751986573755e-16
0
0
0
DERIV 11
-2.1962644975331989593e-16
0
0
0
DERIV 12
4.643529172938415284e-17
0
0
0
DERIV 13
-9.385390450072688406e-18
0
0
0
DERIV 14
1.8241980060493217868e-18
0
0
0
DERIV 15
-3.426706021667880424e-19
0
0
0
DERIV 16
6.247497665610973170e-20
0
0
0
DERIV 17
-1.1094973030636419570e-20
0
0
0
DERIV 18
1.9252060981340993913e-21
0
0
0
DERIV 19
-3.272725122874605480e-22
0
0
0
DERIV 20
5.462789777059899650e-23
0
0
0
DERIV 21
-8.971171797165429165e-24
0
0
0
DERIV 22
1.4519678839961557923e-24
0
0
0
DERIV 23
-2.319449488288508707e-25
0
0
0
DERIV 24
3.661825399575282206e-26
0
0
0
DERIV 25
-5.719916480433400087e-27
0
0
0
DERIV 26
8.849026472058142466e-28
0
0
0
DERIV 27
-1.3570561564652896403e-28
0
0
0
DERIV 28
2.0645953435968882385e-29
0
0
0
DERIV 29
-3.1182197428773070745e-30
0
0
0
DERIV 30
4.678209851381497473e-31
0
0
0
DERIV 31
-6.975759935601742662e-32
0
0
0
DERIV 32
1.0343193168629504037e-32
0
0
0
DERIV 33
-1.5256659290568407977e-33
0
0
0
DERIV 34
2.239634219334671280e-34
0
0
0
DERIV 35
-3.273118746749998713e-35
0
0
0
AT 61/8
2.2159313934959231008e-12
0
0
0
DERIV 1
-3.943956530328008561e-12
0
0
0
DERIV 2
3.6035130538854054741e-12
0
0
0
DERIV 3
-2.2563256661968804461e-12
0
0
0
DERIV 4
1.0904779344613595274e-12
0
0
0
DERIV 5
-4.343876000499159453e-13
0
0
0
DERIV 6
1.4871456844911988449e-13
0
0
0
DERIV 7
-4.504821953732896416e-14
0
0
0
DERIV 8
1.2335391856091980629e-14
0
0
0
DERIV 9
-3.1039355816802395233e-15
0
0
0
DERIV 10
7.270896937259080928e-16
0
0
0
DERIV 11
-1.6022142967877564922e-16
0
0
0
DERIV 12
3.349908559658667873e-17
0
0
0
DERIV 13
-6.692881241220854364e-18
0
0
0
DERIV 14
1.2854254321402291372e-18
0
0
0
DERIV 15
-2.385147622346305889e-19
0
0
0
DERIV 16
4.294064978283275654e-20
0
0
0
DERIV 17
-7.528083386390385088e-21
0
0
0
DERIV 18
1.2891788726419076735e-21
0
0
0
DERIV 19
-2.162297173187420249e-22
0
0
0
DERIV 20
3.560341995357891432e-23
0
0
0
DERIV 21
-5.766442162800313505e-24
0
0
0
DERIV 22
9.202704155669877631e-25
0
0
0
DERIV 23
-1.4493340687586244652e-25
0
0
0
DERIV 24
2.2554771940604260163e-26
0
0
0
DERIV 25
-3.472368762027572527e-27
0
0
0
DERIV 26
5.293836982277869421e-28
0
0
0
DERIV 27
-7.999453083124139782e-29
0
0
0
DERIV 28
1.1990512702746280621e-29
0
0
0
DERIV 29
-1.7840490338694325640e-30
0
0
0
DERIV 30
2.636559382508618187e-31
0
0
0
DERIV 31
-3.872317415196274369e-32
0
0
0
DERIV 32
5.654866141275384895e-33
0
0
0
DERIV 33
-8.214568600552056910e-34
0
0
0
DERIV 34
1.1874949329371237980e-34
0
0
0
DERIV 35
-1.7089119578265590723e-35
0
0
0
AT 31/4
1.7750873388026343151e-12
0
0
0
DERIV 1
-3.1408275792906006508e-12
0
0
0
DERIV 2
2.8516558054962209541e-12
0
0
0
DERIV 3
-1.7735153269491568311e-12
0
0
0
DERIV 4
8.509606106026097295e-13
0
0
0
DERIV 5
-3.363740957846291884e-13
0
0
0
DERIV 6
1.1422000192115538881e-13
0
0
0
DERIV 7
-3.430052035207216623e-14
0
0
0
DERIV 8
9.306864910620000331e-15
0
0
0
DERIV 9
-2.3194637254550084086e-15
0
0
0
DERIV 10
5.378860833206196219e-16
0
0
0
DERIV 11
-1.1728999141390185747e-16
0
0
0
DERIV 12
2.4256651308994633894e-17
0
0
0
DERIV 13
-4.791791952128685720e-18
0
0
0
DERIV 14
9.096170730830934817e-19
0
0
0
DERIV 15
-1.6676490413563508772e-19
0
0
0
DERIV 16
2.965496306012357555e-20
0
0
0
DERIV 17
-5.133635004435102497e-21
0
0
0
DERIV 18
8.678572142087218432e-22
0
0
0
DERIV 19
-1.4366056501402437056e-22
0
0
0
DERIV 20
2.3340103432649254612e-23
0
0
0
DERIV 21
-3.729221831281176871e-24
0
0
0
DERIV 22
5.870069016753965358e-25
0
0
0
DERIV 23
-9.116732423126030374e-26
0
0
0
DERIV 24
1.3988920442805794130e-26
0
0
0
DERIV 25
-2.1231698581752502448e-27
0
0
0
DERIV 26
3.190701065328100440e-28
0
0
0
DERIV 27
-4.752049160136804579e-29
0
0
0
DERIV 28
7.019663720867890557e-30
0
0
0
DERIV 29
-1.0292007867725334777e-30
0
0
0
DERIV 30
1.4986702800971035183e-31
0
0
0
DERIV 31
-2.1685947228789607423e-32
0
0
0
DERIV 32
3.119861481557971550e-33
0
0
0
DERIV 33
-4.464497188318903574e-34
0
0
0
DERIV 34
6.357202340189277363e-35
0
0
0
DERIV 35
-9.011026492058498946e-36
0
0
0
AT 63/8
1.4237734069128479847e-12
0
0
0
DERIV 1
-2.5047883651489846576e-12
0
0
0
DERIV 2
2.2601920858442201668e-12
0
0
0
DERIV 3
-1.3964095331756349013e-12
0
0
0
DERIV 4
6.653028739780695937e-13
0
0
0
DERIV 5
-2.610134223330191764e-13
0
0
0
DERIV 6
8.792426768926686345e-14
0
0
0
DERIV 7
-2.6181179968241218018e-14
0
0
0
DERIV 8
7.040623967507887904e-15
0
0
0
DERIV 9
-1.7382633402926776102e-15
0
0
0
DERIV 10
3.991582256773542682e-16
0
0
0
DERIV 11
-8.615018151314215300e-17
0
0
0
DERIV 12
1.7627417372162876857e-17
0
0
0
DERIV 13
-3.4438956785934852728e-18
0
0
0
DERIV 14
6.463184506756779382e-19
0
0
0
DERIV 15
-1.1710643289322538080e-19
0
0
0
DERIV 16
2.0574270238841342426e-20
0
0
0
DERIV 17
-3.517841396053209404e-21
0
0
0
DERIV 18
5.872285024801298496e-22
0
0
0
DERIV 19
-9.596149528401679205e-23
0
0
0
DERIV 20
1.5387387229927889498e-23
0
0
0
DERIV 21
-2.4260153105637053128e-24
0
0
0
DERIV 22
3.767472576099669332e-25
0
0
0
DERIV 23
-5.771692847635521772e-26
0
0
0
DERIV 24
8.734487060520035230e-27
0
0
0
DERIV 25
-1.3072697211601196123e-27
0
0
0
DERIV 26
1.9370342331803052607e-28
0
0
0
DERIV 27
-2.844141318033096622e-29
0
0
0
DERIV 28
4.141506941473730722e-30
0
0
0
DERIV 29
-5.985091522225630617e-31
0
0
0
DERIV 30
8.589457668193724638e-32
0
0
0
DERIV 31
-1.2248717530779158221e-32
0
0
0
DERIV 32
1.7364674827151393349e-33
0
0
0
DERIV 33
-2.448455489406724016e-34
0
0
0
DERIV 34
3.435149200009978576e-35
0
0
0
DERIV 35
-4.797196526455446285e-36
0
0
0
AT 8
1.1434211538134634216e-12
0
0
0
DERIV 1
-2.0003051409044754784e-12
0
0
0
DERIV 2
1.7941196703910278285e-12
0
0
0
DERIV 3
-1.1013193807754021375e-12
0
0
0
DERIV 4
5.211010031797927835e-13
0
0
0
DERIV 5
-2.0294140879204322369e-13
0
0
0
DERIV 6
6.783013488859222321e-14
0
0
0
DERIV 7
-2.0031312830259383352e-14
0
0
0
DERIV 8
5.339974670832425573e-15
0
0
0
DERIV 9
-1.3063403998897793386e-15
0
0
0
DERIV 10
2.971040773490236006e-16
0
0
0
DERIV 11
-6.348325226008814975e-17
0
0
0
DERIV 12
1.2854518707387946547e-17
0
0
0
DERIV 13
-2.4843629275741768590e-18
0
0
0
DERIV 14
4.610553083080777472e-19
0
0
0
DERIV 15
-8.258140996642981817e-20
0
0
0
DERIV 16
1.4337881217491815953e-20
0
0
0
DERIV 17
-2.4219763466868506044e-21
0
0
0
DERIV 18
3.993170652469935262e-22
0
0
0
DERIV 19
-6.443447735940298307e-23
0
0
0
DERIV 20
1.0199975756852271032e-23
0
0
0
DERIV 21
-1.5872724827609022535e-24
0
0
0
DERIV 22
2.432485256643933715e-25
0
0
0
DERIV 23
-3.676809100853422055e-26
0
0
0
DERIV 24
5.489150330135272362e-27
0
0
0
DERIV 25
-8.103465587093841367e-28
0
0
0
DERIV 26
1.1841975611736330000e-28
0
0
0
DERIV 27
-1.7146188583715213145e-29
0
0
0
DERIV 28
2.4618243823869632517e-30
0
0
0
DERIV 29
-3.507586575893578918e-31
0
0
0
DERIV 30
4.962523225235375486e-32
0
0
0
DERIV 31
-6.975738003154970081e-33
0
0
0
DERIV 32
9.747548242645911481e-34
0
0
0
DERIV 33
-1.3546255621317494364e-34
0
0
0
DERIV 34
1.8730203341733333057e-35
0
0
0
DERIV 35
-2.5776736141157308328e-36
0
0
0
AT 33/4
7.401220127307225351e-13
0
0
0
DERIV 1
-1.2807719285865538637e-12
0
0
0
DERIV 2
1.1354308642440006966e-12
0
0
0
DERIV 3
-6.883312309364610462e-13
0
0
0
DERIV 4
3.213738221264005120e-13
0
0
0
DERIV 5
-1.2339126023938860639e-13
0
0
0
DERIV 6
4.062345691346124929e-14
0
0
0
DERIV 7
-1.1806402715153921573e-14
0
0
0
DERIV 8
3.0946874058724319190e-15
0
0
0
DERIV 9
-7.437455534997550961e-16
0
0
0
DERIV 10
1.6603404745374875870e-16
0
0
0
DERIV 11
-3.479449058708446001e-17
0
0
0
DERIV 12
6.904416090401043768e-18
0
0
0
DERIV 13
-1.3067121002160056516e-18
0
0
0
DERIV 14
2.373033723326082794e-19
0
0
0
DERIV 15
-4.156528198500310280e-20
0
0
0
DERIV 16
7.052809740785928667e-21
0
0
0
DERIV 17
-1.1636613754573158954e-21
0
0
0
DERIV 18
1.8729407251196132992e-22
0
0
0
DERIV 19
-2.948914702073783704e-23
0
0
0
DERIV 20
4.552883276625392104e-24
0
0
0
DERIV 21
-6.907238274888083596e-25
0
0
0
DERIV 22
1.0315874368270227951e-25
0
0
0
DERIV 23
-1.5190816625665208462e-26
0
0
0
DERIV 24
2.2086839769976951767e-27
0
0
0
DERIV 25
-3.174633696834975868e-28
0
0
0
DERIV 26
4.515730516880948105e-29
0
0
0
DERIV 27
-6.362808192672094848e-30
0
0
0
DERIV 28
8.888343561641537085e-31
0
0
0
DERIV 29
-1.2318782715717054822e-31
0
0
0
DERIV 30
1.6950318958319317977e-32
0
0
0
DERIV 31
-2.3169049008557924777e-33
0
0
0
DERIV 32
3.147667448742720023e-34
0
0
0
DERIV 33
-4.252321715078691008e-35
0
0
0
DERIV 34
5.714859369599095458e-36
0
0
0
DERIV 35
-7.643536800738143124e-37
0
0
0
AT 17/2
4.812823930960395234e-13
0
0
0
DERIV 1
-8.242234578963010324e-13
0
0
0
DERIV 2
7.225755251130060573e-13
0
0
0
DERIV 3
-4.328411507471639229e-13
0
0
0
DERIV 4
1.9952515969050934084e-13
0
0
0
DERIV 5
-7.557294405254078704e-14
0
0
0
DERIV 6
2.4523721401980026469e-14
0
0
0
DERIV 7
-7.019155224618901615e-15
0
0
0
DERIV 8
1.8103930751842913749e-15
0
0
0
DERIV 9
-4.277644897551991093e-16
0
0
0
DERIV 10
9.380906614400037595e-17
0
0
0
DERIV 11
-1.9296527111642272778e-17
0
0
0
DERIV 12
3.755636821135422389e-18
0
0
0
DERIV 13
-6.966374239692257131e-19
0
0
0
DERIV 14
1.2390826326289613648e-19
0
0
0
DERIV 15
-2.1242896398559518324e-20
0
0
0
DERIV 16
3.525879473621008287e-21
0
0
0
DERIV 17
-5.687330020527377166e-22
0
0
0
DERIV 18
8.944475025841128991e-23
0
0
0
DERIV 19
-1.3754101455707936799e-23
0
0
0
DERIV 20
2.0730165369009140361e-24
0
0
0
DERIV 21
-3.068950469507189182e-25
0
0
0
DERIV 22
4.470936335242574656e-26
0
0
0
DERIV 23
-6.419957225661639710e-27
0
0
0
DERIV 24
9.099287982164861611e-28
0
0
0
DERIV 25
-1.2745771266965089639e-28
0
0
0
DERIV 26
1.7663860662538462194e-29
0
0
0
DERIV 27
-2.4243071502715766259e-30
0
0
0
DERIV 28
3.297962196934629287e-31
0
0
0
DERIV 29
-4.450321922556847255e-32
0
0
0
DERIV 30
5.961015434938808486e-33
0
0
0
DERIV 31
-7.930412322587243479e-34
0
0
0
DERIV 32
1.0484649755823014723e-34
0
0
0
DERIV 33
-1.3781814184524749227e-35
0
0
0
DERIV 34
1.8019532187058841820e-36
0
0
0
DERIV 35
-2.344427939808875168e-37
0
0
0
AT 35/4
3.143355343120925696e-13
0
0
0
DERIV 1
-5.329665960114616636e-13
0
0
0
DERIV 2
4.622628101207862194e-13
0
0
0
DERIV 3
-2.737541934550868546e-13
0
0
0
DERIV 4
1.2465820966076353486e-13
0
0
0
DERIV 5
-4.660537150839161829e-14
0
0
0
DERIV 6
1.4915973000030182141e-14
0
0
0
DERIV 7
-4.207184695781145652e-15
0
0
0
DERIV 8
1.0684815734018607651e-15
0
0
0
DERIV 9
-2.483907617833984973e-16
0
0
0
DERIV 10
5.355099686576906565e-17
0
0
0
DERIV 11
-1.0820782862966883617e-17
0
0
0
DERIV 12
2.0672664377310513924e-18
0
0
0
DERIV 13
-3.761347771048277531e-19
0
0
0
DERIV 14
6.557930804122473224e-20
0
0
0
DERIV 15
-1.1013691614436443338e-20
0
0
0
DERIV 16
1.7896964307722956616e-21
0
0
0
DERIV 17
-2.824689776928985786e-22
0
0
0
DERIV 18
4.344529264785172836e-23
0
0
0
DERIV 19
-6.530369327310920531e-24
0
0
0
DERIV 20
9.616883161753489226e-25
0
0
0
DERIV 21
-1.3905011738163156129e-25
0
0
0
DERIV 22
1.9777355734800431908e-26
0
0
0
DERIV 23
-2.7716728922870136199e-27
0
0
0
DERIV 24
3.832848540130118564e-28
0
0
0
DERIV 25
-5.236734327961768571e-29
0
0
0
DERIV 26
7.076955689976406144e-30
0
0
0
DERIV 27
-9.469144185731837286e-31
0
0
0
DERIV 28
1.2555543580925328234e-31
0
0
0
DERIV 29
-1.6510508782468559399e-32
0
0
0
DERIV 30
2.1547061505369859855e-33
0
0
0
DERIV 31
-2.792469538143292672e-34
0
0
0
DERIV 32
3.595865698809015675e-35
0
0
0
DERIV 33
-4.603096880087776768e-36
0
0
0
DERIV 34
5.860350631094909785e-37
0
0
0
DERIV 35
-7.423349561191734837e-38
0
0
0
AT 9
2.0615273495601723431e-13
0
0
0
DERIV 1
-3.462025274728155190e-13
0
0
0
DERIV 2
2.972063999086452065e-13
0
0
0
DERIV 3
-1.7408459520884600301e-13
0
0
0
DERIV 4
7.834855728968266466e-14
0
0
0
DERIV 5
-2.892862429965370378e-14
0
0
0
DERIV 6
9.136705939095851074e-15
0
0
0
DERIV 7
-2.5411872589835604959e-15
0
0
0
DERIV 8
6.358858019833786723e-16
0
0
0
DERIV 9
-1.4553810784968050818e-16
0
0
0
DERIV 10
3.086778273067336416e-17
0
0
0
DERIV 11
-6.131525494812069306e-18
0
0
0
DERIV 12
1.1507054587741492974e-18
0
0
0
DERIV 13
-2.0552637445789291128e-19
0
0
0
DERIV 14
3.515280845260141746e-20
0
0
0
DERIV 15
-5.787933283780279766e-21
0
0
0
DERIV 16
9.215352212986658300e-22
0
0
0
DERIV 17
-1.4243163807037994466e-22
0
0
0
DERIV 18
2.1441707846675147785e-23
0
0
0
DERIV 19
-3.1530394804678731593e-24
0
0
0
DERIV 20
4.540574776896045443e-25
0
0
0
DERIV 21
-6.417375918910226393e-26
0
0
0
DERIV 22
8.918727780276823225e-27
0
0
0
DERIV 23
-1.2208923262232352187e-27
0
0
0
DERIV 24
1.6486260262123324888e-28
0
0
0
DERIV 25
-2.1988815627052027025e-29
0
0
0
DERIV 26
2.9001111735311107870e-30
0
0
0
DERIV 27
-3.786180652339040256e-31
0
0
0
DERIV 28
4.897255515968917562e-32
0
0
0
DERIV 29
-6.280821142836273098e-33
0
0
0
DERIV 30
7.992855952298896153e-34
0
0
0
DERIV 31
-1.0099179269067726579e-34
0
0
0
DERIV 32
1.2676998438800732274e-35
0
0
0
DERIV 33
-1.5816683073763778908e-36
0
0
0
DERIV 34
1.962379805938868514e-37
0
0
0
DERIV 35
-2.422143119877253580e-38
0
0
0
AT 37/4
1.3573731443925274832e-13
0
0
0
DERIV 1
-2.2585893232502985212e-13
0
0
0
DERIV 2
1.9199085167789034205e-13
0
0
0
DERIV 3
-1.1127663355187085820e-13
0
0
0
DERIV 4
4.952116120597312147e-14
0
0
0
DERIV 5
-1.8067149012125673584e-14
0
0
0
DERIV 6
5.634204042762492270e-15
0
0
0
DERIV 7
-1.5460924972384691292e-15
0
0
0
DERIV 8
3.814232107961258776e-16
0
0
0
DERIV 9
-8.600200022763594812e-17
0
0
0
DERIV 10
1.7956426718221940091e-17
0
0
0
DERIV 11
-3.508741185950721362e-18
0
0
0
DERIV 12
6.473068688355052257e-19
0
0
0
DERIV 13
-1.1357510724407319119e-19
0
0
0
DERIV 14
1.9070609058586807934e-20
0
0
0
DERIV 15
-3.0807095373603428991e-21
0
0
0
DERIV 16
4.809621174957901595e-22
0
0
0
DERIV 17
-7.285205228633881929e-23
0
0
0
DERIV 18
1.0742653886170180904e-23
0
0
0
DERIV 19
-1.5466591297132544258e-24
0
0
0
DERIV 20
2.179717889144285470e-25
0
0
0
DERIV 21
-3.013678953328725164e-26
0
0
0
DERIV 22
4.095736627472332746e-27
0
0
0
DERIV 23
-5.480858221279542992e-28
0
0
0
DERIV 24
7.232691847780117008e-29
0
0
0
DERIV 25
-9.424577905365875416e-30
0
0
0
DERIV 26
1.2140676469991003484e-30
0
0
0
DERIV 27
-1.5477223402222147775e-31
0
0
0
DERIV 28
1.9543928778088535890e-32
0
0
0
DERIV 29
-2.4465532276780350246e-33
0
0
0
DERIV 30
3.038353139186600227e-34
0
0
0
DERIV 31
-3.745809976691959213e-35
0
0
0
DERIV 32
4.587021458613130764e-36
0
0
0
DERIV 33
-5.582401377509832077e-37
0
0
0
DERIV 34
6.754940579066376541e-38
0
0
0
DERIV 35
-8.130495700974452663e-39
0
0
0
AT 19/2
8.971039720477806877e-14
0
0
0
DERIV 1
-1.4795513095826959338e-13
0
0
0
DERIV 2
1.2458167214942973050e-13
0
0
0
DERIV 3
-7.147891298309666912e-14
0
0
0
DERIV 4
3.146833957087197347e-14
0
0
0
DERIV 5
-1.1349620749981931022e-14
0
0
0
DERIV 6
3.4964369485363165433e-15
0
0
0
DERIV 7
-9.471484811086949898e-16
0
0
0
DERIV 8
2.304969301318039242e-16
0
0
0
DERIV 9
-5.123049481563223594e-17
0
0
0
DERIV 10
1.0536385555838468953e-17
0
0
0
DERIV 11
-2.0266108823008163429e-18
0
0
0
DERIV 12
3.677733563528178377e-19
0
0
0
DERIV 13
-6.343342411994411428e-20
0
0
0
DERIV 14
1.0463823523514884160e-20
0
0
0
DERIV 15
-1.6596122189773075961e-21
0
0
0
DERIV 16
2.542436941961212146e-22
0
0
0
DERIV 17
-3.776876477662031361e-23
0
0
0
DERIV 18
5.459306612252270830e-24
0
0
0
DERIV 19
-7.701114769224776542e-25
0
0
0
DERIV 20
1.0629311274586663696e-25
0
0
0
DERIV 21
-1.4387141202171677220e-26
0
0
0
DERIV 22
1.9134735133508158149e-27
0
0
0
DERIV 23
-2.504982927438430799e-28
0
0
0
DERIV 24
3.232857783560143045e-29
0
0
0
DERIV 25
-4.118647420237111273e-30
0
0
0
DERIV 26
5.185939247822769431e-31
0
0
0
DERIV 27
-6.460475747150133724e-32
0
0
0
DERIV 28
7.970284890755483615e-33
0
0
0
DERIV 29
-9.745824435146584276e-34
0
0
0
DERIV 30
1.1820140477012586489e-34
0
0
0
DERIV 31
-1.4229040663964442875e-35
0
0
0
DERIV 32
1.7011282484660064270e-36
0
0
0
DERIV 33
-2.020877712153338720e-37
0
0
0
DERIV 34
2.386680942294109622e-38
0
0
0
DERIV 35
-2.8034274634344700241e-39
0
0
0
AT 39/4
5.950374969083186078e-14
0
0
0
DERIV 1
-9.730251795812091483e-14
0
0
0
DERIV 2
8.118665184518082431e-14
0
0
0
DERIV 3
-4.612931575485745195e-14
0
0
0
DERIV 4
2.0098476189730988025e-14
0
0
0
DERIV 5
-7.169246944951254755e-15
0
0
0
DERIV 6
2.1828622591638525261e-15
0
0
0
DERIV 7
-5.840200254228853236e-16
0
0
0
DERIV 8
1.4027551025426025160e-16
0
0
0
DERIV 9
-3.075035835759927168e-17
0
0
0
DERIV 10
6.233306413732949071e-18
0
0
0
DERIV 11
-1.1808846937574857049e-18
0
0
0
DERIV 12
2.1093076059888336156e-19
0
0
0
DERIV 13
-3.578670670654916944e-20
0
0
0
DERIV 14
5.803235424652321140e-21
0
0
0
DERIV 15
-9.042888170672989804e-22
0
0
0
DERIV 16
1.3602831306123350036e-22
0
0
0
DERIV 17
-1.9831805519818022239e-23
0
0
0
DERIV 18
2.8119223700488862040e-24
0
0
0
DERIV 19
-3.889162472576910769e-25
0
0
0
DERIV 20
5.260882295477302826e-26
0
0
0
DERIV 21
-6.976006171796864171e-27
0
0
0
DERIV 22
9.086039824262711035e-28
0
0
0
DERIV 23
-1.1644746898922493030e-28
0
0
0
DERIV 24
1.4707871738377151019e-29
0
0
0
DERIV 25
-1.8332911406011532751e-30
0
0
0
DERIV 26
2.257893629686211682e-31
0
0
0
DERIV 27
-2.750645630564799794e-32
0
0
0
DERIV 28
3.317732818983610573e-33
0
0
0
DERIV 29
-3.965469918585481668e-34
0
0
0
DERIV 30
4.700298186757906122e-35
0
0
0
DERIV 31
-5.528785548698457065e-36
0
0
0
DERIV 32
6.457628946689114412e-37
0
0
0
DERIV 33
-7.493658522760517383e-38
0
0
0
DERIV 34
8.643843305941039403e-39
0
0
0
DERIV 35
-9.915298126244446574e-40
0
0
0
AT 10
3.960352314626110351e-14
0
0
0
DERIV 1
-6.423045170769684521e-14
0
0
0
DERIV 2
5.312321927022746446e-14
0
0
0
DERIV 3
-2.990223739447398381e-14
0
0
0
DERIV 4
1.2898835069060408753e-14
0
0
0
DERIV 5
-4.552463392401952087e-15
0
0
0
DERIV 6
1.3705740739603986299e-15
0
0
0
DERIV 7
-3.623428143661947573e-16
0
0
0
DERIV 8
8.594071075082047196e-17
0
0
0
DERIV 9
-1.8590931201885816436e-17
0
0
0
DERIV 10
3.716324826675762999e-18
0
0
0
DERIV 11
-6.938430328255114716e-19
0
0
0
DERIV 12
1.2205981228469598994e-19
0
0
0
DERIV 13
-2.0382723608116821755e-20
0
0
0
DERIV 14
3.2512991259306746759e-21
0
0
0
DERIV 15
-4.980695699334640208e-22
0
0
0
DERIV 16
7.361570819584393864e-23
0
0
0
DERIV 17
-1.0539914550483301532e-23
0
0
0
DERIV 18
1.4669004310517800854e-24
0
0
0
DERIV 19
-1.9905739109441161114e-25
0
0
0
DERIV 20
2.640715628616475329e-26
0
0
0
DERIV 21
-3.432731163980363120e-27
0
0
0
DERIV 22
4.381463078424058244e-28
0
0
0
DERIV 23
-5.500977683637961314e-29
0
0
0
DERIV 24
6.804403165017320869e-30
0
0
0
DERIV 25
-8.303815519058719475e-31
0
0
0
DERIV 26
1.0010166839894714248e-31
0
0
0
DERIV 27
-1.1933249611986489263e-32
0
0
0
DERIV 28
1.4081690531880476785e-33
0
0
0
DERIV 29
-1.6462967727734419696e-34
0
0
0
DERIV 30
1.9083445863875415201e-35
0
0
0
DERIV 31
-2.1948424359566141203e-36
0
0
0
DERIV 32
2.506219471668905218e-37
0
0
0
DERIV 33
-2.842810367908626590e-38
0
0
0
DERIV 34
3.204861960355146440e-39
0
0
0
DERIV 35
-3.5925399994549182448e-40
0
0
0
AT 41/4
2.6445143014872994844e-14
0
0
0
DERIV 1
-4.255079867862323631e-14
0
0
0
DERIV 2
3.489570723601272908e-14
0
0
0
DERIV 3
-1.9465582411482136936e-14
0
0
0
DERIV 4
8.316402081804746931e-15
0
0
0
DERIV 5
-2.9052875001117827520e-15
0
0
0
DERIV 6
8.652308408486063771e-16
0
0
0
DERIV 7
-2.261307844833928362e-16
0
0
0
DERIV 8
5.298706302182459667e-17
0
0
0
DERIV 9
-1.1316756577723842830e-17
0
0
0
DERIV 10
2.2320526833056775423e-18
0
0
0
DERIV 11
-4.109085259300388055e-19
0
0
0
DERIV 12
7.123251358869017908e-20
0
0
0
DERIV 13
-1.1714538710773425008e-20
0
0
0
DERIV 14
1.8391706159065670977e-21
0
0
0
DERIV 15
-2.771483590726997356e-22
0
0
0
DERIV 16
4.027324254641575488e-23
0
0
0
DERIV 17
-5.666121378314286889e-24
0
0
0
DERIV 18
7.745398288777985563e-25
0
0
0
DERIV 19
-1.0318590889690090296e-25
0
0
0
DERIV 20
1.3433223834279218447e-26
0
0
0
DERIV 21
-1.7129519372176450828e-27
0
0
0
DERIV 22
2.143945840297930690e-28
0
0
0
DERIV 23
-2.638627148809883724e-29
0
0
0
DERIV 24
3.198431015921553174e-30
0
0
0
DERIV 25
-3.823923429806249843e-31
0
0
0
DERIV 26
4.514844684934141828e-32
0
0
0
DERIV 27
-5.270170960389734445e-33
0
0
0
DERIV 28
6.088188052175058602e-34
0
0
0
DERIV 29
-6.966572191127596857e-35
0
0
0
DERIV 30
7.902473822382537698e-36
0
0
0
DERIV 31
-8.892601129046168605e-37
0
0
0
DERIV 32
9.933300897092380332e-38
0
0
0
DERIV 33
-1.1020635015665767568e-38
0
0
0
DERIV 34
1.2150451481814618813e-39
0
0
0
DERIV 35
-1.3318449237712579702e-40
0
0
0
AT 21/2
1.7714122276549342914e-14
0
0
0
DERIV 1
-2.8285002871662401866e-14
0
0
0
DERIV 2
2.3007618509060604711e-14
0
0
0
DERIV 3
-1.2722835679350479405e-14
0
0
0
DERIV 4
5.385484173392753627e-15
0
0
0
DERIV 5
-1.8629380062250578147e-15
0
0
0
DERIV 6
5.490365970197985400e-16
0
0
0
DERIV 7
-1.4191340288328983968e-16
0
0
0
DERIV 8
3.286689379686138530e-17
0
0
0
DERIV 9
-6.933696280614882297e-18
0
0
0
DERIV 10
1.3499901797322405624e-18
0
0
0
DERIV 11
-2.451807782451231231e-19
0
0
0
DERIV 12
4.190548850284808282e-20
0
0
0
DERIV 13
-6.790658177680507405e-21
0
0
0
DERIV 14
1.0499134253276892030e-21
0
0
0
DERIV 15
-1.5572159370017701937e-22
0
0
0
DERIV 16
2.2260202734692006042e-23
0
0
0
DERIV 17
-3.0793341944324998419e-24
0
0
0
DERIV 18
4.136829792454524781e-25
0
0
0
DERIV 19
-5.413823603322725194e-26
0
0
0
DERIV 20
6.920588401787019406e-27
0
0
0
DERIV 21
-8.662005955877321584e-28
0
0
0
DERIV 22
1.0637534689988377487e-28
0
0
0
DERIV 23
-1.2841443393390027041e-29
0
0
0
DERIV 24
1.5263250961126838639e-30
0
0
0
DERIV 25
-1.7888310261369629607e-31
0
0
0
DERIV 26
2.0698478698894636268e-32
0
0
0
DERIV 27
-2.3672826213853654222e-33
0
0
0
DERIV 28
2.678834119533738742e-34
0
0
0
DERIV 29
-3.002060461199301924e-35
0
0
0
DERIV 30
3.334441165008671158e-36
0
0
0
DERIV 31
-3.673432783226903095e-37
0
0
0
DERIV 32
4.016517281002815080e-38
0
0
0
DERIV 33
-4.361242981875972894e-39
0
0
0
DERIV 34
4.705258230506172026e-40
0
0
0
DERIV 35
-5.046338167787120325e-41
0
0
0
AT 43/4
1.1901397036835469709e-14
0
0
0
DERIV 1
-1.8863528425452581490e-14
0
0
0
DERIV 2
1.5223434349645554295e-14
0
0
0
DERIV 3
-8.347851529283587166e-15
0
0
0
DERIV 4
3.5021230287075603145e-15
0
0
0
DERIV 5
-1.1999921291238512525e-15
0
0
0
DERIV 6
3.501103122559368650e-16
0
0
0
DERIV 7
-8.953548176394509503e-17
0
0
0
DERIV 8
2.0504023988865381139e-17
0
0
0
DERIV 9
-4.274568880030357167e-18
0
0
0
DERIV 10
8.219462031365169032e-19
0
0
0
DERIV 11
-1.4734130637968300531e-19
0
0
0
DERIV 12
2.4841517434224269900e-20
0
0
0
DERIV 13
-3.968602565226553819e-21
0
0
0
DERIV 14
6.045809058426708998e-22
0
0
0
DERIV 15
-8.830602729430622011e-23
0
0
0
DERIV 16
1.2424714934545406679e-23
0
0
0
DERIV 17
-1.6908923549952176120e-24
0
0
0
DERIV 18
2.233705937558986596e-25
0
0
0
DERIV 19
-2.873232623078164721e-26
0
0
0
DERIV 20
3.608602404958453714e-27
0
0
0
DERIV 21
-4.435847043104316128e-28
0
0
0
DERIV 22
5.348172229044681453e-29
0
0
0
DERIV 23
-6.336360578229456783e-30
0
0
0
DERIV 24
7.389255182503066917e-31
0
0
0
DERIV 25
-8.494278126253249609e-32
0
0
0
DERIV 26
9.637946313967880584e-33
0
0
0
DERIV 27
-1.0806356146402672634e-33
0
0
0
DERIV 28
1.1985617587318777351e-34
0
0
0
DERIV 29
-1.3162226121336925372e-35
0
0
0
DERIV 30
1.4323367608066956445e-36
0
0
0
DERIV 31
-1.5457155997961837357e-37
0
0
0
DERIV 32
1.6552807396039041328e-38
0
0
0
DERIV 33
-1.7600756246056873528e-39
0
0
0
DERIV 34
1.8592720700894320579e-40
0
0
0
DERIV 35
-1.9521724781266168940e-41
0
0
0
AT 11
8.019133006590095152e-15
0
0
0
DERIV 1
-1.2619680201886418813e-14
0
0
0
DERIV 2
1.0107152474335354426e-14
0
0
0
DERIV 3
-5.497515967122318422e-15
0
0
0
DERIV 4
2.2865165156321305761e-15
0
0
0
DERIV 5
-7.763180648993670004e-16
0
0
0
DERIV 6
2.243078803332786232e-16
0
0
0
DERIV 7
-5.677632756961768062e-17
0
0
0
DERIV 8
1.2861559780036325975e-17
0
0
0
DERIV 9
-2.6507983926969646661e-18
0
0
0
DERIV 10
5.036216391273569268e-19
0
0
0
DERIV 11
-8.914769510189982952e-20
0
0
0
DERIV 12
1.4833356756062916681e-20
0
0
0
DERIV 13
-2.3373870064911552946e-21
0
0
0
DERIV 14
3.510278839349026741e-22
0
0
0
DERIV 15
-5.051753028298225505e-23
0
0
0
DERIV 16
6.999746115562177171e-24
0
0
0
DERIV 17
-9.376601829080140959e-25
0
0
0
DERIV 18
1.2186793747421542806e-25
0
0
0
DERIV 19
-1.5416281474947563602e-26
0
0
0
DERIV 20
1.9033384230359222898e-27
0
0
0
DERIV 21
-2.299088802332357391e-28
0
0
0
DERIV 22
2.722901611255432671e-29
0
0
0
DERIV 23
-3.167887750065991587e-30
0
0
0
DERIV 24
3.626604520442044323e-31
0
0
0
DERIV 25
-4.091398326674339232e-32
0
0
0
DERIV 26
4.554712021326992534e-33
0
0
0
DERIV 27
-5.009344331816169798e-34
0
0
0
DERIV 28
5.448655440114431738e-35
0
0
0
DERIV 29
-5.866718016082370429e-36
0
0
0
DERIV 30
6.258416765894398734e-37
0
0
0
DERIV 31
-6.619501984366848196e-38
0
0
0
DERIV 32
6.946603922805836720e-39
0
0
0
DERIV 33
-7.237215258788024559e-40
0
0
0
DERIV 34
7.489648823820007638e-41
0
0
0
DERIV 35
-7.702977217118517657e-42
0
0
0
AT 45/4
5.418236364702064715e-15
0
0
0
DERIV 1
-8.467920180042659740e-15
0
0
0
DERIV 2
6.732220600599540853e-15
0
0
0
DERIV 3
-3.633211937478869346e-15
0
0
0
DERIV 4
1.4985728093241805941e-15
0
0
0
DERIV 5
-5.043114427728180196e-16
0
0
0
DERIV 6
1.4435388656269964008e-16
0
0
0
DERIV 7
-3.617756847405831372e-17
0
0
0
DERIV 8
8.109848137760370933e-18
0
0
0
DERIV 9
-1.6530989624265724142e-18
0
0
0
DERIV 10
3.104449496191554161e-19
0
0
0
DERIV 11
-5.428803120293606410e-20
0
0
0
DERIV 12
8.918777914651944754e-21
0
0
0
DERIV 13
-1.3868543220428512937e-21
0
0
0
DERIV 14
2.0542074838658791863e-22
0
0
0
DERIV 15
-2.914221999960356068e-23
0
0
0
DERIV 16
3.978546131259118314e-24
0
0
0
DERIV 17
-5.248585690664148487e-25
0
0
0
DERIV 18
6.714971728964779027e-26
0
0
0
DERIV 19
-8.358070494758090656e-27
0
0
0
DERIV 20
1.0149359966805729643e-27
0
0
0
DERIV 21
-1.2053413571785641808e-28
0
0
0
DERIV 22
1.4030207384876589777e-29
0
0
0
DERIV 23
-1.6037489123858331722e-30
0
0
0
DERIV 24
1.8032998046558094360e-31
0
0
0
DERIV 25
-1.9976387836220925813e-32
0
0
0
DERIV 26
2.1830766978238431149e-33
0
0
0
DERIV 27
-2.356382498214986539e-34
0
0
0
DERIV 28
2.514855429526034226e-35
0
0
0
DERIV 29
-2.6563606224926361386e-36
0
0
0
DERIV 30
2.779333591674405114e-37
0
0
0
DERIV 31
-2.882759866287422377e-38
0
0
0
DERIV 32
2.966136003055209467e-39
0
0
0
DERIV 33
-3.0294177825437535334e-40
0
0
0
DERIV 34
3.072960667415711086e-41
0
0
0
DERIV 35
-3.097456751207446386e-42
0
0
0
AT 23/2
3.670645631311616738e-15
0
0
0
DERIV 1
-5.698438409435924862e-15
0
0
0
DERIV 2
4.498246109212815410e-15
0
0
0
DERIV 3
-2.4092575921848966755e-15
0
0
0
DERIV 4
9.857596813769114754e-16
0
0
0
DERIV 5
-3.289105084356675365e-16
0
0
0
DERIV 6
9.329772780804266209e-17
0
0
0
DERIV 7
-2.3158883814582582383e-17
0
0
0
DERIV 8
5.139182702005816460e-18
0
0
0
DERIV 9
-1.0364482382471179283e-18
0
0
0
DERIV 10
1.9247027911989899886e-19
0
0
0
DERIV 11
-3.326416246318909563e-20
0
0
0
DERIV 12
5.398042633487582884e-21
0
0
0
DERIV 13
-8.286838442492641355e-22
0
0
0
DERIV 14
1.2111644878513594135e-22
0
0
0
DERIV 15
-1.6945816018528295509e-23
0
0
0
DERIV 16
2.2805166234346401597e-24
0
0
0
DERIV 17
-2.964263373673874676e-25
0
0
0
DERIV 18
3.734998758377319406e-26
0
0
0
DERIV 19
-4.576570942856151167e-27
0
0
0
DERIV 20
5.468738309082796817e-28
0
0
0
DERIV 21
-6.388658814942492254e-29
0
0
0
DERIV 22
7.312435734364826521e-30
0
0
0
DERIV 23
-8.216559508162545781e-31
0
0
0
DERIV 24
9.079132689539610894e-32
0
0
0
DERIV 25
-9.880814106576816498e-33
0
0
0
DERIV 26
1.0605461551450350393e-33
0
0
0
DERIV 27
-1.1240485516005846452e-34
0
0
0
DERIV 28
1.1776948715653102814e-35
0
0
0
DERIV 29
-1.2209458336695535218e-36
0
0
0
DERIV 30
1.2535902075313567871e-37
0
0
0
DERIV 31
-1.2757077376477958843e-38
0
0
0
DERIV 32
1.2876257946688372879e-39
0
0
0
DERIV 33
-1.2898734351267917239e-40
0
0
0
DERIV 34
1.2831357618261724228e-41
0
0
0
DERIV 35
-1.2682107141134588147e-42
0
0
0
AT 47/4
2.4930826217253904549e-15
0
0
0
DERIV 1
-3.845355744264813001e-15
0
0
0
DERIV 2
3.0145952335646086028e-15
0
0
0
DERIV 3
-1.6028165682425288435e-15
0
0
0
DERIV 4
6.507101011054425786e-16
0
0
0
DERIV 5
-2.1532943441800647162e-16
0
0
0
DERIV 6
6.054692664159789124e-17
0
0
0
DERIV 7
-1.4890673081340070142e-17
0
0
0
DERIV 8
3.2722163222104259556e-18
0
0
0
DERIV 9
-6.531592408780994417e-19
0
0
0
DERIV 10
1.1998559607163985523e-19
0
0
0
DERIV 11
-2.0502474340438204852e-20
0
0
0
DERIV 12
3.2877737216002866532e-21
0
0
0
DERIV 13
-4.984999080718817990e-22
0
0
0
DERIV 14
7.192321839040863425e-23
0
0
0
DERIV 15
-9.928949163027028012e-24
0
0
0
DERIV 16
1.3177741133215475538e-24
0
0
0
DERIV 17
-1.6884633448977564680e-25
0
0
0
DERIV 18
2.0962423367927040743e-26
0
0
0
DERIV 19
-2.5297983337638870977e-27
0
0
0
DERIV 20
2.976156934052865468e-28
0
0
0
DERIV 21
-3.421681993157421051e-29
0
0
0
DERIV 22
3.853022318524964076e-30
0
0
0
DERIV 23
-4.257915620582819898e-31
0
0
0
DERIV 24
4.625797442273645108e-32
0
0
0
DERIV 25
-4.948197044841674138e-33
0
0
0
DERIV 26
5.218929161661543599e-34
0
0
0
DERIV 27
-5.434108630623279732e-35
0
0
0
DERIV 28
5.592024639543240532e-36
0
0
0
DERIV 29
-5.692914225971507493e-37
0
0
0
DERIV 30
5.738672711256157808e-38
0
0
0
DERIV 31
-5.732533791569292828e-39
0
0
0
DERIV 32
5.678745605323033241e-40
0
0
0
DERIV 33
-5.582262388196075480e-41
0
0
0
DERIV 34
5.448465062274496236e-42
0
0
0
DERIV 35
-5.282918706292016463e-43
0
0
0
AT 12
1.6974573527607955018e-15
0
0
0
DERIV 1
-2.6017916736789740355e-15
0
0
0
DERIV 2
2.0261171791397992387e-15
0
0
0
DERIV 3
-1.0696358989616396576e-15
0
0
0
DERIV 4
4.309878545963172146e-16
0
0
0
DERIV 5
-1.4148397557164051903e-16
0
0
0
DERIV 6
3.944722393386182597e-17
0
0
0
DERIV 7
-9.614956518221257604e-18
0
0
0
DERIV 8
2.0929893387129136821e-18
0
0
0
DERIV 9
-4.136337344798480416e-19
0
0
0
DERIV 10
7.519268907121888358e-20
0
0
0
DERIV 11
-1.2708069447213016738e-20
0
0
0
DERIV 12
2.0145596813725835869e-21
0
0
0
DERIV 13
-3.018066444974650863e-22
0
0
0
DERIV 14
4.300340301242445842e-23
0
0
0
DERIV 15
-5.859988463880751694e-24
0
0
0
DERIV 16
7.673445865042614692e-25
0
0
0
DERIV 17
-9.696182634102336741e-26
0
0
0
DERIV 18
1.1866491204990933288e-26
0
0
0
DERIV 19
-1.4111049720113543556e-27
0
0
0
DERIV 20
1.6351291335729305992e-28
0
0
0
DERIV 21
-1.8509660206803175186e-29
0
0
0
DERIV 22
2.0515034837753949191e-30
0
0
0
DERIV 23
-2.230686682128013345e-31
0
0
0
DERIV 24
2.3837848915141358976e-32
0
0
0
DERIV 25
-2.5075145913973937644e-33
0
0
0
DERIV 26
2.600037442686081574e-34
0
0
0
DERIV 27
-2.660860224479908498e-35
0
0
0
DERIV 28
2.6906665073461330724e-36
0
0
0
DERIV 29
-2.691108374158825756e-37
0
0
0
DERIV 30
2.664582462482576187e-38
0
0
0
DERIV 31
-2.6140093568641501053e-39
0
0
0
DERIV 32
2.5426299134122297100e-40
0
0
0
DERIV 33
-2.453827105089725913e-41
0
0
0
DERIV 34
2.3509777865509780707e-42
0
0
0
DERIV 35
-2.2373355210085145118e-43
0
0
0
AT 49/4
1.1584831484587885135e-15
0
0
0
DERIV 1
-1.7649007598981485954e-15
0
0
0
DERIV 2
1.3655314555656346261e-15
0
0
0
DERIV 3
-7.159563183464986077e-16
0
0
0
DERIV 4
2.863814971945325055e-16
0
0
0
DERIV 5
-9.328782693946267368e-17
0
0
0
DERIV 6
2.5797259782169001849e-17
0
0
0
DERIV 7
-6.233608787108222346e-18
0
0
0
DERIV 8
1.3445752698890069889e-18
0
0
0
DERIV 9
-2.631764716865441116e-19
0
0
0
DERIV 10
4.735921583358018860e-20
0
0
0
DERIV 11
-7.919359825663576074e-21
0
0
0
DERIV 12
1.2415282256341586374e-21
0
0
0
DERIV 13
-1.8384742328852923423e-22
0
0
0
DERIV 14
2.5880554456289027758e-23
0
0
0
DERIV 15
-3.482602622166616451e-24
0
0
0
DERIV 16
4.501262015608682910e-25
0
0
0
DERIV 17
-5.611623655817783432e-26
0
0
0
DERIV 18
6.772810056889086664e-27
0
0
0
DERIV 19
-7.939406608832128190e-28
0
0
0
DERIV 20
9.065569591705214101e-29
0
0
0
DERIV 21
-1.0108741456099213705e-29
0
0
0
DERIV 22
1.1032578140251196460e-30
0
0
0
DERIV 23
-1.1808891250340120300e-31
0
0
0
DERIV 24
1.2418584665887332218e-32
0
0
0
DERIV 25
-1.2851695829687633012e-33
0
0
0
DERIV 26
1.3106729590043863174e-34
0
0
0
DERIV 27
-1.3189502219185402250e-35
0
0
0
DERIV 28
1.3111706741581971911e-36
0
0
0
DERIV 29
-1.2889381187492307637e-37
0
0
0
DERIV 30
1.2541420650886996768e-38
0
0
0
DERIV 31
-1.2088231057156786512e-39
0
0
0
DERIV 32
1.1550583210525628554e-40
0
0
0
DERIV 33
-1.0948693153384115889e-41
0
0
0
DERIV 34
1.0301530238765470067e-42
0
0
0
DERIV 35
-9.626337344217578708e-44
0
0
0
AT 25/2
7.924503671232997105e-16
0
0
0
DERIV 1
-1.2001588983741755835e-15
0
0
0
DERIV 2
9.227734186463229497e-16
0
0
0
DERIV 3
-4.806018579386431684e-16
0
0
0
DERIV 4
1.9088519141699412244e-16
0
0
0
DERIV 5
-6.171575944254002180e-17
0
0
0
DERIV 6
1.6931570308834224286e-17
0
0
0
DERIV 7
-4.057127008040329651e-18
0
0
0
DERIV 8
8.673961387881755007e-19
0
0
0
DERIV 9
-1.6820032063148717727e-19
0
0
0
DERIV 10
2.997251362096848578e-20
0
0
0
DERIV 11
-4.960642219964248633e-21
0
0
0
DERIV 12
7.693500504554363028e-22
0
0
0
DERIV 13
-1.1265135396606932953e-22
0
0
0
DERIV 14
1.5673237956721164089e-23
0
0
0
DERIV 15
-2.0835039347675445300e-24
0
0
0
DERIV 16
2.659097427915776112e-25
0
0
0
DERIV 17
-3.271965433678383944e-26
0
0
0
DERIV 18
3.896073586988961444e-27
0
0
0
DERIV 19
-4.504122001303151638e-28
0
0
0
DERIV 20
5.070084370438947917e-29
0
0
0
DERIV 21
-5.571318809144977364e-30
0
0
0
DERIV 22
5.990050167200427952e-31
0
0
0
DERIV 23
-6.314160958531001162e-32
0
0
0
DERIV 24
6.537338862452014820e-33
0
0
0
DERIV 25
-6.658700950219700420e-34
0
0
0
DERIV 26
6.682048341583621857e-35
0
0
0
DERIV 27
-6.614907217573615076e-36
0
0
0
DERIV 28
6.467493242271783434e-37
0
0
0
DERIV 29
-6.251706460605586252e-38
0
0
0
DERIV 30
5.980230631166950689e-39
0
0
0
DERIV 31
-5.665780140838966391e-40
0
0
0
DERIV 32
5.320512142098474926e-41
0
0
0
DERIV 33
-4.955602481659407396e-42
0
0
0
DERIV 34
4.580971208218698968e-43
0
0
0
DERIV 35
-4.205136092378534194e-44
0
0
0
AT 51/4
5.432638426888274406e-16
0
0
0
DERIV 1
-8.180674147005416663e-16
0
0
0
DERIV 2
6.251753420934623909e-16
0
0
0
DERIV 3
-3.235083908723982666e-16
0
0
0
DERIV 4
1.2761302212770835184e-16
0
0
0
DERIV 5
-4.096034600102407536e-17
0
0
0
DERIV 6
1.1151289523228041572e-17
0
0
0
DERIV 7
-2.6504306270891413800e-18
0
0
0
DERIV 8
5.618107042352901066e-19
0
0
0
DERIV 9
-1.0796296437757012752e-19
0
0
0
DERIV 10
1.9056563912338082002e-20
0
0
0
DERIV 11
-3.1226926981072915449e-21
0
0
0
DERIV 12
4.792713726144582835e-22
0
0
0
DERIV 13
-6.941565667828544427e-23
0
0
0
DERIV 14
9.548673531271280364e-24
0
0
0
DERIV 15
-1.2544269826795076403e-24
0
0
0
DERIV 16
1.5814676796424435974e-25
0
0
0
DERIV 17
-1.9214269941898706937e-26
0
0
0
DERIV 18
2.2581471963751699756e-27
0
0
0
DERIV 19
-2.575570063598119270e-28
0
0
0
DERIV 20
2.859253606828672639e-29
0
0
0
DERIV 21
-3.0975205884110480200e-30
0
0
0
DERIV 22
3.282148813892155072e-31
0
0
0
DERIV 23
-3.408603872260192502e-32
0
0
0
DERIV 24
3.475880863115574382e-33
0
0
0
DERIV 25
-3.486058018886551958e-34
0
0
0
DERIV 26
3.443675093598074828e-35
0
0
0
DERIV 27
-3.355040078206023757e-36
0
0
0
DERIV 28
3.227547272079627232e-37
0
0
0
DERIV 29
-3.069064980775184264e-38
0
0
0
DERIV 30
2.8874271515272915575e-39
0
0
0
DERIV 31
-2.6900430706781244052e-40
0
0
0
DERIV 32
2.483624089895150941e-41
0
0
0
DERIV 33
-2.2740162760861061063e-42
0
0
0
DERIV 34
2.0661222406390543030e-43
0
0
0
DERIV 35
-1.8638932284004710384e-44
0
0
0
AT 13
3.732266623689872744e-16
0
0
0
DERIV 1
-5.589006692427000861e-16
0
0
0
DERIV 2
4.246015265438968437e-16
0
0
0
DERIV 3
-2.1834452605550194352e-16
0
0
0
DERIV 4
8.555872194265390664e-17
0
0
0
DERIV 5
-2.7269296119299587825e-17
0
0
0
DERIV 6
7.368827981884688151e-18
0
0
0
DERIV 7
-1.7376766868699602573e-18
0
0
0
DERIV 8
3.652859374612576780e-19
0
0
0
DERIV 9
-6.958495186240185888e-20
0
0
0
DERIV 10
1.2169898042132367108e-20
0
0
0
DERIV 11
-1.9750398239430695955e-21
0
0
0
DERIV 12
3.000780847376574481e-22
0
0
0
DERIV 13
-4.300501030714947446e-23
0
0
0
DERIV 14
5.850838808723676259e-24
0
0
0
DERIV 15
-7.598743521138048239e-25
0
0
0
DERIV 16
9.466516636590455913e-26
0
0
0
DERIV 17
-1.1360691524287833091e-26
0
0
0
DERIV 18
1.3182805922972763706e-27
0
0
0
DERIV 19
-1.4840016357799699295e-28
0
0
0
DERIV 20
1.6253887610552551123e-29
0
0
0
DERIV 21
-1.7366343674569174280e-30
0
0
0
DERIV 22
1.8142463191484871109e-31
0
0
0
DERIV 23
-1.8570376536071864976e-32
0
0
0
DERIV 24
1.8658891929278272310e-33
0
0
0
DERIV 25
-1.8433636653771080989e-34
0
0
0
DERIV 26
1.7932486730450362363e-35
0
0
0
DERIV 27
-1.7200934249891137928e-36
0
0
0
DERIV 28
1.6287864794388155249e-37
0
0
0
DERIV 29
-1.5242034090950774644e-38
0
0
0
DERIV 30
1.4109372704147603181e-39
0
0
0
DERIV 31
-1.2931124541924549146e-40
0
0
0
DERIV 32
1.1742742180123857350e-41
0
0
0
DERIV 33
-1.0573415399734742973e-42
0
0
0
DERIV 34
9.446091321125567307e-44
0
0
0
DERIV 35
-8.377846720332993230e-45
0
0
0
AT 53/4
2.569366780548187397e-16
0
0
0
DERIV 1
-3.826842595020767753e-16
0
0
0
DERIV 2
2.890652863648818552e-16
0
0
0
DERIV 3
-1.4774528810406737379e-16
0
0
0
DERIV 4
5.752199169680146851e-17
0
0
0
DERIV 5
-1.8208592340057608806e-17
0
0
0
DERIV 6
4.884969367451171918e-18
0
0
0
DERIV 7
-1.1431831105367134785e-18
0
0
0
DERIV 8
2.383859215815963989e-19
0
0
0
DERIV 9
-4.502742688528813443e-20
0
0
0
DERIV 10
7.805003678626490803e-21
0
0
0
DERIV 11
-1.2548581434688459333e-21
0
0
0
DERIV 12
1.8879612083448242678e-22
0
0
0
DERIV 13
-2.678092950224516757e-23
0
0
0
DERIV 14
3.604806121997996478e-24
0
0
0
DERIV 15
-4.629935129634529293e-25
0
0
0
DERIV 16
5.701756788519402153e-26
0
0
0
DERIV 17
-6.761289283107300020e-27
0
0
0
DERIV 18
7.749354398132153091e-28
0
0
0
DERIV 19
-8.613072332579791960e-29
0
0
0
DERIV 20
9.310804803622757127e-30
0
0
0
DERIV 21
-9.815045450570414502e-31
0
0
0
DERIV 22
1.0113223383062007799e-31
0
0
0
DERIV 23
-1.0206735636251986896e-32
0
0
0
DERIV 24
1.0108718823758276394e-33
0
0
0
DERIV 25
-9.841120100688093869e-35
0
0
0
DERIV 26
9.431571101514697922e-36
0
0
0
DERIV 27
-8.910452085041195237e-37
0
0
0
DERIV 28
8.308397772611187461e-38
0
0
0
DERIV 29
-7.654370044066003782e-39
0
0
0
DERIV 30
6.974321714546770415e-40
0
0
0
DERIV 31
-6.290405514914567557e-41
0
0
0
DERIV 32
5.620641529577030193e-42
0
0
0
DERIV 33
-4.978939299513773126e-43
0
0
0
DERIV 34
4.375370874623158210e-44
0
0
0
DERIV 35
-3.816601909545074048e-45
0
0
0
AT 27/2
1.7723155952538150378e-16
0
0
0
DERIV 1
-2.625874590993366065e-16
0
0
0
DERIV 2
1.9724623874845815873e-16
0
0
0
DERIV 3
-1.0022122472551247648e-16
0
0
0
DERIV 4
3.877574774035366581e-17
0
0
0
DERIV 5
-1.2193351929838167682e-17
0
0
0
DERIV 6
3.2483520298542328812e-18
0
0
0
DERIV 7
-7.545706616012507008e-19
0
0
0
DERIV 8
1.5612446902302028789e-19
0
0
0
DERIV 9
-2.924778470296787087e-20
0
0
0
DERIV 10
5.026092003142615581e-21
0
0
0
DERIV 11
-8.007689745947183021e-22
0
0
0
DERIV 12
1.1933660536804734106e-22
0
0
0
DERIV 13
-1.6760503456997197731e-23
0
0
0
DERIV 14
2.2327399587421605270e-24
0
0
0
DERIV 15
-2.836888969616299170e-25
0
0
0
DERIV 16
3.454674544770727161e-26
0
0
0
DERIV 17
-4.049330616511092764e-27
0
0
0
DERIV 18
4.585683375237752012e-28
0
0
0
DERIV 19
-5.034044689614683651e-29
0
0
0
DERIV 20
5.372901599302103496e-30
0
0
0
DERIV 21
-5.590183278134688781e-31
0
0
0
DERIV 22
5.683190270674809347e-32
0
0
0
DERIV 23
-5.657476038231897423e-33
0
0
0
DERIV 24
5.525063599215806305e-34
0
0
0
DERIV 25
-5.302377532213760309e-35
0
0
0
DERIV 26
5.008206144220838345e-36
0
0
0
DERIV 27
-4.661913899257712669e-37
0
0
0
DERIV 28
4.282027104047398950e-38
0
0
0
DERIV 29
-3.885233336305411853e-39
0
0
0
DERIV 30
3.4857748857835441000e-40
0
0
0
DERIV 31
-3.095179379447163679e-41
0
0
0
DERIV 32
2.7222534796540475292e-42
0
0
0
DERIV 33
-2.3732630017884642983e-43
0
0
0
DERIV 34
2.0522297660833156847e-44
0
0
0
DERIV 35
-1.7612875076195340628e-45
0
0
0
AT 55/4
1.2248655723124558936e-16
0
0
0
DERIV 1
-1.8055234589677635435e-16
0
0
0
DERIV 2
1.3489174032572512101e-16
0
0
0
DERIV 3
-6.814636301521946345e-17
0
0
0
DERIV 4
2.6206057324104984081e-17
0
0
0
DERIV 5
-8.187830861005086593e-18
0
0
0
DERIV 6
2.1664702064498011560e-18
0
0
0
DERIV 7
-4.996518125325532776e-19
0
0
0
DERIV 8
1.0259956707541189219e-19
0
0
0
DERIV 9
-1.9067748512935571698e-20
0
0
0
DERIV 10
3.2493037315098493884e-21
0
0
0
DERIV 11
-5.131445760620923818e-22
0
0
0
DERIV 12
7.576989579534234398e-23
0
0
0
DERIV 13
-1.0539456817260171610e-23
0
0
0
DERIV 14
1.3899398692546412323e-24
0
0
0
DERIV 15
-1.7476216986795113341e-25
0
0
0
DERIV 16
2.1051498144073360571e-26
0
0
0
DERIV 17
-2.4398180940865192364e-27
0
0
0
DERIV 18
2.730920536124541320e-28
0
0
0
DERIV 19
-2.962040094013718347e-29
0
0
0
DERIV 20
3.1224533355204898202e-30
0
0
0
DERIV 21
-3.207579236140241114e-31
0
0
0
DERIV 22
3.218592343167754113e-32
0
0
0
DERIV 23
-3.161435872524366967e-33
0
0
0
DERIV 24
3.045507245477317854e-34
0
0
0
DERIV 25
-2.882264885292004219e-35
0
0
0
DERIV 26
2.6839459560931998041e-36
0
0
0
DERIV 27
-2.462513635053643654e-37
0
0
0
DERIV 28
2.2288864787292157676e-38
0
0
0
DERIV 29
-1.9924509021137431585e-39
0
0
0
DERIV 30
1.7608237562538618892e-40
0
0
0
DERIV 31
-1.5398141849223958571e-41
0
0
0
DERIV 32
1.3335288601145461667e-42
0
0
0
DERIV 33
-1.1445682111361649756e-43
0
0
0
DERIV 34
9.742696080623313974e-45
0
0
0
DERIV 35
-8.229637054993147596e-46
0
0
0
AT 14
8.480836345933717646e-17
0
0
0
DERIV 1
-1.2439328119026485069e-16
0
0
0
DERIV 2
9.244690946596943565e-17
0
0
0
DERIV 3
-4.644365065945484207e-17
0
0
0
DERIV 4
1.7754931809308426087e-17
0
0
0
DERIV 5
-5.512780027849759150e-18
0
0
0
DERIV 6
1.4490518158945189211e-18
0
0
0
DERIV 7
-3.318696165095131797e-19
0
0
0
DERIV 8
6.764705796572734871e-20
0
0
0
DERIV 9
-1.2474882606853254418e-20
0
0
0
DERIV 10
2.1085695158454128239e-21
0
0
0
DERIV 11
-3.301583661813494665e-22
0
0
0
DERIV 12
4.831556552994754162e-23
0
0
0
DERIV 13
-6.657923424636960857e-24
0
0
0
DERIV 14
8.695002682195797255e-25
0
0
0
DERIV 15
-1.0821783941497001548e-25
0
0
0
DERIV 16
1.2898505565592805284e-26
0
0
0
DERIV 17
-1.4785963646528399993e-27
0
0
0
DERIV 18
1.6363355545692909669e-28
0
0
0
DERIV 19
-1.7541466811961292123e-29
0
0
0
DERIV 20
1.8269599249565895172e-30
0
0
0
DERIV 21
-1.8536227173645769605e-31
0
0
0
DERIV 22
1.8364552419734602058e-32
0
0
0
DERIV 23
-1.7804742724105777840e-33
0
0
0
DERIV 24
1.6924722327002136976e-34
0
0
0
DERIV 25
-1.5801094167988456372e-35
0
0
0
DERIV 26
1.4511296280648322298e-36
0
0
0
DERIV 27
-1.3127589013173363843e-37
0
0
0
DERIV 28
1.1713038089110340133e-38
0
0
0
DERIV 29
-1.0319349482484399438e-39
0
0
0
DERIV 30
8.986231326484032078e-41
0
0
0
DERIV 31
-7.741885746941443463e-42
0
0
0
DERIV 32
6.604239073756282332e-43
0
0
0
DERIV 33
-5.582571460734252104e-44
0
0
0
DERIV 34
4.679280988424579689e-45
0
0
0
DERIV 35
-3.891594643285841941e-46
0
0
0
AT 57/4
5.882438178796363253e-17
0
0
0
DERIV 1
-8.586615249450822700e-17
0
0
0
DERIV 2
6.348862523229962849e-17
0
0
0
DERIV 3
-3.172306052832832979e-17
0
0
0
DERIV 4
1.2057965842620401794e-17
0
0
0
DERIV 5
-3.721237494827850495e-18
0
0
0
DERIV 6
9.718787806999802276e-19
0
0
0
DERIV 7
-2.210811075970724988e-19
0
0
0
DERIV 8
4.474336971855034915e-20
0
0
0
DERIV 9
-8.189311000756122209e-21
0
0
0
DERIV 10
1.3732890658489686821e-21
0
0
0
DERIV 11
-2.132499217709388817e-22
0
0
0
DERIV 12
3.093669134000779521e-23
0
0
0
DERIV 13
-4.224475343857605063e-24
0
0
0
DERIV 14
5.464848701576774687e-25
0
0
0
DERIV 15
-6.734576272020416543e-26
0
0
0
DERIV 16
7.944830890726540863e-27
0
0
0
DERIV 17
-9.010789065672316857e-28
0
0
0
DERIV 18
9.862605350710272860e-29
0
0
0
DERIV 19
-1.0452840297088752348e-29
0
0
0
DERIV 20
1.0759573773011350982e-30
0
0
0
DERIV 21
-1.0785482116787858031e-31
0
0
0
DERIV 22
1.0553868821686903118e-32
0
0
0
DERIV 23
-1.0102940830147049912e-33
0
0
0
DERIV 24
9.479575856121326225e-35
0
0
0
DERIV 25
-8.733556622665156803e-36
0
0
0
DERIV 26
7.912888418862716430e-37
0
0
0
DERIV 27
-7.060470023857397504e-38
0
0
0
DERIV 28
6.212115226532469151e-39
0
0
0
DERIV 29
-5.395744441728578378e-40
0
0
0
DERIV 30
4.631477685385930275e-41
0
0
0
DERIV 31
-3.932341484322189529e-42
0
0
0
DERIV 32
3.3053290966686236638e-43
0
0
0
DERIV 33
-2.752603922470791134e-44
0
0
0
DERIV 34
2.2726936677690262841e-45
0
0
0
DERIV 35
-1.8615769918074309789e-46
0
0
0
AT 29/2
4.086867044227361353e-17
0
0
0
DERIV 1
-5.937917006356539318e-17
0
0
0
DERIV 2
4.368741435343273198e-17
0
0
0
DERIV 3
-2.1714546827430861892e-17
0
0
0
DERIV 4
8.207827139819037534e-18
0
0
0
DERIV 5
-2.5181328729401505586e-18
0
0
0
DERIV 6
6.535732126705023206e-19
0
0
0
DERIV 7
-1.4769766418408122603e-19
0
0
0
DERIV 8
2.968485621894797150e-20
0
0
0
DERIV 9
-5.393593706516903210e-21
0
0
0
DERIV 10
8.975410414872395837e-22
0
0
0
DERIV 11
-1.3825374818553527272e-22
0
0
0
DERIV 12
1.9887945333474210013e-23
0
0
0
DERIV 13
-2.6918339242219264807e-24
0
0
0
DERIV 14
3.450201773153208240e-25
0
0
0
DERIV 15
-4.211142518028605939e-26
0
0
0
DERIV 16
4.918492779985897129e-27
0
0
0
DERIV 17
-5.520840520101410571e-28
0
0
0
DERIV 18
5.978194427422355624e-29
0
0
0
DERIV 19
-6.266054700426086777e-30
0
0
0
DERIV 20
6.376568671531213686e-31
0
0
0
DERIV 21
-6.317131793812329924e-32
0
0
0
DERIV 22
6.107210021410943094e-33
0
0
0
DERIV 23
-5.774289355640626492e-34
0
0
0
DERIV 24
5.349763350496969591e-35
0
0
0
DERIV 25
-4.865346320974880684e-36
0
0
0
DERIV 26
4.350340859499325864e-37
0
0
0
DERIV 27
-3.829858353539907022e-38
0
0
0
DERIV 28
3.323923969699599432e-39
0
0
0
DERIV 29
-2.8473001005940294231e-40
0
0
0
DERIV 30
2.409824902899091449e-41
0
0
0
DERIV 31
-2.0170681929764135853e-42
0
0
0
DERIV 32
1.6711378225286710524e-43
0
0
0
DERIV 33
-1.3715110317271866021e-44
0
0
0
DERIV 34
1.1158069373579731204e-45
0
0
0
DERIV 35
-9.004523280128216573e-47
0
0
0
AT 59/4
2.843264374628544410e-17
0
0
0
DERIV 1
-4.112916572721979330e-17
0
0
0
DERIV 2
3.011699840402381346e-17
0
0
0
DERIV 3
-1.4893714416756077940e-17
0
0
0
DERIV 4
5.599336952266563935e-18
0
0
0
DERIV 5
-1.7080532337826553714e-18
0
0
0
DERIV 6
4.406430027420842523e-19
0
0
0
DERIV 7
-9.894369872207817316e-20
0
0
0
DERIV 8
1.9752386632636131174e-20
0
0
0
DERIV 9
-3.563506536787674379e-21
0
0
0
DERIV 10
5.885856826690720429e-22
0
0
0
DERIV 11
-8.995535620631402473e-23
0
0
0
DERIV 12
1.2834280910743091690e-23
0
0
0
DERIV 13
-1.7222535373050582164e-24
0
0
0
DERIV 14
2.187741572847444565e-25
0
0
0
DERIV 15
-2.645394243070186456e-26
0
0
0
DERIV 16
3.0598443369721801251e-27
0
0
0
DERIV 17
-3.400084907826814957e-28
0
0
0
DERIV 18
3.643473979821830633e-29
0
0
0
DERIV 19
-3.777885884067289934e-30
0
0
0
DERIV 20
3.801924075880671318e-31
0
0
0
DERIV 21
-3.723541083931366811e-32
0
0
0
DERIV 22
3.557645976233567889e-33
0
0
0
DERIV 23
-3.323318992554517267e-34
0
0
0
DERIV 24
3.041150689297831240e-35
0
0
0
DERIV 25
-2.7310503634594118184e-36
0
0
0
DERIV 26
2.410687760453480163e-37
0
0
0
DERIV 27
-2.0945833430539664868e-38
0
0
0
DERIV 28
1.7937629741793539746e-39
0
0
0
DERIV 29
-1.5158426033439940900e-40
0
0
0
DERIV 30
1.2653973925905868355e-41
0
0
0
DERIV 31
-1.0444842137274443978e-42
0
0
0
DERIV 32
8.532140351284187917e-44
0
0
0
DERIV 33
-6.903018374570872609e-45
0
0
0
DERIV 34
5.535502796958140600e-46
0
0
0
DERIV 35
-4.402463292088555784e-47
0
0
0
AT 15
1.9792384723890272958e-17
0
0
0
DERIV 1
-2.852043594617009991e-17
0
0
0
DERIV 2
2.0793320620043122666e-17
0
0
0
DERIV 3
-1.0233813808281047561e-17
0
0
0
DERIV 4
3.827627632246732953e-18
0
0
0
DERIV 5
-1.1611794045243630353e-18
0
0
0
DERIV 6
2.978104563104482055e-19
0
0
0
DERIV 7
-6.645799144971667229e-20
0
0
0
DERIV 8
1.3180569830831192752e-20
0
0
0
DERIV 9
-2.3615384242383485960e-21
0
0
0
DERIV 10
3.872352228179340122e-22
0
0
0
DERIV 11
-5.873304131958403972e-23
0
0
0
DERIV 12
8.313006678545556494e-24
0
0
0
DERIV 13
-1.1062531388460126203e-24
0
0
0
DERIV 14
1.3930403041509459041e-25
0
0
0
DERIV 15
-1.6691993527563968087e-26
0
0
0
DERIV 16
1.9125314013335589065e-27
0
0
0
DERIV 17
-2.104427545633088850e-28
0
0
0
DERIV 18
2.2322428946599270953e-29
0
0
0
DERIV 19
-2.2903748027165163401e-30
0
0
0
DERIV 20
2.280068765831275242e-31
0
0
0
DERIV 21
-2.2082452000038026774e-32
0
0
0
DERIV 22
2.0857672405186101981e-33
0
0
0
DERIV 23
-1.9255653332327020168e-34
0
0
0
DERIV 24
1.7409427597021185639e-35
0
0
0
DERIV 25
-1.5442584629174549706e-36
0
0
0
DERIV 26
1.3460606338481653098e-37
0
0
0
DERIV 27
-1.1546504960774181438e-38
0
0
0
DERIV 28
9.759985323461763517e-40
0
0
0
DERIV 29
-8.139117914560655128e-41
0
0
0
DERIV 30
6.703520519924743511e-42
0
0
0
DERIV 31
-5.458204722607877603e-43
0
0
0
DERIV 32
4.397463660614159481e-44
0
0
0
DERIV 33
-3.508399044505916100e-45
0
0
0
DERIV 34
2.7738741458355790042e-46
0
0
0
DERIV 35
-2.1748212943079747786e-47
0
0
0
AT 61/4
1.3752838817989609220e-17
0
0
0
DERIV 1
-1.9770673321683947847e-17
0
0
0
DERIV 2
1.4365053113871144674e-17
0
0
0
DERIV 3
-7.040685632318517718e-18
0
0
0
DERIV 4
2.6209218869223980265e-18
0
0
0
DERIV 5
-7.909854885822831370e-19
0
0
0
DERIV 6
2.0173308202713314493e-19
0
0
0
DERIV 7
-4.474958941920045324e-20
0
0
0
DERIV 8
8.819090154882576147e-21
0
0
0
DERIV 9
-1.5695596618992078616e-21
0
0
0
DERIV 10
2.555621675144838570e-22
0
0
0
DERIV 11
-3.847583196015049582e-23
0
0
0
DERIV 12
5.403702286968875633e-24
0
0
0
DERIV 13
-7.132778437287075686e-25
0
0
0
DERIV 14
8.905981094105582917e-26
0
0
0
DERIV 15
-1.0577512216049964809e-26
0
0
0
DERIV 16
1.2008415711000669527e-27
0
0
0
DERIV 17
-1.3087584167370673484e-28
0
0
0
DERIV 18
1.3745629979772167461e-29
0
0
0
DERIV 19
-1.3959833941860171732e-30
0
0
0
DERIV 20
1.3750835334926413948e-31
0
0
0
DERIV 21
-1.3173389256920945243e-32
0
0
0
DERIV 22
1.2304160657910232866e-33
0
0
0
DERIV 23
-1.1229300394515039537e-34
0
0
0
DERIV 24
1.0033798995864091320e-35
0
0
0
DERIV 25
-8.793697055840559050e-37
0
0
0
DERIV 26
7.571412785810402572e-38
0
0
0
DERIV 27
-6.413865658243090996e-39
0
0
0
DERIV 28
5.352758727100310750e-40
0
0
0
DERIV 29
-4.406289585730713185e-41
0
0
0
DERIV 30
3.581619708634592738e-42
0
0
0
DERIV 31
-2.8775722849806325707e-43
0
0
0
DERIV 32
2.287192983191464511e-44
0
0
0
DERIV 33
-1.7999598399513054936e-45
0
0
0
DERIV 34
1.4035492586998900287e-46
0
0
0
DERIV 35
-1.0851498691011211252e-47
0
0
0
AT 31/2
9.466961313089699220e-18
0
0
0
DERIV 1
-1.3638901967684389744e-17
0
0
0
DERIV 2
9.903439766143118082e-18
0
0
0
DERIV 3
-4.842071329301614918e-18
0
0
0
DERIV 4
1.7959129445662034100e-18
0
0
0
DERIV 5
-5.395711098243870792e-19
0
0
0
DERIV 6
1.3690938208652212809e-19
0
0
0
DERIV 7
-3.019968135839188276e-20
0
0
0
DERIV 8
5.915706438924642207e-21
0
0
0
DERIV 9
-1.0460670636695169497e-21
0
0
0
DERIV 10
1.6916687528058317841e-22
0
0
0
DERIV 11
-2.5286358962694941501e-23
0
0
0
DERIV 12
3.524629736218644243e-24
0
0
0
DERIV 13
-4.615828828752204951e-25
0
0
0
DERIV 14
5.715933768252692973e-26
0
0
0
DERIV 15
-6.730537278545972882e-27
0
0
0
DERIV 16
7.572865531015984765e-28
0
0
0
DERIV 17
-8.176958014101004476e-29
0
0
0
DERIV 18
8.505632990179923406e-30
0
0
0
DERIV 19
-8.552382894881542950e-31
0
0
0
DERIV 20
8.337961692883770437e-32
0
0
0
DERIV 21
-7.903431981337267085e-33
0
0
0
DERIV 22
7.301732362682357333e-34
0
0
0
DERIV 23
-6.589552921411040487e-35
0
0
0
DERIV 24
5.820725858157757591e-36
0
0
0
DERIV 25
-5.041695994353628625e-37
0
0
0
DERIV 26
4.289100615382799982e-38
0
0
0
DERIV 27
-3.589136155277999042e-39
0
0
0
DERIV 28
2.9582231039419722055e-40
0
0
0
DERIV 29
-2.404460169865872646e-41
0
0
0
DERIV 30
1.9294297281016788617e-42
0
0
0
DERIV 31
-1.5300290070808579885e-43
0
0
0
DERIV 32
1.2001188433728309254e-44
0
0
0
DERIV 33
-9.318826804290237140e-46
0
0
0
DERIV 34
7.168637626733571349e-47
0
0
0
DERIV 35
-5.466975659168322428e-48
0
0
0
AT 63/4
6.297641847837680614e-18
0
0
0
DERIV 1
-9.228595434482770898e-18
0
0
0
DERIV 2
6.755502098679544110e-18
0
0
0
DERIV 3
-3.3121017491837282921e-18
0
0
0
DERIV 4
1.2278250291013681197e-18
0
0
0
DERIV 5
-3.679424453426183447e-19
0
0
0
DERIV 6
9.299426676515218890e-20
0
0
0
DERIV 7
-2.0413298631927536168e-20
0
0
0
DERIV 8
3.976584228784658511e-21
0
0
0
DERIV 9
-6.989146245399309337e-22
0
0
0
DERIV 10
1.1229115631227904136e-22
0
0
0
DERIV 11
-1.6668905753609931546e-23
0
0
0
DERIV 12
2.3065397104600124596e-24
0
0
0
DERIV 13
-2.997546229336436600e-25
0
0
0
DERIV 14
3.682287277141358402e-26
0
0
0
DERIV 15
-4.299740757939434758e-27
0
0
0
DERIV 16
4.795838551146128255e-28
0
0
0
DERIV 17
-5.131681286513517437e-29
0
0
0
DERIV 18
5.288012976707757036e-30
0
0
0
DERIV 19
-5.265606650733198702e-31
0
0
0
DERIV 20
5.082269003880530827e-32
0
0
0
DERIV 21
-4.767768718071858320e-33
0
0
0
DERIV 22
4.358097420608165624e-34
0
0
0
DERIV 23
-3.890213241321490942e-35
0
0
0
DERIV 24
3.397983118555327609e-36
0
0
0
DERIV 25
-2.909598335000710083e-37
0
0
0
DERIV 26
2.446393268974407146e-38
0
0
0
DERIV 27
-2.0227893229239634606e-39
0
0
0
DERIV 28
1.6470053326355595350e-40
0
0
0
DERIV 29
-1.3221882084807108919e-41
0
0
0
DERIV 30
1.0476831240068208149e-42
0
0
0
DERIV 31
-8.202474064614023029e-44
0
0
0
DERIV 32
6.350934650554243574e-45
0
0
0
DERIV 33
-4.867114870146417623e-46
0
0
0
DERIV 34
3.694683957000741134e-47
0
0
0
DERIV 35
-2.780070292717488733e-48
0
0
0
END
