#7
4x5
1 3 0 0 0 
1 1 0 0 0 
4 2 3 2 3 
1 8 0 0 0
4x5
1 3 0 0 0 
2 1 2 0 0 
4 2 3 2 3 
1 8 0 0 0
4x5
1 3 0 0 0 
1 2 0 0 0 
4 2 3 2 3 
1 8 0 0 0
4x5
1 1 0 0 0 
2 1 2 0 0 
4 2 3 2 3 
1 8 0 0 0
4x5
3 1 3 2 0 
1 1 0 0 0 
4 2 3 2 3 
1 8 0 0 0
4x5
2 1 3 0 0 
2 1 2 0 0 
4 2 3 2 3 
1 8 0 0 0
4x5
3 1 3 2 0 
1 2 0 0 0 
4 2 3 2 3 
1 8 0 0 0
#4 1 1 0
0 1 group.33 1 6 0
1 4 min.24 1 1 0
3 1 group.33 1 1 0
4 1 min.32 1 1 0
#4 1 1 1
0 1 group.33 1 6 0
1 4 min.24 1 1 1
3 1 group.33 1 1 3
4 1 min.32 1 1 0
#4 1 1 11
0 1 group.33 1 6 0
1 4 min.24 1 1 1
3 1 group.33 1 1 15
4 1 min.32 1 1 0
#5 1 1 2
0 1 group.33 1 6 1
1 2 min.24 1 1 0
2 2 min.24 1 1 1
3 1 group.33 1 1 5
4 1 min.32 1 1 1
#5 1 1 3
0 1 group.33 1 6 1
1 2 min.24 1 1 1
2 2 min.24 1 1 1
3 1 group.33 1 1 60
4 1 min.32 1 1 1
#4 1 1 6
0 1 group.33 1 6 3
1 4 min.24 1 1 1
3 1 group.33 1 1 95
4 1 min.32 1 1 3
#5 1 1 7
0 1 group.33 1 6 3
1 2 min.24 1 1 0
2 2 min.24 1 1 1
3 1 group.33 1 1 15
4 1 min.32 1 1 3
#4 1 2 0
0 1 group.33 1 8 0
1 4 min.24 2 1 0
3 1 group.33 1 4 0
4 1 min.32 1 2 0
#7 1 2 1
0 1 group.33 1 8 3
1 1 min.24 2 1 1
2 1 min.24 2 1 0
3 1 group.33 1 4 3
4 1 min.32 1 2 2
5 1 min.24 2 1 3
6 1 min.24 2 1 1
#4 1 2 11
0 1 group.33 1 8 3
1 4 min.24 2 1 3
3 1 group.33 1 4 3
4 1 min.32 1 2 1
#5 1 2 13
0 1 group.33 1 8 15
1 2 min.24 2 1 3
2 2 min.24 2 1 1
3 1 group.33 1 4 3
4 1 min.32 1 2 2
#4 1 2 3
0 1 group.33 1 8 0
1 4 min.24 2 1 1
3 1 group.33 1 4 3
4 1 min.32 1 2 1
#5 1 2 4
0 1 group.33 1 8 12
1 2 min.24 2 1 0
3 1 group.33 1 4 0
4 1 min.32 1 2 1
5 2 min.24 2 1 1
#5 1 2 5
0 1 group.33 1 8 12
1 2 min.24 2 1 1
2 2 min.24 2 1 0
3 1 group.33 1 4 3
4 1 min.32 1 2 2
#5 1 2 7
0 1 group.33 1 8 12
1 2 min.24 2 1 1
3 1 group.33 1 4 3
4 1 min.32 1 2 0
5 2 min.24 2 1 3
#4 1 2 8
0 1 group.33 1 8 3
1 4 min.24 2 1 1
3 1 group.33 1 4 0
4 1 min.32 1 2 0
#5 1 3 0
0 1 group.33 1 9 0
1 2 min.24 3 1 0
2 2 min.24 1 1 0
3 1 group.33 1 6 0
4 1 min.32 1 3 0
#5 1 3 1
0 1 group.33 1 9 0
1 2 min.24 3 1 0
2 2 min.24 1 1 1
3 1 group.33 1 6 3
4 1 min.32 1 3 0
#3 2 1 0
0 2 group.33 1 2 0
1 4 min.24 2 1 0
4 1 min.32 1 1 0
#4 2 1 1
0 1 group.33 1 2 0
1 4 min.24 2 1 1
3 1 group.33 1 2 9
4 1 min.32 1 1 0
#3 2 1 13
0 2 group.33 1 2 9
1 4 min.24 2 1 3
4 1 min.32 1 1 0
#5 2 1 2
0 1 group.33 1 2 16
1 2 min.24 2 1 1
2 2 min.24 2 1 0
3 1 group.33 1 2 6
4 1 min.32 1 1 1
#5 2 1 5
0 1 group.33 1 2 6
1 2 min.24 2 1 1
3 1 group.33 1 2 25
4 1 min.32 1 1 1
5 2 min.24 2 1 3
#5 2 1 6
0 2 group.33 1 2 22
1 2 min.24 2 1 1
2 1 min.24 2 1 0
4 1 min.32 1 1 3
5 1 min.24 2 1 3
#3 2 2 0
0 2 group.33 1 7 0
1 4 min.24 3 1 0
4 1 min.32 1 2 0
#3 2 2 1
0 2 group.33 1 7 1
1 4 min.24 3 1 0
4 1 min.32 1 2 1
