11x30	% 
 1  1  2 2  3  3 3 3  6  6  6 6  6  6 8  8  9  9 12 12 12 12 16 16 18 18 18 18 24 24
 1  2  3 6  2  2 2 2  2  2  4 4  6  6 3  6  2  2  6  6 12 12  3  6  2  2  4  4  6  6
 5  1  2 4 -3  1 3 3 -3  1 -1 3 -2  0 2 -2 -1 -1 -2  0  0  2 -1  1 -1 -1  1  1  0  0
 5  5  2 2  5  5 5 5  5  5  1 1  2  2 2  2  5  5  2  2 -2 -2 -1 -1  5  5  1  1  2  2
 5  1  5 1 -3  1 3 3 -3  1 -1 3  1 -3 5  1 -1 -1  1 -3  3 -1  5  1 -1 -1  1  1  3  3
 0  2  2 2  4  2 1 1  4  2  4 2  4  4 2  4  3  3  4  4  4  4  4  4  3  3  3  3  3  3
 5  3  5 5  1  3 4 4  1  3  3 5  3  3 5  3  2  2  3  3  5  5  5  5  2  2  4  4  4  4
 0  2  2 2  4  2 1 1  4  2  4 2  4  4 2  4  3  3  4  4  4  4  4  4  3  3  3  3  3  3
 5  3  5 5  1  3 4 4  1  3  3 5  3  3 5  3  2  2  3  3  5  5  5  5  2  2  4  4  4  4
 2 -2 -1 1 -2  2 0 0 -2  2 -2 2 -1  1 2 -2  0  0 -1  1 -1  1 -1  1  0  0  0  0  0  0
 3  3  3 3 -1 -1 3 3 -1 -1  1 1 -1 -1 0  0 -1 -1 -1 -1  1  1  0  0 -1 -1  1  1  0  0
