#5
7x9
6 2 2 1 2 2 1 0 0 
8 1 2 1 1 2 2 2 1 
8 1 1 2 1 1 2 2 2 
7 1 2 2 1 1 2 2 0 
7 1 2 2 1 2 2 1 0 
8 1 2 1 2 1 2 1 2 
1 96 0 0 0 0 0 0 0
7x11
10 1 1 2 1 1 2 1 2 2 2 
8 1 2 1 1 2 2 2 1 0 0 
8 1 1 2 1 1 2 2 2 0 0 
7 1 2 2 1 1 2 2 0 0 0 
7 1 2 2 1 2 2 1 0 0 0 
8 1 2 1 2 1 2 1 2 0 0 
3 64 0 0 0 0 0 0 0 0 0
6x11
10 1 1 2 1 1 2 1 2 2 2 
6 2 2 1 2 2 1 0 0 0 0 
9 1 1 2 1 2 1 1 2 2 0 
9 1 2 2 1 1 2 1 2 1 0 
8 1 2 1 2 1 2 1 2 0 0 
4 48 0 0 0 0 0 0 0 0 0
6x11
10 1 1 2 1 1 2 1 2 2 2 
6 2 2 1 2 2 1 0 0 0 0 
7 1 2 2 1 1 2 2 0 0 0 
7 1 2 2 1 2 2 1 0 0 0 
8 1 2 1 2 1 2 1 2 0 0 
4 48 0 0 0 0 0 0 0 0 0
6x11
10 1 1 2 1 1 2 1 2 2 2 
6 2 2 1 2 2 1 0 0 0 0 
8 1 2 1 1 2 1 2 2 0 0 
8 1 2 2 1 2 1 1 2 0 0 
8 1 2 1 2 1 2 1 2 0 0 
4 48 0 0 0 0 0 0 0 0 0
