#15
8x11
1 4 0 0 0 0 0 0 0 0 0 
1 2 0 0 0 0 0 0 0 0 0 
3 4 1 4 0 0 0 0 0 0 0 
4 3 4 3 4 0 0 0 0 0 0 
6 3 1 3 4 1 4 0 0 0 0 
4 1 4 1 4 0 0 0 0 0 0 
10 1 3 1 4 1 4 3 4 1 4 
1 128 0 0 0 0 0 0 0 0 0
8x11
1 4 0 0 0 0 0 0 0 0 0 
1 2 0 0 0 0 0 0 0 0 0 
3 4 3 4 0 0 0 0 0 0 0 
4 3 4 3 4 0 0 0 0 0 0 
6 3 1 3 4 1 4 0 0 0 0 
4 1 4 1 4 0 0 0 0 0 0 
10 1 3 1 4 1 4 3 4 1 4 
1 128 0 0 0 0 0 0 0 0 0
8x11
1 4 0 0 0 0 0 0 0 0 0 
1 2 0 0 0 0 0 0 0 0 0 
4 4 1 3 4 0 0 0 0 0 0 
4 3 4 3 4 0 0 0 0 0 0 
6 3 1 3 4 1 4 0 0 0 0 
4 1 4 1 4 0 0 0 0 0 0 
10 1 3 1 4 1 4 3 4 1 4 
1 128 0 0 0 0 0 0 0 0 0
8x11
1 4 0 0 0 0 0 0 0 0 0 
3 4 1 4 0 0 0 0 0 0 0 
3 4 3 4 0 0 0 0 0 0 0 
4 3 4 3 4 0 0 0 0 0 0 
6 3 1 3 4 1 4 0 0 0 0 
4 1 4 1 4 0 0 0 0 0 0 
10 1 3 1 4 1 4 3 4 1 4 
1 128 0 0 0 0 0 0 0 0 0
8x11
1 4 0 0 0 0 0 0 0 0 0 
4 2 4 3 4 0 0 0 0 0 0 
3 4 1 4 0 0 0 0 0 0 0 
4 3 4 3 4 0 0 0 0 0 0 
6 3 1 3 4 1 4 0 0 0 0 
4 1 4 1 4 0 0 0 0 0 0 
10 1 3 1 4 1 4 3 4 1 4 
1 128 0 0 0 0 0 0 0 0 0
8x11
1 4 0 0 0 0 0 0 0 0 0 
4 2 4 1 4 0 0 0 0 0 0 
3 4 3 4 0 0 0 0 0 0 0 
4 3 4 3 4 0 0 0 0 0 0 
6 3 1 3 4 1 4 0 0 0 0 
4 1 4 1 4 0 0 0 0 0 0 
10 1 3 1 4 1 4 3 4 1 4 
1 128 0 0 0 0 0 0 0 0 0
8x11
1 4 0 0 0 0 0 0 0 0 0 
4 2 4 3 4 0 0 0 0 0 0 
4 4 1 3 4 0 0 0 0 0 0 
4 3 4 3 4 0 0 0 0 0 0 
6 3 1 3 4 1 4 0 0 0 0 
4 1 4 1 4 0 0 0 0 0 0 
10 1 3 1 4 1 4 3 4 1 4 
1 128 0 0 0 0 0 0 0 0 0
8x11
1 2 0 0 0 0 0 0 0 0 0 
3 4 1 4 0 0 0 0 0 0 0 
3 4 3 4 0 0 0 0 0 0 0 
4 3 4 3 4 0 0 0 0 0 0 
6 3 1 3 4 1 4 0 0 0 0 
4 1 4 1 4 0 0 0 0 0 0 
10 1 3 1 4 1 4 3 4 1 4 
1 128 0 0 0 0 0 0 0 0 0
8x11
2 3 4 0 0 0 0 0 0 0 0 
1 2 0 0 0 0 0 0 0 0 0 
3 4 1 4 0 0 0 0 0 0 0 
4 3 4 3 4 0 0 0 0 0 0 
6 3 1 3 4 1 4 0 0 0 0 
4 1 4 1 4 0 0 0 0 0 0 
10 1 3 1 4 1 4 3 4 1 4 
1 128 0 0 0 0 0 0 0 0 0
8x11
2 1 4 0 0 0 0 0 0 0 0 
1 2 0 0 0 0 0 0 0 0 0 
3 4 3 4 0 0 0 0 0 0 0 
4 3 4 3 4 0 0 0 0 0 0 
6 3 1 3 4 1 4 0 0 0 0 
4 1 4 1 4 0 0 0 0 0 0 
10 1 3 1 4 1 4 3 4 1 4 
1 128 0 0 0 0 0 0 0 0 0
8x11
2 3 4 0 0 0 0 0 0 0 0 
1 2 0 0 0 0 0 0 0 0 0 
4 4 1 3 4 0 0 0 0 0 0 
4 3 4 3 4 0 0 0 0 0 0 
6 3 1 3 4 1 4 0 0 0 0 
4 1 4 1 4 0 0 0 0 0 0 
10 1 3 1 4 1 4 3 4 1 4 
1 128 0 0 0 0 0 0 0 0 0
8x11
2 2 4 0 0 0 0 0 0 0 0 
3 4 1 4 0 0 0 0 0 0 0 
3 4 3 4 0 0 0 0 0 0 0 
4 3 4 3 4 0 0 0 0 0 0 
6 3 1 3 4 1 4 0 0 0 0 
4 1 4 1 4 0 0 0 0 0 0 
10 1 3 1 4 1 4 3 4 1 4 
1 128 0 0 0 0 0 0 0 0 0
8x11
2 3 4 0 0 0 0 0 0 0 0 
4 2 4 3 4 0 0 0 0 0 0 
3 4 1 4 0 0 0 0 0 0 0 
4 3 4 3 4 0 0 0 0 0 0 
6 3 1 3 4 1 4 0 0 0 0 
4 1 4 1 4 0 0 0 0 0 0 
10 1 3 1 4 1 4 3 4 1 4 
1 128 0 0 0 0 0 0 0 0 0
8x11
2 1 4 0 0 0 0 0 0 0 0 
4 2 4 1 4 0 0 0 0 0 0 
3 4 3 4 0 0 0 0 0 0 0 
4 3 4 3 4 0 0 0 0 0 0 
6 3 1 3 4 1 4 0 0 0 0 
4 1 4 1 4 0 0 0 0 0 0 
10 1 3 1 4 1 4 3 4 1 4 
1 128 0 0 0 0 0 0 0 0 0
8x11
2 3 4 0 0 0 0 0 0 0 0 
4 2 4 3 4 0 0 0 0 0 0 
4 4 1 3 4 0 0 0 0 0 0 
4 3 4 3 4 0 0 0 0 0 0 
6 3 1 3 4 1 4 0 0 0 0 
4 1 4 1 4 0 0 0 0 0 0 
10 1 3 1 4 1 4 3 4 1 4 
1 128 0 0 0 0 0 0 0 0 0
