#3
7x17
4 2 2 2 2 0 0 0 0 0 0 0 0 0 0 0 0 
8 1 2 1 2 2 2 2 2 0 0 0 0 0 0 0 0 
8 2 1 2 2 2 1 2 2 0 0 0 0 0 0 0 0 
8 2 2 1 2 1 2 2 2 0 0 0 0 0 0 0 0 
8 2 2 2 1 2 1 2 2 0 0 0 0 0 0 0 0 
16 1 2 1 2 2 2 2 2 1 2 1 2 2 2 2 2 
1 96 0 0 0 0 0 0 0 0 0 0 0 0 0 0 0
7x17
3 2 2 2 0 0 0 0 0 0 0 0 0 0 0 0 0 
8 1 2 1 2 2 2 2 2 0 0 0 0 0 0 0 0 
8 2 1 2 2 2 1 2 2 0 0 0 0 0 0 0 0 
8 2 2 1 2 1 2 2 2 0 0 0 0 0 0 0 0 
8 2 2 2 1 2 1 2 2 0 0 0 0 0 0 0 0 
16 1 2 1 2 2 2 2 2 1 2 1 2 2 2 2 2 
1 64 0 0 0 0 0 0 0 0 0 0 0 0 0 0 0
6x17
3 2 2 2 0 0 0 0 0 0 0 0 0 0 0 0 0 
4 2 2 2 2 0 0 0 0 0 0 0 0 0 0 0 0 
9 2 1 2 1 2 1 2 2 2 0 0 0 0 0 0 0 
8 2 1 2 2 2 1 2 2 0 0 0 0 0 0 0 0 
16 1 2 1 2 2 2 2 2 1 2 1 2 2 2 2 2 
4 48 0 0 0 0 0 0 0 0 0 0 0 0 0 0 0
