#9
6x8
3 3 3 3 0 0 0 0 
7 3 2 3 3 3 3 3 
6 3 3 2 3 2 3 0 
4 3 2 3 2 0 0 0 
6 3 2 3 3 2 3 0 
1 48 0 0 0 0 0 0
6x7
3 3 3 3 0 0 0 
1 1 0 0 0 0 0 
6 3 3 2 3 2 3 
4 3 2 3 2 0 0 
6 3 2 3 3 2 3 
1 48 0 0 0 0 0
6x9
3 3 3 3 0 0 0 0 0 
8 1 3 2 3 3 3 3 3 
6 3 3 2 3 2 3 0 0 
4 3 2 3 2 0 0 0 0 
6 3 2 3 3 2 3 0 0 
1 48 0 0 0 0 0 0 0
6x8
7 3 2 3 3 3 3 3 
1 1 0 0 0 0 0 0 
6 3 3 2 3 2 3 0 
4 3 2 3 2 0 0 0 
6 3 2 3 3 2 3 0 
1 48 0 0 0 0 0 0
6x8
4 1 3 3 3 0 0 0 
7 3 2 3 3 3 3 3 
6 3 3 2 3 2 3 0 
4 3 2 3 2 0 0 0 
6 3 2 3 3 2 3 0 
1 48 0 0 0 0 0 0
6x7
4 3 2 3 3 0 0 
1 1 0 0 0 0 0 
6 3 3 2 3 2 3 
4 3 2 3 2 0 0 
6 3 2 3 3 2 3 
1 48 0 0 0 0 0
6x9
4 1 3 3 3 0 0 0 0 
8 1 3 2 3 3 3 3 3 
6 3 3 2 3 2 3 0 0 
4 3 2 3 2 0 0 0 0 
6 3 2 3 3 2 3 0 0 
1 48 0 0 0 0 0 0 0
6x8
3 3 3 3 0 0 0 0 
7 3 2 3 3 3 3 3 
1 1 0 0 0 0 0 0 
4 3 2 3 2 0 0 0 
6 3 2 3 3 2 3 0 
3 32 0 0 0 0 0 0
5x8
3 3 3 3 0 0 0 0 
7 3 2 3 3 3 3 3 
1 1 0 0 0 0 0 0 
6 3 3 2 3 2 3 0 
4 24 0 0 0 0 0 0
