#3
4x6
4 1 2 2 1 0 
5 1 1 2 2 1 
2 2 2 0 0 0 
1 12 0 0 0 0
4x8
7 1 1 2 1 1 2 2 
5 1 1 2 2 1 0 0 
2 2 2 0 0 0 0 0 
3 8 0 0 0 0 0 0
3x8
7 1 1 2 1 1 2 2 
4 1 2 2 1 0 0 0 
4 6 0 0 0 0 0 0
#3 1 1 0
0 1 min.44 1 1 0
1 3 group.49 1 2 0
2 4 group.68 2 2 0
#3 1 1 1
0 1 min.44 1 1 3
1 3 group.49 1 2 1
2 4 group.68 2 2 1
#3 1 1 2
0 1 min.44 1 1 0
1 3 group.49 1 2 4
2 4 group.68 2 2 1
#3 1 1 3
0 1 min.44 1 1 3
1 3 group.49 1 2 5
2 4 group.68 2 2 1
#3 1 2 0
0 1 min.44 1 2 0
1 3 group.49 1 6 0
2 4 group.68 2 2 0
#3 1 2 1
0 1 min.44 1 2 0
1 3 group.49 1 6 5
2 4 group.68 2 2 1
#3 1 2 2
0 1 min.44 1 2 3
1 3 group.49 1 6 3
2 4 group.68 2 2 1
#3 1 3 0
0 1 min.44 1 3 0
1 3 group.49 1 7 0
2 4 group.68 2 2 0
#3 1 3 1
0 1 min.44 1 3 0
1 3 group.49 1 7 1
2 4 group.68 2 2 1
#3 2 1 0
0 1 min.44 2 1 0
1 3 group.49 2 1 0
2 4 group.68 2 2 0
#3 2 1 1
0 1 min.44 2 1 0
1 3 group.49 2 1 1
2 4 group.68 2 2 1
#3 2 1 2
0 1 min.44 2 1 0
1 3 group.49 2 1 2
2 4 group.68 2 2 1
#3 2 1 3
0 1 min.44 2 1 0
1 3 group.49 2 1 3
2 4 group.68 2 2 1
#3 2 2 0
0 1 min.44 2 2 0
1 3 group.49 2 5 0
2 4 group.68 2 2 0
#3 2 2 1
0 1 min.44 2 2 0
1 3 group.49 2 5 4
2 4 group.68 2 2 1
#3 2 2 2
0 1 min.44 2 2 0
1 3 group.49 2 5 1
2 4 group.68 2 2 1
#3 3 1 0
0 1 min.44 3 1 0
1 3 group.49 2 2 0
2 4 group.68 2 2 0
#3 3 1 1
0 1 min.44 3 1 0
1 3 group.49 2 2 1
2 4 group.68 2 2 1
#3 3 1 2
0 1 min.44 3 1 0
1 3 group.49 2 2 4
2 4 group.68 2 2 1
#3 3 1 3
0 1 min.44 3 1 0
1 3 group.49 2 2 5
2 4 group.68 2 2 1
