#4
6x11
5 1 2 2 2 1 0 0 0 0 0 
2 1 1 0 0 0 0 0 0 0 0 
10 1 1 1 2 2 2 1 2 2 2 
6 1 1 1 2 2 1 0 0 0 0 
2 2 2 0 0 0 0 0 0 0 0 
1 72 0 0 0 0 0 0 0 0 0
6x11
1 1 0 0 0 0 0 0 0 0 0 
2 1 1 0 0 0 0 0 0 0 0 
10 1 1 1 2 2 2 1 2 2 2 
6 1 1 1 2 2 1 0 0 0 0 
2 2 2 0 0 0 0 0 0 0 0 
1 72 0 0 0 0 0 0 0 0 0
6x11
6 1 1 1 2 2 2 0 0 0 0 
2 1 1 0 0 0 0 0 0 0 0 
10 1 1 1 2 2 2 1 2 2 2 
6 1 1 1 2 2 1 0 0 0 0 
2 2 2 0 0 0 0 0 0 0 0 
1 72 0 0 0 0 0 0 0 0 0
5x11
5 1 2 2 2 1 0 0 0 0 0 
1 1 0 0 0 0 0 0 0 0 0 
2 1 1 0 0 0 0 0 0 0 0 
10 1 1 1 2 2 2 1 2 2 2 
9 16 0 0 0 0 0 0 0 0 0
#4 1 1 0
0 1 group.129 3 1 0
1 1 group.193 1 1 0
2 1 group.192 1 1 0
3 9 group.52 2 3 0
#4 2 1 0
0 1 group.129 1 1 0
1 1 group.193 1 1 0
2 1 group.192 3 1 0
3 9 group.52 2 3 0
