#5
6x9
3 2 2 2 0 0 0 0 0 
8 1 2 2 2 1 2 2 2 
8 1 2 2 1 2 2 2 2 
6 1 2 2 1 2 2 0 0 
6 2 1 2 2 1 2 0 0 
1 48 0 0 0 0 0 0 0
6x9
7 2 2 1 2 2 2 2 0 
8 1 2 2 2 1 2 2 2 
8 1 2 2 1 2 2 2 2 
6 1 2 2 1 2 2 0 0 
6 2 1 2 2 1 2 0 0 
1 48 0 0 0 0 0 0 0
6x9
8 2 1 2 2 1 2 2 1 
8 1 2 2 2 1 2 2 2 
8 1 2 2 1 2 2 2 2 
6 1 2 2 1 2 2 0 0 
6 2 1 2 2 1 2 0 0 
1 48 0 0 0 0 0 0 0
6x9
3 2 2 2 0 0 0 0 0 
7 2 2 1 2 2 2 2 0 
8 1 2 2 2 1 2 2 2 
6 1 2 2 1 2 2 0 0 
6 2 1 2 2 1 2 0 0 
3 32 0 0 0 0 0 0 0
5x9
3 2 2 2 0 0 0 0 0 
7 2 2 1 2 2 2 2 0 
8 1 2 2 2 1 2 2 2 
8 1 2 2 1 2 2 2 2 
4 24 0 0 0 0 0 0 0
