#5
4x4
3 2 2 2 
2 1 1 0 
2 2 2 0 
1 18 0 0
4x6
5 1 1 2 2 1 
2 1 1 0 0 0 
2 2 2 0 0 0 
1 18 0 0 0 0
4x5
4 1 1 1 2 
2 1 1 0 0 
2 2 2 0 0 
1 18 0 0 0
4x6
3 2 2 2 0 0 
5 1 1 2 2 1 
2 2 2 0 0 0 
1 12 0 0 0 0
4x6
3 2 2 2 0 0 
5 1 1 2 2 1 
2 1 1 0 0 0 
3 12 0 0 0 0
#5 1 1 0
0 1 group.115 1 1 0
1 1 group.113 2 1 0
2 1 group.114 1 1 0
3 1 group.65 1 1 0
4 3 group.75 1 2 0
#5 1 1 1
0 1 group.115 1 1 1
1 1 group.113 2 1 1
2 1 group.114 1 1 3
3 1 group.65 1 1 0
4 3 group.75 1 2 2
#5 2 1 0
0 1 group.115 1 1 0
1 1 group.113 1 1 0
2 1 group.114 2 1 0
3 1 group.65 2 1 0
4 3 group.75 1 2 0
