#10
7x9
6 1 3 1 3 1 3 0 0 
7 2 3 2 3 2 3 3 0 
6 3 2 3 2 3 3 0 0 
8 1 3 1 3 3 3 3 3 
4 3 2 3 2 0 0 0 0 
6 3 2 3 3 2 3 0 0 
1 144 0 0 0 0 0 0 0
7x9
6 1 3 1 3 1 3 0 0 
1 1 0 0 0 0 0 0 0 
6 3 2 3 2 3 3 0 0 
8 1 3 1 3 3 3 3 3 
4 3 2 3 2 0 0 0 0 
6 3 2 3 3 2 3 0 0 
1 144 0 0 0 0 0 0 0
7x9
6 1 3 1 3 1 3 0 0 
8 1 2 3 2 3 2 3 3 
6 3 2 3 2 3 3 0 0 
8 1 3 1 3 3 3 3 3 
4 3 2 3 2 0 0 0 0 
6 3 2 3 3 2 3 0 0 
1 144 0 0 0 0 0 0 0
7x9
7 2 3 2 3 2 3 3 0 
1 1 0 0 0 0 0 0 0 
6 3 2 3 2 3 3 0 0 
8 1 3 1 3 3 3 3 3 
4 3 2 3 2 0 0 0 0 
6 3 2 3 3 2 3 0 0 
1 144 0 0 0 0 0 0 0
7x9
5 3 1 3 1 3 0 0 0 
7 2 3 2 3 2 3 3 0 
6 3 2 3 2 3 3 0 0 
8 1 3 1 3 3 3 3 3 
4 3 2 3 2 0 0 0 0 
6 3 2 3 3 2 3 0 0 
1 144 0 0 0 0 0 0 0
7x9
7 1 3 1 3 1 2 3 0 
1 1 0 0 0 0 0 0 0 
6 3 2 3 2 3 3 0 0 
8 1 3 1 3 3 3 3 3 
4 3 2 3 2 0 0 0 0 
6 3 2 3 3 2 3 0 0 
1 144 0 0 0 0 0 0 0
7x9
5 3 1 3 1 3 0 0 0 
8 1 2 3 2 3 2 3 3 
6 3 2 3 2 3 3 0 0 
8 1 3 1 3 3 3 3 3 
4 3 2 3 2 0 0 0 0 
6 3 2 3 3 2 3 0 0 
1 144 0 0 0 0 0 0 0
7x9
6 1 3 1 3 1 3 0 0 
7 2 3 2 3 2 3 3 0 
1 1 0 0 0 0 0 0 0 
8 1 3 1 3 3 3 3 3 
4 3 2 3 2 0 0 0 0 
6 3 2 3 3 2 3 0 0 
3 96 0 0 0 0 0 0 0
7x8
6 1 3 1 3 1 3 0 
7 2 3 2 3 2 3 3 
1 1 0 0 0 0 0 0 
6 3 2 3 2 3 3 0 
4 3 2 3 2 0 0 0 
6 3 2 3 3 2 3 0 
3 96 0 0 0 0 0 0
6x9
6 1 3 1 3 1 3 0 0 
7 2 3 2 3 2 3 3 0 
1 1 0 0 0 0 0 0 0 
6 3 2 3 2 3 3 0 0 
8 1 3 1 3 3 3 3 3 
4 72 0 0 0 0 0 0 0
