#10
7x11
10 1 2 2 2 2 3 1 3 1 3 
7 1 3 3 3 1 3 1 0 0 0 
4 2 2 2 2 0 0 0 0 0 0 
6 1 3 3 3 1 3 0 0 0 0 
6 1 3 3 1 3 3 0 0 0 0 
4 1 3 3 1 0 0 0 0 0 0 
1 144 0 0 0 0 0 0 0 0 0
7x11
10 1 2 2 2 2 3 1 3 1 3 
3 2 2 2 0 0 0 0 0 0 0 
4 2 2 2 2 0 0 0 0 0 0 
6 1 3 3 3 1 3 0 0 0 0 
6 1 3 3 1 3 3 0 0 0 0 
4 1 3 3 1 0 0 0 0 0 0 
1 144 0 0 0 0 0 0 0 0 0
7x11
10 1 2 2 2 2 3 1 3 1 3 
10 1 2 2 2 3 3 3 1 3 1 
4 2 2 2 2 0 0 0 0 0 0 
6 1 3 3 3 1 3 0 0 0 0 
6 1 3 3 1 3 3 0 0 0 0 
4 1 3 3 1 0 0 0 0 0 0 
1 144 0 0 0 0 0 0 0 0 0
7x8
7 1 3 3 3 1 3 1 
3 2 2 2 0 0 0 0 
4 2 2 2 2 0 0 0 
6 1 3 3 3 1 3 0 
6 1 3 3 1 3 3 0 
4 1 3 3 1 0 0 0 
1 144 0 0 0 0 0 0
7x8
7 1 2 3 1 3 1 3 
7 1 3 3 3 1 3 1 
4 2 2 2 2 0 0 0 
6 1 3 3 3 1 3 0 
6 1 3 3 1 3 3 0 
4 1 3 3 1 0 0 0 
1 144 0 0 0 0 0 0
7x10
9 2 2 2 2 3 1 3 3 1 
3 2 2 2 0 0 0 0 0 0 
4 2 2 2 2 0 0 0 0 0 
6 1 3 3 3 1 3 0 0 0 
6 1 3 3 1 3 3 0 0 0 
4 1 3 3 1 0 0 0 0 0 
1 144 0 0 0 0 0 0 0 0
7x11
7 1 2 3 1 3 1 3 0 0 0 
10 1 2 2 2 3 3 3 1 3 1 
4 2 2 2 2 0 0 0 0 0 0 
6 1 3 3 3 1 3 0 0 0 0 
6 1 3 3 1 3 3 0 0 0 0 
4 1 3 3 1 0 0 0 0 0 0 
1 144 0 0 0 0 0 0 0 0 0
7x11
10 1 2 2 2 2 3 1 3 1 3 
7 1 3 3 3 1 3 1 0 0 0 
3 2 2 2 0 0 0 0 0 0 0 
4 2 2 2 2 0 0 0 0 0 0 
6 1 3 3 1 3 3 0 0 0 0 
4 1 3 3 1 0 0 0 0 0 0 
3 96 0 0 0 0 0 0 0 0 0
7x11
10 1 2 2 2 2 3 1 3 1 3 
7 1 3 3 3 1 3 1 0 0 0 
3 2 2 2 0 0 0 0 0 0 0 
6 1 3 3 3 1 3 0 0 0 0 
6 1 3 3 1 3 3 0 0 0 0 
4 1 3 3 1 0 0 0 0 0 0 
3 96 0 0 0 0 0 0 0 0 0
6x11
10 1 2 2 2 2 3 1 3 1 3 
7 1 3 3 3 1 3 1 0 0 0 
3 2 2 2 0 0 0 0 0 0 0 
4 2 2 2 2 0 0 0 0 0 0 
6 1 3 3 3 1 3 0 0 0 0 
4 72 0 0 0 0 0 0 0 0 0
