#3
3x3
1 2 0 
2 2 2 
1 4 0
3x3
1 1 0 
2 2 2 
1 4 0
3x3
2 2 1 
2 2 2 
1 4 0
#3 1 1 0
0 1 min.26 1 1 0
1 1 min.22 1 1 0
2 1 min.22 1 2 0
#3 1 1 1
0 1 min.26 1 1 0
1 1 min.22 1 1 3
2 1 min.22 1 2 0
#3 1 1 2
0 1 min.26 1 1 0
1 1 min.22 1 1 0
2 1 min.22 1 2 6
#3 1 1 3
0 1 min.26 1 1 0
1 1 min.22 1 1 3
2 1 min.22 1 2 6
#3 1 1 4
0 1 min.26 1 1 0
1 1 min.22 1 1 4
2 1 min.22 1 2 0
#3 1 1 5
0 1 min.26 1 1 0
1 1 min.22 1 1 7
2 1 min.22 1 2 0
#3 1 1 6
0 1 min.26 1 1 0
1 1 min.22 1 1 4
2 1 min.22 1 2 6
#3 1 1 7
0 1 min.26 1 1 0
1 1 min.22 1 1 7
2 1 min.22 1 2 6
#3 1 2 0
0 1 min.26 1 2 0
1 1 min.22 1 3 0
2 1 min.22 1 8 0
#3 1 2 1
0 1 min.26 1 2 0
1 1 min.22 1 3 1
2 1 min.22 1 8 0
#3 1 2 2
0 1 min.26 1 2 0
1 1 min.22 1 3 0
2 1 min.22 1 8 5
#3 1 2 3
0 1 min.26 1 2 0
1 1 min.22 1 3 1
2 1 min.22 1 8 5
#3 1 3 0
0 1 min.26 1 2 0
1 1 min.22 1 5 0
2 1 min.22 1 7 0
#3 1 3 1
0 1 min.26 1 2 0
1 1 min.22 1 5 0
2 1 min.22 1 7 2
#3 1 3 2
0 1 min.26 1 2 0
1 1 min.22 1 5 2
2 1 min.22 1 7 1
#3 1 3 3
0 1 min.26 1 2 0
1 1 min.22 1 5 2
2 1 min.22 1 7 3
#3 1 4 0
0 1 min.26 1 1 0
1 1 min.22 1 4 0
2 1 min.22 1 9 0
#3 1 4 1
0 1 min.26 1 1 0
1 1 min.22 1 4 3
2 1 min.22 1 9 0
#3 1 5 0
0 1 min.26 1 2 0
1 1 min.22 1 6 0
2 1 min.22 1 10 0
#3 1 5 1
0 1 min.26 1 2 0
1 1 min.22 1 6 1
2 1 min.22 1 10 1
#3 1 6 0
0 1 min.26 1 2 0
1 1 min.22 1 11 0
2 1 min.22 1 12 0
#3 1 6 1
0 1 min.26 1 2 0
1 1 min.22 1 11 0
2 1 min.22 1 12 3
