#5
4x15
14 2 1 2 2 1 2 2 2 2 1 2 1 2 2 
13 1 2 2 1 2 2 2 2 1 2 1 2 2 0 
14 1 2 1 2 1 2 2 2 2 1 2 2 1 2 
16 120 0 0 0 0 0 0 0 0 0 0 0 0 0
8x15
13 2 2 1 2 1 2 1 2 1 2 2 2 2 0 
13 2 2 2 1 2 1 2 1 2 1 2 2 2 0 
14 1 2 1 2 1 2 2 2 2 1 2 2 1 2 
13 2 2 2 2 1 2 1 2 1 2 1 2 2 0 
8 1 2 1 2 1 2 1 2 0 0 0 0 0 0 
14 1 2 2 1 2 1 2 1 2 2 1 2 2 1 
14 2 1 2 1 2 1 2 1 2 2 2 2 1 2 
10 192 0 0 0 0 0 0 0 0 0 0 0 0 0
8x17
13 2 2 1 2 1 2 1 2 1 2 2 2 2 0 0 0 
13 2 2 2 1 2 1 2 1 2 1 2 2 2 0 0 0 
13 2 2 2 2 1 2 1 2 1 2 1 2 2 0 0 0 
8 1 2 1 2 1 2 1 2 0 0 0 0 0 0 0 0 
14 2 2 1 2 2 2 1 2 2 2 1 2 1 2 0 0 
15 1 2 2 1 2 2 1 2 2 1 2 1 2 2 1 0 
16 2 1 2 2 1 2 2 2 1 2 2 2 1 2 2 1 
6 320 0 0 0 0 0 0 0 0 0 0 0 0 0 0 0
9x19
13 2 2 1 2 1 2 1 2 1 2 2 2 2 0 0 0 0 0 
13 2 2 2 1 2 1 2 1 2 1 2 2 2 0 0 0 0 0 
13 2 2 2 2 1 2 1 2 1 2 1 2 2 0 0 0 0 0 
8 1 2 1 2 1 2 1 2 0 0 0 0 0 0 0 0 0 0 
15 1 2 2 1 2 2 1 2 2 1 2 1 2 2 1 0 0 0 
18 1 2 1 2 1 2 1 2 1 2 2 2 2 1 2 2 2 2 
8 2 2 2 1 2 2 2 1 0 0 0 0 0 0 0 0 0 0 
14 1 2 1 2 1 2 2 2 2 1 2 2 1 2 0 0 0 0 
5 384 0 0 0 0 0 0 0 0 0 0 0 0 0 0 0 0 0
4x15
7 2 2 2 2 1 2 1 0 0 0 0 0 0 0 
7 2 2 2 1 2 1 2 0 0 0 0 0 0 0 
14 2 2 2 1 2 1 2 2 2 1 2 1 2 2 
1 960 0 0 0 0 0 0 0 0 0 0 0 0 0
