#3
2x2
1 2 
1 2
2x2
1 1 
1 2
2x3
2 1 2 
1 2 0
#3 1 1 0
0 1 min.18 1 1 0
1 1 min.16 1 1 0
2 1 min.17 1 1 0
#3 1 1 1
0 1 min.18 1 1 0
1 1 min.16 1 1 1
2 1 min.17 1 1 0
#3 1 1 12
0 1 min.18 1 1 1
1 1 min.16 1 1 1
2 1 min.17 1 1 0
#3 1 1 13
0 1 min.18 1 1 1
1 1 min.16 1 1 1
2 1 min.17 1 1 0
#3 1 1 16
0 1 min.18 1 1 1
1 1 min.16 1 1 0
2 1 min.17 1 1 0
#3 1 1 17
0 1 min.18 1 1 1
1 1 min.16 1 1 1
2 1 min.17 1 1 0
#3 1 1 20
0 1 min.18 1 1 1
1 1 min.16 1 1 1
2 1 min.17 1 1 1
#3 1 1 21
0 1 min.18 1 1 1
1 1 min.16 1 1 1
2 1 min.17 1 1 1
#3 1 1 24
0 1 min.18 1 1 1
1 1 min.16 1 1 0
2 1 min.17 1 1 1
#3 1 1 25
0 1 min.18 1 1 1
1 1 min.16 1 1 1
2 1 min.17 1 1 1
#3 1 1 28
0 1 min.18 1 1 1
1 1 min.16 1 1 1
2 1 min.17 1 1 0
#3 1 1 29
0 1 min.18 1 1 1
1 1 min.16 1 1 1
2 1 min.17 1 1 0
#3 1 1 4
0 1 min.18 1 1 0
1 1 min.16 1 1 1
2 1 min.17 1 1 1
#3 1 1 5
0 1 min.18 1 1 0
1 1 min.16 1 1 1
2 1 min.17 1 1 1
#3 1 1 8
0 1 min.18 1 1 1
1 1 min.16 1 1 0
2 1 min.17 1 1 1
#3 1 1 9
0 1 min.18 1 1 1
1 1 min.16 1 1 1
2 1 min.17 1 1 1
#3 1 2 0
0 1 min.18 1 2 0
1 1 min.16 1 1 0
2 1 min.17 1 2 0
#3 1 2 1
0 1 min.18 1 2 0
1 1 min.16 1 1 1
2 1 min.17 1 2 0
#3 1 2 2
0 1 min.18 1 2 1
1 1 min.16 1 1 0
2 1 min.17 1 2 0
#3 1 2 3
0 1 min.18 1 2 1
1 1 min.16 1 1 1
2 1 min.17 1 2 0
#3 1 2 4
0 1 min.18 1 2 0
1 1 min.16 1 1 1
2 1 min.17 1 2 0
#3 1 2 6
0 1 min.18 1 2 1
1 1 min.16 1 1 1
2 1 min.17 1 2 0
#3 1 3 0
0 1 min.18 1 2 0
1 1 min.16 1 2 0
2 1 min.17 1 1 0
#3 1 3 1
0 1 min.18 1 2 0
1 1 min.16 1 2 1
2 1 min.17 1 1 0
#3 1 3 2
0 1 min.18 1 2 1
1 1 min.16 1 2 0
2 1 min.17 1 1 1
#3 1 3 3
0 1 min.18 1 2 1
1 1 min.16 1 2 1
2 1 min.17 1 1 1
#3 1 3 4
0 1 min.18 1 2 0
1 1 min.16 1 2 1
2 1 min.17 1 1 1
#3 1 3 5
0 1 min.18 1 2 0
1 1 min.16 1 2 1
2 1 min.17 1 1 1
#3 1 3 6
0 1 min.18 1 2 1
1 1 min.16 1 2 1
2 1 min.17 1 1 0
#3 1 3 7
0 1 min.18 1 2 1
1 1 min.16 1 2 1
2 1 min.17 1 1 0
#3 1 4 0
0 1 min.18 1 1 0
1 1 min.16 1 2 0
2 1 min.17 1 2 0
#3 1 4 1
0 1 min.18 1 1 0
1 1 min.16 1 2 1
2 1 min.17 1 2 0
#3 1 4 4
0 1 min.18 1 1 1
1 1 min.16 1 2 0
2 1 min.17 1 2 0
#3 1 4 5
0 1 min.18 1 1 1
1 1 min.16 1 2 1
2 1 min.17 1 2 0
#3 1 5 0
0 1 min.18 1 2 0
1 1 min.16 1 2 0
2 1 min.17 1 2 0
#3 1 5 1
0 1 min.18 1 2 0
1 1 min.16 1 2 1
2 1 min.17 1 2 0
#3 1 5 2
0 1 min.18 1 2 1
1 1 min.16 1 2 1
2 1 min.17 1 2 0
#3 1 6 0
0 1 min.18 1 2 0
1 1 min.16 1 2 0
2 1 min.17 1 2 0
#3 1 6 1
0 1 min.18 1 2 0
1 1 min.16 1 2 1
2 1 min.17 1 2 0
#3 1 6 2
0 1 min.18 1 2 0
1 1 min.16 1 2 1
2 1 min.17 1 2 0
#3 1 6 4
0 1 min.18 1 2 1
1 1 min.16 1 2 0
2 1 min.17 1 2 0
#3 1 6 5
0 1 min.18 1 2 1
1 1 min.16 1 2 1
2 1 min.17 1 2 0
#3 1 6 6
0 1 min.18 1 2 1
1 1 min.16 1 2 1
2 1 min.17 1 2 0
#3 1 7 0
0 1 min.18 1 3 0
1 1 min.16 1 2 0
2 1 min.17 1 2 0
#3 1 7 1
0 1 min.18 1 3 0
1 1 min.16 1 2 1
2 1 min.17 1 2 0
