#8
6x7
5 2 2 2 3 2 0 
6 2 2 2 3 2 3 
2 1 1 0 0 0 0 
4 3 2 2 3 0 0 
6 2 2 3 2 2 3 
1 72 0 0 0 0 0
6x8
7 2 2 3 2 2 2 3 
6 2 2 2 3 2 3 0 
2 1 1 0 0 0 0 0 
4 3 2 2 3 0 0 0 
6 2 2 3 2 2 3 0 
1 72 0 0 0 0 0 0
6x7
6 2 3 2 3 2 3 
6 2 2 2 3 2 3 
2 1 1 0 0 0 0 
4 3 2 2 3 0 0 
6 2 2 3 2 2 3 
1 72 0 0 0 0 0
6x8
5 2 2 2 3 2 0 0 
7 2 2 3 2 2 2 3 
6 2 2 2 3 2 3 0 
4 3 2 2 3 0 0 0 
6 2 2 3 2 2 3 0 
3 48 0 0 0 0 0 0
6x8
5 2 2 2 3 2 0 0 
7 2 2 3 2 2 2 3 
2 1 1 0 0 0 0 0 
4 3 2 2 3 0 0 0 
6 2 2 3 2 2 3 0 
3 48 0 0 0 0 0 0
6x8
5 2 2 2 3 2 0 0 
7 2 2 3 2 2 2 3 
7 1 2 2 2 3 2 3 
4 3 2 2 3 0 0 0 
6 2 2 3 2 2 3 0 
3 48 0 0 0 0 0 0
6x9
5 2 2 2 3 2 0 0 0 
7 2 2 3 2 2 2 3 0 
8 1 1 2 2 2 3 2 3 
4 3 2 2 3 0 0 0 0 
6 2 2 3 2 2 3 0 0 
3 48 0 0 0 0 0 0 0
5x8
5 2 2 2 3 2 0 0 
7 2 2 3 2 2 2 3 
6 2 2 2 3 2 3 0 
2 1 1 0 0 0 0 0 
4 36 0 0 0 0 0 0
