#7
7x9
5 2 2 2 3 2 0 0 0 
1 1 0 0 0 0 0 0 0 
4 3 2 2 3 0 0 0 0 
6 2 2 3 2 3 2 0 0 
6 2 2 3 2 2 3 0 0 
8 2 3 2 3 2 3 2 3 
1 64 0 0 0 0 0 0 0
7x9
5 2 2 2 3 2 0 0 0 
3 3 2 3 0 0 0 0 0 
4 3 2 2 3 0 0 0 0 
6 2 2 3 2 3 2 0 0 
6 2 2 3 2 2 3 0 0 
8 2 3 2 3 2 3 2 3 
1 64 0 0 0 0 0 0 0
7x9
5 2 2 2 3 2 0 0 0 
4 1 3 2 3 0 0 0 0 
4 3 2 2 3 0 0 0 0 
6 2 2 3 2 3 2 0 0 
6 2 2 3 2 2 3 0 0 
8 2 3 2 3 2 3 2 3 
1 64 0 0 0 0 0 0 0
7x9
1 1 0 0 0 0 0 0 0 
3 3 2 3 0 0 0 0 0 
4 3 2 2 3 0 0 0 0 
6 2 2 3 2 3 2 0 0 
6 2 2 3 2 2 3 0 0 
8 2 3 2 3 2 3 2 3 
1 64 0 0 0 0 0 0 0
7x9
8 2 2 2 3 2 3 2 3 
1 1 0 0 0 0 0 0 0 
4 3 2 2 3 0 0 0 0 
6 2 2 3 2 3 2 0 0 
6 2 2 3 2 2 3 0 0 
8 2 3 2 3 2 3 2 3 
1 64 0 0 0 0 0 0 0
7x9
6 1 2 2 2 3 2 0 0 
3 3 2 3 0 0 0 0 0 
4 3 2 2 3 0 0 0 0 
6 2 2 3 2 3 2 0 0 
6 2 2 3 2 2 3 0 0 
8 2 3 2 3 2 3 2 3 
1 64 0 0 0 0 0 0 0
7x9
8 2 2 2 3 2 3 2 3 
4 1 3 2 3 0 0 0 0 
4 3 2 2 3 0 0 0 0 
6 2 2 3 2 3 2 0 0 
6 2 2 3 2 2 3 0 0 
8 2 3 2 3 2 3 2 3 
1 64 0 0 0 0 0 0 0
