#32
7x6
1 5 0 0 0 0 
5 1 2 1 2 1 
1 2 0 0 0 0 
3 5 3 5 0 0 
4 3 5 3 5 0 
4 1 2 1 2 0 
1 96 0 0 0 0
7x6
1 5 0 0 0 0 
5 1 2 1 2 1 
1 2 0 0 0 0 
1 4 0 0 0 0 
4 3 5 3 5 0 
4 1 2 1 2 0 
1 96 0 0 0 0
7x6
1 5 0 0 0 0 
5 1 2 1 2 1 
1 2 0 0 0 0 
4 4 5 3 5 0 
4 3 5 3 5 0 
4 1 2 1 2 0 
1 96 0 0 0 0
7x6
1 5 0 0 0 0 
5 1 2 1 2 1 
3 5 3 5 0 0 
1 4 0 0 0 0 
4 3 5 3 5 0 
4 1 2 1 2 0 
1 96 0 0 0 0
7x6
1 5 0 0 0 0 
5 1 2 1 2 1 
2 2 4 0 0 0 
3 5 3 5 0 0 
4 3 5 3 5 0 
4 1 2 1 2 0 
1 96 0 0 0 0
7x6
1 5 0 0 0 0 
5 1 2 1 2 1 
4 2 5 3 5 0 
1 4 0 0 0 0 
4 3 5 3 5 0 
4 1 2 1 2 0 
1 96 0 0 0 0
7x6
1 5 0 0 0 0 
5 1 2 1 2 1 
2 2 4 0 0 0 
4 4 5 3 5 0 
4 3 5 3 5 0 
4 1 2 1 2 0 
1 96 0 0 0 0
7x5
1 5 0 0 0 
1 2 0 0 0 
3 5 3 5 0 
1 4 0 0 0 
4 3 5 3 5 
4 1 2 1 2 
1 96 0 0 0
7x7
1 5 0 0 0 0 0 
6 1 2 1 2 1 4 
1 2 0 0 0 0 0 
3 5 3 5 0 0 0 
4 3 5 3 5 0 0 
4 1 2 1 2 0 0 
1 96 0 0 0 0 0
7x9
1 5 0 0 0 0 0 0 0 
8 1 2 1 2 1 5 3 5 
1 2 0 0 0 0 0 0 0 
1 4 0 0 0 0 0 0 0 
4 3 5 3 5 0 0 0 0 
4 1 2 1 2 0 0 0 0 
1 96 0 0 0 0 0 0 0
7x7
1 5 0 0 0 0 0 
6 1 2 1 2 1 4 
1 2 0 0 0 0 0 
4 4 5 3 5 0 0 
4 3 5 3 5 0 0 
4 1 2 1 2 0 0 
1 96 0 0 0 0 0
7x7
1 5 0 0 0 0 0 
6 1 2 1 2 1 2 
3 5 3 5 0 0 0 
1 4 0 0 0 0 0 
4 3 5 3 5 0 0 
4 1 2 1 2 0 0 
1 96 0 0 0 0 0
7x7
1 5 0 0 0 0 0 
6 1 2 1 2 1 4 
2 2 4 0 0 0 0 
3 5 3 5 0 0 0 
4 3 5 3 5 0 0 
4 1 2 1 2 0 0 
1 96 0 0 0 0 0
7x9
1 5 0 0 0 0 0 0 0 
8 1 2 1 2 1 5 3 5 
4 2 5 3 5 0 0 0 0 
1 4 0 0 0 0 0 0 0 
4 3 5 3 5 0 0 0 0 
4 1 2 1 2 0 0 0 0 
1 96 0 0 0 0 0 0 0
7x7
1 5 0 0 0 0 0 
6 1 2 1 2 1 4 
2 2 4 0 0 0 0 
4 4 5 3 5 0 0 
4 3 5 3 5 0 0 
4 1 2 1 2 0 0 
1 96 0 0 0 0 0
7x6
5 1 2 1 2 1 
1 2 0 0 0 0 
3 5 3 5 0 0 
1 4 0 0 0 0 
4 3 5 3 5 0 
4 1 2 1 2 0 
1 96 0 0 0 0
7x6
2 4 5 0 0 0 
5 1 2 1 2 1 
1 2 0 0 0 0 
3 5 3 5 0 0 
4 3 5 3 5 0 
4 1 2 1 2 0 
1 96 0 0 0 0
7x6
2 3 5 0 0 0 
5 1 2 1 2 1 
1 2 0 0 0 0 
1 4 0 0 0 0 
4 3 5 3 5 0 
4 1 2 1 2 0 
1 96 0 0 0 0
7x6
2 4 5 0 0 0 
5 1 2 1 2 1 
1 2 0 0 0 0 
4 4 5 3 5 0 
4 3 5 3 5 0 
4 1 2 1 2 0 
1 96 0 0 0 0
7x6
2 2 5 0 0 0 
5 1 2 1 2 1 
3 5 3 5 0 0 
1 4 0 0 0 0 
4 3 5 3 5 0 
4 1 2 1 2 0 
1 96 0 0 0 0
7x6
2 4 5 0 0 0 
5 1 2 1 2 1 
2 2 4 0 0 0 
3 5 3 5 0 0 
4 3 5 3 5 0 
4 1 2 1 2 0 
1 96 0 0 0 0
7x6
2 3 5 0 0 0 
5 1 2 1 2 1 
4 2 5 3 5 0 
1 4 0 0 0 0 
4 3 5 3 5 0 
4 1 2 1 2 0 
1 96 0 0 0 0
7x6
2 4 5 0 0 0 
5 1 2 1 2 1 
2 2 4 0 0 0 
4 4 5 3 5 0 
4 3 5 3 5 0 
4 1 2 1 2 0 
1 96 0 0 0 0
7x7
6 1 2 1 2 1 5 
1 2 0 0 0 0 0 
3 5 3 5 0 0 0 
1 4 0 0 0 0 0 
4 3 5 3 5 0 0 
4 1 2 1 2 0 0 
1 96 0 0 0 0 0
7x7
2 4 5 0 0 0 0 
6 1 2 1 2 1 4 
1 2 0 0 0 0 0 
3 5 3 5 0 0 0 
4 3 5 3 5 0 0 
4 1 2 1 2 0 0 
1 96 0 0 0 0 0
7x9
2 3 5 0 0 0 0 0 0 
8 1 2 1 2 1 5 3 5 
1 2 0 0 0 0 0 0 0 
1 4 0 0 0 0 0 0 0 
4 3 5 3 5 0 0 0 0 
4 1 2 1 2 0 0 0 0 
1 96 0 0 0 0 0 0 0
7x7
2 4 5 0 0 0 0 
6 1 2 1 2 1 4 
1 2 0 0 0 0 0 
4 4 5 3 5 0 0 
4 3 5 3 5 0 0 
4 1 2 1 2 0 0 
1 96 0 0 0 0 0
7x7
2 2 5 0 0 0 0 
6 1 2 1 2 1 2 
3 5 3 5 0 0 0 
1 4 0 0 0 0 0 
4 3 5 3 5 0 0 
4 1 2 1 2 0 0 
1 96 0 0 0 0 0
7x7
2 4 5 0 0 0 0 
6 1 2 1 2 1 4 
2 2 4 0 0 0 0 
3 5 3 5 0 0 0 
4 3 5 3 5 0 0 
4 1 2 1 2 0 0 
1 96 0 0 0 0 0
7x9
2 3 5 0 0 0 0 0 0 
8 1 2 1 2 1 5 3 5 
4 2 5 3 5 0 0 0 0 
1 4 0 0 0 0 0 0 0 
4 3 5 3 5 0 0 0 0 
4 1 2 1 2 0 0 0 0 
1 96 0 0 0 0 0 0 0
7x7
2 4 5 0 0 0 0 
6 1 2 1 2 1 4 
2 2 4 0 0 0 0 
4 4 5 3 5 0 0 
4 3 5 3 5 0 0 
4 1 2 1 2 0 0 
1 96 0 0 0 0 0
7x6
1 5 0 0 0 0 
5 1 2 1 2 1 
1 2 0 0 0 0 
3 5 3 5 0 0 
1 4 0 0 0 0 
4 3 5 3 5 0 
3 64 0 0 0 0
