11x18	% 
 1  1  4 4  4  4  6  6 6 6 9 9 12 12 12 12 18 18
 1  2  3 3  6  6  2  2 2 2 2 2  6  6  6  6  4  4
 5 -3 -1 2  0  3 -3  1 1 1 1 1 -2  0  1  1 -1 -1
 5  5 -1 2  2 -1  5  5 5 5 5 5  2  2 -1 -1  1  1
 5 -3  5 5 -3 -3 -3  1 1 1 1 1  1 -3  1  1 -1 -1
 0  4  4 2  4  4  4  2 2 2 2 2  4  4  4  4  4  4
 5  1  5 5  3  5  1  3 3 3 3 3  3  3  5  5  3  3
 0  4  4 2  4  4  4  2 2 2 2 2  4  4  4  4  4  4
 5  1  5 5  3  5  1  3 3 3 3 3  3  3  5  5  3  3
 1  1  1 1  1  1 -1 -1 1 1 1 1 -1 -1  1  1 -1 -1
 4 -4 -2 1 -1  2 -2  2 0 0 0 0 -1  1  0  0  0  0
