#4
3x4
3 2 2 2 
2 2 2 0 
1 6 0 0
3x3
1 1 0 
2 2 2 
1 6 0
3x5
4 1 2 2 2 
2 2 2 0 0 
1 6 0 0 0
3x4
3 2 2 2 
1 1 0 0 
3 4 0 0
#4 1 1 0
0 1 min.37 1 1 0
1 1 group.69 1 1 0
2 1 min.38 1 1 0
3 3 min.21 1 2 0
#4 1 1 1
0 1 min.37 1 1 0
1 1 group.69 1 1 0
2 1 min.38 1 1 3
3 3 min.21 1 2 2
#4 1 1 2
0 1 min.37 1 1 1
1 1 group.69 1 1 1
2 1 min.38 1 1 2
3 3 min.21 1 2 4
#4 1 1 3
0 1 min.37 1 1 1
1 1 group.69 1 1 1
2 1 min.38 1 1 1
3 3 min.21 1 2 6
#4 1 1 4
0 1 min.37 1 1 2
1 1 group.69 1 1 1
2 1 min.38 1 1 2
3 3 min.21 1 2 0
#4 1 1 5
0 1 min.37 1 1 2
1 1 group.69 1 1 1
2 1 min.38 1 1 1
3 3 min.21 1 2 2
#4 1 1 6
0 1 min.37 1 1 3
1 1 group.69 1 1 0
2 1 min.38 1 1 0
3 3 min.21 1 2 4
#4 1 1 7
0 1 min.37 1 1 3
1 1 group.69 1 1 0
2 1 min.38 1 1 3
3 3 min.21 1 2 6
#4 1 2 0
0 1 min.37 1 2 0
1 1 group.69 1 1 0
2 1 min.38 1 2 0
3 3 min.21 1 7 0
#4 1 2 1
0 1 min.37 1 2 1
1 1 group.69 1 1 1
2 1 min.38 1 2 1
3 3 min.21 1 7 0
#4 1 3 0
0 1 min.37 1 3 0
1 1 group.69 1 2 0
2 1 min.38 1 3 0
3 3 min.21 1 2 0
#4 1 3 1
0 1 min.37 1 3 0
1 1 group.69 1 2 0
2 1 min.38 1 3 1
3 3 min.21 1 2 2
#4 1 3 2
0 1 min.37 1 3 1
1 1 group.69 1 2 0
2 1 min.38 1 3 0
3 3 min.21 1 2 4
#4 1 3 3
0 1 min.37 1 3 1
1 1 group.69 1 2 0
2 1 min.38 1 3 1
3 3 min.21 1 2 6
#4 1 4 0
0 1 min.37 1 4 0
1 1 group.69 1 2 0
2 1 min.38 1 4 0
3 3 min.21 1 7 0
#4 2 1 0
0 1 min.37 1 1 0
1 1 group.69 2 1 0
2 1 min.38 2 1 0
3 3 min.21 1 2 0
#4 2 1 1
0 1 min.37 1 1 0
1 1 group.69 2 1 0
2 1 min.38 2 1 3
3 3 min.21 1 2 2
#4 2 1 2
0 1 min.37 1 1 1
1 1 group.69 2 1 1
2 1 min.38 2 1 2
3 3 min.21 1 2 4
#4 2 1 3
0 1 min.37 1 1 1
1 1 group.69 2 1 1
2 1 min.38 2 1 1
3 3 min.21 1 2 6
#4 2 1 4
0 1 min.37 1 1 2
1 1 group.69 2 1 1
2 1 min.38 2 1 2
3 3 min.21 1 2 0
#4 2 1 5
0 1 min.37 1 1 2
1 1 group.69 2 1 1
2 1 min.38 2 1 1
3 3 min.21 1 2 2
#4 2 1 6
0 1 min.37 1 1 3
1 1 group.69 2 1 0
2 1 min.38 2 1 0
3 3 min.21 1 2 4
#4 2 1 7
0 1 min.37 1 1 3
1 1 group.69 2 1 0
2 1 min.38 2 1 3
3 3 min.21 1 2 6
#4 2 2 0
0 1 min.37 1 2 0
1 1 group.69 2 1 0
2 1 min.38 2 2 0
3 3 min.21 1 7 0
#4 2 2 1
0 1 min.37 1 2 1
1 1 group.69 2 1 1
2 1 min.38 2 2 1
3 3 min.21 1 7 0
