#7
6x9
1 3 0 0 0 0 0 0 0 
3 3 1 3 0 0 0 0 0 
4 2 3 2 3 0 0 0 0 
4 1 3 1 3 0 0 0 0 
8 2 3 1 3 2 3 1 3 
1 32 0 0 0 0 0 0 0
6x9
1 3 0 0 0 0 0 0 0 
3 3 2 3 0 0 0 0 0 
4 2 3 2 3 0 0 0 0 
4 1 3 1 3 0 0 0 0 
8 2 3 1 3 2 3 1 3 
1 32 0 0 0 0 0 0 0
6x9
1 3 0 0 0 0 0 0 0 
4 3 1 2 3 0 0 0 0 
4 2 3 2 3 0 0 0 0 
4 1 3 1 3 0 0 0 0 
8 2 3 1 3 2 3 1 3 
1 32 0 0 0 0 0 0 0
6x9
3 3 1 3 0 0 0 0 0 
3 3 2 3 0 0 0 0 0 
4 2 3 2 3 0 0 0 0 
4 1 3 1 3 0 0 0 0 
8 2 3 1 3 2 3 1 3 
1 32 0 0 0 0 0 0 0
6x9
2 2 3 0 0 0 0 0 0 
3 3 1 3 0 0 0 0 0 
4 2 3 2 3 0 0 0 0 
4 1 3 1 3 0 0 0 0 
8 2 3 1 3 2 3 1 3 
1 32 0 0 0 0 0 0 0
6x9
2 1 3 0 0 0 0 0 0 
3 3 2 3 0 0 0 0 0 
4 2 3 2 3 0 0 0 0 
4 1 3 1 3 0 0 0 0 
8 2 3 1 3 2 3 1 3 
1 32 0 0 0 0 0 0 0
6x9
2 2 3 0 0 0 0 0 0 
4 3 1 2 3 0 0 0 0 
4 2 3 2 3 0 0 0 0 
4 1 3 1 3 0 0 0 0 
8 2 3 1 3 2 3 1 3 
1 32 0 0 0 0 0 0 0
