#8
5x6
3 3 3 3 0 0 
5 3 1 3 3 3 
4 1 3 1 3 0 
2 3 3 0 0 0 
1 24 0 0 0 0
5x5
3 3 3 3 0 
1 2 0 0 0 
4 1 3 1 3 
2 3 3 0 0 
1 24 0 0 0
5x7
3 3 3 3 0 0 0 
6 2 3 1 3 3 3 
4 1 3 1 3 0 0 
2 3 3 0 0 0 0 
1 24 0 0 0 0 0
5x6
5 3 1 3 3 3 
1 2 0 0 0 0 
4 1 3 1 3 0 
2 3 3 0 0 0 
1 24 0 0 0 0
5x6
4 2 3 3 3 0 
5 3 1 3 3 3 
4 1 3 1 3 0 
2 3 3 0 0 0 
1 24 0 0 0 0
5x5
4 3 3 1 3 
1 2 0 0 0 
4 1 3 1 3 
2 3 3 0 0 
1 24 0 0 0
5x7
4 2 3 3 3 0 0 
6 2 3 1 3 3 3 
4 1 3 1 3 0 0 
2 3 3 0 0 0 0 
1 24 0 0 0 0 0
5x6
3 3 3 3 0 0 
5 3 1 3 3 3 
1 2 0 0 0 0 
4 1 3 1 3 0 
3 16 0 0 0 0
