#5
6x10
9 2 2 2 2 2 2 2 2 2 
6 2 2 2 2 2 2 0 0 0 
6 1 2 1 2 2 2 0 0 0 
6 1 2 2 1 2 2 0 0 0 
6 2 1 2 2 1 2 0 0 0 
1 48 0 0 0 0 0 0 0 0
6x8
7 1 2 1 2 1 2 2 
6 2 2 2 2 2 2 0 
6 1 2 1 2 2 2 0 
6 1 2 2 1 2 2 0 
6 2 1 2 2 1 2 0 
1 48 0 0 0 0 0 0
6x9
8 2 1 2 2 1 2 2 1 
6 2 2 2 2 2 2 0 0 
6 1 2 1 2 2 2 0 0 
6 1 2 2 1 2 2 0 0 
6 2 1 2 2 1 2 0 0 
1 48 0 0 0 0 0 0 0
6x10
9 2 2 2 2 2 2 2 2 2 
7 1 2 1 2 1 2 2 0 0 
6 2 2 2 2 2 2 0 0 0 
6 1 2 2 1 2 2 0 0 0 
6 2 1 2 2 1 2 0 0 0 
3 32 0 0 0 0 0 0 0 0
5x10
9 2 2 2 2 2 2 2 2 2 
7 1 2 1 2 1 2 2 0 0 
6 2 2 2 2 2 2 0 0 0 
6 1 2 1 2 2 2 0 0 0 
4 24 0 0 0 0 0 0 0 0
