#5
6x9
7 1 2 1 2 2 2 2 0 
4 1 2 1 2 0 0 0 0 
8 1 2 1 1 1 2 2 2 
2 1 1 0 0 0 0 0 0 
8 1 1 1 2 2 1 2 2 
1 48 0 0 0 0 0 0 0
6x9
5 2 2 1 2 2 0 0 0 
4 1 2 1 2 0 0 0 0 
8 1 2 1 1 1 2 2 2 
2 1 1 0 0 0 0 0 0 
8 1 1 1 2 2 1 2 2 
1 48 0 0 0 0 0 0 0
6x9
8 2 1 1 1 2 2 2 2 
4 1 2 1 2 0 0 0 0 
8 1 2 1 1 1 2 2 2 
2 1 1 0 0 0 0 0 0 
8 1 1 1 2 2 1 2 2 
1 48 0 0 0 0 0 0 0
6x9
7 1 2 1 2 2 2 2 0 
5 2 2 1 2 2 0 0 0 
4 1 2 1 2 0 0 0 0 
2 1 1 0 0 0 0 0 0 
8 1 1 1 2 2 1 2 2 
3 32 0 0 0 0 0 0 0
5x9
7 1 2 1 2 2 2 2 0 
5 2 2 1 2 2 0 0 0 
4 1 2 1 2 0 0 0 0 
8 1 2 1 1 1 2 2 2 
4 24 0 0 0 0 0 0 0
