#16
8x11
10 1 2 1 4 1 4 4 1 4 4 
7 1 4 4 1 4 1 4 0 0 0 
1 2 0 0 0 0 0 0 0 0 0 
10 1 2 1 2 4 4 1 4 1 4 
4 1 2 1 2 0 0 0 0 0 0 
2 4 4 0 0 0 0 0 0 0 0 
4 1 4 4 1 0 0 0 0 0 0 
1 288 0 0 0 0 0 0 0 0 0
8x11
10 1 2 1 4 1 4 4 1 4 4 
7 1 4 4 1 4 1 4 0 0 0 
1 3 0 0 0 0 0 0 0 0 0 
10 1 2 1 2 4 4 1 4 1 4 
4 1 2 1 2 0 0 0 0 0 0 
2 4 4 0 0 0 0 0 0 0 0 
4 1 4 4 1 0 0 0 0 0 0 
1 288 0 0 0 0 0 0 0 0 0
8x11
10 1 2 1 4 1 4 4 1 4 4 
7 1 4 4 1 4 1 4 0 0 0 
2 2 3 0 0 0 0 0 0 0 0 
10 1 2 1 2 4 4 1 4 1 4 
4 1 2 1 2 0 0 0 0 0 0 
2 4 4 0 0 0 0 0 0 0 0 
4 1 4 4 1 0 0 0 0 0 0 
1 288 0 0 0 0 0 0 0 0 0
8x11
10 1 2 1 4 1 4 4 1 4 4 
1 2 0 0 0 0 0 0 0 0 0 
1 3 0 0 0 0 0 0 0 0 0 
10 1 2 1 2 4 4 1 4 1 4 
4 1 2 1 2 0 0 0 0 0 0 
2 4 4 0 0 0 0 0 0 0 0 
4 1 4 4 1 0 0 0 0 0 0 
1 288 0 0 0 0 0 0 0 0 0
8x11
10 1 2 1 4 1 4 4 1 4 4 
8 1 3 4 4 1 4 1 4 0 0 
1 2 0 0 0 0 0 0 0 0 0 
10 1 2 1 2 4 4 1 4 1 4 
4 1 2 1 2 0 0 0 0 0 0 
2 4 4 0 0 0 0 0 0 0 0 
4 1 4 4 1 0 0 0 0 0 0 
1 288 0 0 0 0 0 0 0 0 0
8x11
10 1 2 1 4 1 4 4 1 4 4 
8 1 2 4 4 1 4 1 4 0 0 
1 3 0 0 0 0 0 0 0 0 0 
10 1 2 1 2 4 4 1 4 1 4 
4 1 2 1 2 0 0 0 0 0 0 
2 4 4 0 0 0 0 0 0 0 0 
4 1 4 4 1 0 0 0 0 0 0 
1 288 0 0 0 0 0 0 0 0 0
8x11
10 1 2 1 4 1 4 4 1 4 4 
8 1 3 4 4 1 4 1 4 0 0 
2 2 3 0 0 0 0 0 0 0 0 
10 1 2 1 2 4 4 1 4 1 4 
4 1 2 1 2 0 0 0 0 0 0 
2 4 4 0 0 0 0 0 0 0 0 
4 1 4 4 1 0 0 0 0 0 0 
1 288 0 0 0 0 0 0 0 0 0
8x11
7 1 4 4 1 4 1 4 0 0 0 
1 2 0 0 0 0 0 0 0 0 0 
1 3 0 0 0 0 0 0 0 0 0 
10 1 2 1 2 4 4 1 4 1 4 
4 1 2 1 2 0 0 0 0 0 0 
2 4 4 0 0 0 0 0 0 0 0 
4 1 4 4 1 0 0 0 0 0 0 
1 288 0 0 0 0 0 0 0 0 0
8x12
11 1 2 1 3 4 1 4 4 1 4 4 
7 1 4 4 1 4 1 4 0 0 0 0 
1 2 0 0 0 0 0 0 0 0 0 0 
10 1 2 1 2 4 4 1 4 1 4 0 
4 1 2 1 2 0 0 0 0 0 0 0 
2 4 4 0 0 0 0 0 0 0 0 0 
4 1 4 4 1 0 0 0 0 0 0 0 
1 288 0 0 0 0 0 0 0 0 0 0
8x12
11 1 2 1 2 4 1 4 4 1 4 4 
7 1 4 4 1 4 1 4 0 0 0 0 
1 3 0 0 0 0 0 0 0 0 0 0 
10 1 2 1 2 4 4 1 4 1 4 0 
4 1 2 1 2 0 0 0 0 0 0 0 
2 4 4 0 0 0 0 0 0 0 0 0 
4 1 4 4 1 0 0 0 0 0 0 0 
1 288 0 0 0 0 0 0 0 0 0 0
8x12
11 1 2 1 3 4 1 4 4 1 4 4 
7 1 4 4 1 4 1 4 0 0 0 0 
2 2 3 0 0 0 0 0 0 0 0 0 
10 1 2 1 2 4 4 1 4 1 4 0 
4 1 2 1 2 0 0 0 0 0 0 0 
2 4 4 0 0 0 0 0 0 0 0 0 
4 1 4 4 1 0 0 0 0 0 0 0 
1 288 0 0 0 0 0 0 0 0 0 0
8x11
9 1 2 4 1 4 4 1 4 4 0 
1 2 0 0 0 0 0 0 0 0 0 
1 3 0 0 0 0 0 0 0 0 0 
10 1 2 1 2 4 4 1 4 1 4 
4 1 2 1 2 0 0 0 0 0 0 
2 4 4 0 0 0 0 0 0 0 0 
4 1 4 4 1 0 0 0 0 0 0 
1 288 0 0 0 0 0 0 0 0 0
8x12
11 1 2 1 3 4 1 4 4 1 4 4 
8 1 3 4 4 1 4 1 4 0 0 0 
1 2 0 0 0 0 0 0 0 0 0 0 
10 1 2 1 2 4 4 1 4 1 4 0 
4 1 2 1 2 0 0 0 0 0 0 0 
2 4 4 0 0 0 0 0 0 0 0 0 
4 1 4 4 1 0 0 0 0 0 0 0 
1 288 0 0 0 0 0 0 0 0 0 0
8x12
11 1 2 1 2 4 1 4 4 1 4 4 
8 1 2 4 4 1 4 1 4 0 0 0 
1 3 0 0 0 0 0 0 0 0 0 0 
10 1 2 1 2 4 4 1 4 1 4 0 
4 1 2 1 2 0 0 0 0 0 0 0 
2 4 4 0 0 0 0 0 0 0 0 0 
4 1 4 4 1 0 0 0 0 0 0 0 
1 288 0 0 0 0 0 0 0 0 0 0
8x12
11 1 2 1 3 4 1 4 4 1 4 4 
8 1 3 4 4 1 4 1 4 0 0 0 
2 2 3 0 0 0 0 0 0 0 0 0 
10 1 2 1 2 4 4 1 4 1 4 0 
4 1 2 1 2 0 0 0 0 0 0 0 
2 4 4 0 0 0 0 0 0 0 0 0 
4 1 4 4 1 0 0 0 0 0 0 0 
1 288 0 0 0 0 0 0 0 0 0 0
7x11
10 1 2 1 4 1 4 4 1 4 4 
7 1 4 4 1 4 1 4 0 0 0 
1 2 0 0 0 0 0 0 0 0 0 
1 3 0 0 0 0 0 0 0 0 0 
10 1 2 1 2 4 4 1 4 1 4 
4 1 2 1 2 0 0 0 0 0 0 
9 64 0 0 0 0 0 0 0 0 0
