#5
5x9
3 2 2 2 0 0 0 0 0 
2 2 2 0 0 0 0 0 0 
8 1 2 1 2 2 2 2 2 
2 1 1 0 0 0 0 0 0 
1 36 0 0 0 0 0 0 0
5x12
11 1 1 1 1 2 1 2 2 2 2 2 
2 2 2 0 0 0 0 0 0 0 0 0 
8 1 2 1 2 2 2 2 2 0 0 0 
2 1 1 0 0 0 0 0 0 0 0 0 
1 36 0 0 0 0 0 0 0 0 0 0
5x9
6 1 1 1 2 2 2 0 0 
2 2 2 0 0 0 0 0 0 
8 1 2 1 2 2 2 2 2 
2 1 1 0 0 0 0 0 0 
1 36 0 0 0 0 0 0 0
5x12
3 2 2 2 0 0 0 0 0 0 0 0 
11 1 1 1 1 2 1 2 2 2 2 2 
8 1 2 1 2 2 2 2 2 0 0 0 
2 1 1 0 0 0 0 0 0 0 0 0 
1 24 0 0 0 0 0 0 0 0 0 0
5x12
3 2 2 2 0 0 0 0 0 0 0 0 
11 1 1 1 1 2 1 2 2 2 2 2 
2 2 2 0 0 0 0 0 0 0 0 0 
8 1 2 1 2 2 2 2 2 0 0 0 
3 24 0 0 0 0 0 0 0 0 0 0
