#8
6x9
5 3 2 3 2 3 0 0 0 
1 2 0 0 0 0 0 0 0 
8 2 1 2 3 2 3 2 1 
8 3 2 1 2 3 2 1 2 
8 2 3 2 1 2 3 2 1 
1 72 0 0 0 0 0 0 0
6x9
5 3 2 3 2 3 0 0 0 
7 2 3 2 1 2 3 2 0 
8 2 1 2 3 2 3 2 1 
8 3 2 1 2 3 2 1 2 
8 2 3 2 1 2 3 2 1 
1 72 0 0 0 0 0 0 0
6x9
5 3 2 3 2 3 0 0 0 
6 3 2 1 2 3 2 0 0 
8 2 1 2 3 2 3 2 1 
8 3 2 1 2 3 2 1 2 
8 2 3 2 1 2 3 2 1 
1 72 0 0 0 0 0 0 0
6x9
1 2 0 0 0 0 0 0 0 
7 2 3 2 1 2 3 2 0 
8 2 1 2 3 2 3 2 1 
8 3 2 1 2 3 2 1 2 
8 2 3 2 1 2 3 2 1 
1 72 0 0 0 0 0 0 0
6x9
8 1 2 1 2 3 2 1 2 
1 2 0 0 0 0 0 0 0 
8 2 1 2 3 2 3 2 1 
8 3 2 1 2 3 2 1 2 
8 2 3 2 1 2 3 2 1 
1 72 0 0 0 0 0 0 0
6x9
6 2 3 2 3 2 3 0 0 
7 2 3 2 1 2 3 2 0 
8 2 1 2 3 2 3 2 1 
8 3 2 1 2 3 2 1 2 
8 2 3 2 1 2 3 2 1 
1 72 0 0 0 0 0 0 0
6x9
8 1 2 1 2 3 2 1 2 
6 3 2 1 2 3 2 0 0 
8 2 1 2 3 2 3 2 1 
8 3 2 1 2 3 2 1 2 
8 2 3 2 1 2 3 2 1 
1 72 0 0 0 0 0 0 0
5x9
5 3 2 3 2 3 0 0 0 
1 2 0 0 0 0 0 0 0 
7 2 3 2 1 2 3 2 0 
8 2 1 2 3 2 3 2 1 
9 16 0 0 0 0 0 0 0
