#8
6x9
3 3 3 3 0 0 0 0 0 
1 1 0 0 0 0 0 0 0 
8 1 3 3 3 1 3 3 3 
2 3 3 0 0 0 0 0 0 
4 1 3 3 1 0 0 0 0 
1 72 0 0 0 0 0 0 0
6x9
3 3 3 3 0 0 0 0 0 
1 2 0 0 0 0 0 0 0 
8 1 3 3 3 1 3 3 3 
2 3 3 0 0 0 0 0 0 
4 1 3 3 1 0 0 0 0 
1 72 0 0 0 0 0 0 0
6x9
3 3 3 3 0 0 0 0 0 
2 1 2 0 0 0 0 0 0 
8 1 3 3 3 1 3 3 3 
2 3 3 0 0 0 0 0 0 
4 1 3 3 1 0 0 0 0 
1 72 0 0 0 0 0 0 0
6x9
1 1 0 0 0 0 0 0 0 
1 2 0 0 0 0 0 0 0 
8 1 3 3 3 1 3 3 3 
2 3 3 0 0 0 0 0 0 
4 1 3 3 1 0 0 0 0 
1 72 0 0 0 0 0 0 0
6x9
4 2 3 3 3 0 0 0 0 
1 1 0 0 0 0 0 0 0 
8 1 3 3 3 1 3 3 3 
2 3 3 0 0 0 0 0 0 
4 1 3 3 1 0 0 0 0 
1 72 0 0 0 0 0 0 0
6x9
4 3 3 3 1 0 0 0 0 
1 2 0 0 0 0 0 0 0 
8 1 3 3 3 1 3 3 3 
2 3 3 0 0 0 0 0 0 
4 1 3 3 1 0 0 0 0 
1 72 0 0 0 0 0 0 0
6x9
4 2 3 3 3 0 0 0 0 
2 1 2 0 0 0 0 0 0 
8 1 3 3 3 1 3 3 3 
2 3 3 0 0 0 0 0 0 
4 1 3 3 1 0 0 0 0 
1 72 0 0 0 0 0 0 0
5x9
3 3 3 3 0 0 0 0 0 
1 1 0 0 0 0 0 0 0 
1 2 0 0 0 0 0 0 0 
8 1 3 3 3 1 3 3 3 
9 16 0 0 0 0 0 0 0
