#15
5x5
1 4 0 0 0 
1 3 0 0 0 
1 2 0 0 0 
4 1 2 1 2 
1 16 0 0 0
5x5
1 4 0 0 0 
1 3 0 0 0 
3 2 1 2 0 
4 1 2 1 2 
1 16 0 0 0
5x5
1 4 0 0 0 
1 3 0 0 0 
2 1 2 0 0 
4 1 2 1 2 
1 16 0 0 0
5x5
1 4 0 0 0 
1 2 0 0 0 
3 2 1 2 0 
4 1 2 1 2 
1 16 0 0 0
5x5
1 4 0 0 0 
4 2 1 2 3 
1 2 0 0 0 
4 1 2 1 2 
1 16 0 0 0
5x5
1 4 0 0 0 
2 2 3 0 0 
3 2 1 2 0 
4 1 2 1 2 
1 16 0 0 0
5x5
1 4 0 0 0 
4 2 1 2 3 
2 1 2 0 0 
4 1 2 1 2 
1 16 0 0 0
5x5
1 3 0 0 0 
1 2 0 0 0 
3 2 1 2 0 
4 1 2 1 2 
1 16 0 0 0
5x5
2 1 4 0 0 
1 3 0 0 0 
1 2 0 0 0 
4 1 2 1 2 
1 16 0 0 0
5x5
4 1 2 1 4 
1 3 0 0 0 
3 2 1 2 0 
4 1 2 1 2 
1 16 0 0 0
5x5
2 1 4 0 0 
1 3 0 0 0 
2 1 2 0 0 
4 1 2 1 2 
1 16 0 0 0
5x7
6 1 2 1 2 3 4 
1 2 0 0 0 0 0 
3 2 1 2 0 0 0 
4 1 2 1 2 0 0 
1 16 0 0 0 0 0
5x5
2 1 4 0 0 
4 2 1 2 3 
1 2 0 0 0 
4 1 2 1 2 
1 16 0 0 0
5x5
4 1 2 1 4 
2 2 3 0 0 
3 2 1 2 0 
4 1 2 1 2 
1 16 0 0 0
5x5
2 1 4 0 0 
4 2 1 2 3 
2 1 2 0 0 
4 1 2 1 2 
1 16 0 0 0
#2 1 1 0
0 9 group.53 1 2 0
2 6 group.150 1 1 0
#6 1 1 1
0 2 group.53 1 2 5
1 2 group.53 1 2 0
2 2 group.150 1 1 2
6 1 group.53 1 2 3
7 4 group.53 1 2 4
10 4 group.150 1 1 1
#6 1 1 2
0 4 group.53 1 2 1
1 1 group.53 1 2 0
2 4 group.150 1 1 1
4 2 group.53 1 2 3
7 2 group.53 1 2 8
12 2 group.150 1 1 6
#3 1 1 30
0 6 group.53 1 2 13
1 3 group.53 1 2 3
2 6 group.150 1 1 4
#9 1 1 4
0 2 group.53 1 2 4
1 2 group.53 1 2 1
2 1 group.150 1 1 6
3 1 group.150 1 1 0
6 1 group.53 1 2 8
7 2 group.53 1 2 5
8 2 group.53 1 2 7
10 2 group.150 1 1 4
12 2 group.150 1 1 1
#5 1 1 5
0 6 group.53 1 2 1
2 3 group.150 1 1 4
3 1 group.150 1 1 2
6 3 group.53 1 2 11
10 2 group.150 1 1 5
#9 1 1 6
0 1 group.53 1 2 13
1 2 group.53 1 2 1
2 2 group.150 1 1 1
5 1 group.53 1 2 5
6 1 group.53 1 2 11
7 2 group.53 1 2 13
9 2 group.53 1 2 7
10 2 group.150 1 1 5
13 2 group.150 1 1 6
#3 2 1 0
0 6 group.53 1 3 0
2 6 group.150 2 1 0
5 3 group.53 1 1 0
#6 2 1 1
0 2 group.53 1 3 0
1 4 group.53 1 3 1
2 4 group.150 2 1 1
5 1 group.53 1 1 11
9 2 group.53 1 1 7
10 2 group.150 2 1 0
