#10
7x11
10 1 3 2 3 1 2 3 1 3 3 
8 1 2 3 1 3 3 1 3 0 0 
8 2 3 2 3 3 3 3 3 0 0 
2 3 3 0 0 0 0 0 0 0 0 
4 3 1 3 1 0 0 0 0 0 0 
6 3 1 3 3 1 3 0 0 0 0 
1 144 0 0 0 0 0 0 0 0 0
7x11
10 1 3 2 3 1 2 3 1 3 3 
7 1 3 1 3 3 1 3 0 0 0 
8 2 3 2 3 3 3 3 3 0 0 
2 3 3 0 0 0 0 0 0 0 0 
4 3 1 3 1 0 0 0 0 0 0 
6 3 1 3 3 1 3 0 0 0 0 
1 144 0 0 0 0 0 0 0 0 0
7x11
10 1 3 2 3 1 2 3 1 3 3 
1 2 0 0 0 0 0 0 0 0 0 
8 2 3 2 3 3 3 3 3 0 0 
2 3 3 0 0 0 0 0 0 0 0 
4 3 1 3 1 0 0 0 0 0 0 
6 3 1 3 3 1 3 0 0 0 0 
1 144 0 0 0 0 0 0 0 0 0
7x9
8 1 2 3 1 3 3 1 3 
7 1 3 1 3 3 1 3 0 
8 2 3 2 3 3 3 3 3 
2 3 3 0 0 0 0 0 0 
4 3 1 3 1 0 0 0 0 
6 3 1 3 3 1 3 0 0 
1 144 0 0 0 0 0 0 0
7x9
5 3 2 3 2 3 0 0 0 
8 1 2 3 1 3 3 1 3 
8 2 3 2 3 3 3 3 3 
2 3 3 0 0 0 0 0 0 
4 3 1 3 1 0 0 0 0 
6 3 1 3 3 1 3 0 0 
1 144 0 0 0 0 0 0 0
7x9
6 2 3 2 3 2 3 0 0 
7 1 3 1 3 3 1 3 0 
8 2 3 2 3 3 3 3 3 
2 3 3 0 0 0 0 0 0 
4 3 1 3 1 0 0 0 0 
6 3 1 3 3 1 3 0 0 
1 144 0 0 0 0 0 0 0
7x9
5 3 2 3 2 3 0 0 0 
1 2 0 0 0 0 0 0 0 
8 2 3 2 3 3 3 3 3 
2 3 3 0 0 0 0 0 0 
4 3 1 3 1 0 0 0 0 
6 3 1 3 3 1 3 0 0 
1 144 0 0 0 0 0 0 0
7x11
10 1 3 2 3 1 2 3 1 3 3 
8 1 2 3 1 3 3 1 3 0 0 
7 1 3 1 3 3 1 3 0 0 0 
8 2 3 2 3 3 3 3 3 0 0 
4 3 1 3 1 0 0 0 0 0 0 
6 3 1 3 3 1 3 0 0 0 0 
3 96 0 0 0 0 0 0 0 0 0
7x11
10 1 3 2 3 1 2 3 1 3 3 
8 1 2 3 1 3 3 1 3 0 0 
7 1 3 1 3 3 1 3 0 0 0 
2 3 3 0 0 0 0 0 0 0 0 
4 3 1 3 1 0 0 0 0 0 0 
6 3 1 3 3 1 3 0 0 0 0 
3 96 0 0 0 0 0 0 0 0 0
6x11
10 1 3 2 3 1 2 3 1 3 3 
8 1 2 3 1 3 3 1 3 0 0 
7 1 3 1 3 3 1 3 0 0 0 
8 2 3 2 3 3 3 3 3 0 0 
2 3 3 0 0 0 0 0 0 0 0 
4 72 0 0 0 0 0 0 0 0 0
