#10
7x10
3 3 2 2 0 0 0 0 0 0 
9 1 2 1 2 1 2 2 2 2 
8 2 2 2 2 2 3 2 3 0 
8 1 2 1 2 2 2 2 2 0 
4 3 2 3 2 0 0 0 0 0 
2 3 3 0 0 0 0 0 0 0 
1 144 0 0 0 0 0 0 0 0
7x9
3 3 2 2 0 0 0 0 0 
3 2 2 2 0 0 0 0 0 
8 2 2 2 2 2 3 2 3 
8 1 2 1 2 2 2 2 2 
4 3 2 3 2 0 0 0 0 
2 3 3 0 0 0 0 0 0 
1 144 0 0 0 0 0 0 0
7x9
3 3 2 2 0 0 0 0 0 
6 1 2 1 2 1 2 0 0 
8 2 2 2 2 2 3 2 3 
8 1 2 1 2 2 2 2 2 
4 3 2 3 2 0 0 0 0 
2 3 3 0 0 0 0 0 0 
1 144 0 0 0 0 0 0 0
7x10
9 1 2 1 2 1 2 2 2 2 
3 2 2 2 0 0 0 0 0 0 
8 2 2 2 2 2 3 2 3 0 
8 1 2 1 2 2 2 2 2 0 
4 3 2 3 2 0 0 0 0 0 
2 3 3 0 0 0 0 0 0 0 
1 144 0 0 0 0 0 0 0 0
7x10
6 2 2 2 3 2 2 0 0 0 
9 1 2 1 2 1 2 2 2 2 
8 2 2 2 2 2 3 2 3 0 
8 1 2 1 2 2 2 2 2 0 
4 3 2 3 2 0 0 0 0 0 
2 3 3 0 0 0 0 0 0 0 
1 144 0 0 0 0 0 0 0 0
7x13
12 1 2 1 2 1 2 2 2 2 3 2 2 
3 2 2 2 0 0 0 0 0 0 0 0 0 
8 2 2 2 2 2 3 2 3 0 0 0 0 
8 1 2 1 2 2 2 2 2 0 0 0 0 
4 3 2 3 2 0 0 0 0 0 0 0 0 
2 3 3 0 0 0 0 0 0 0 0 0 0 
1 144 0 0 0 0 0 0 0 0 0 0 0
7x9
6 2 2 2 3 2 2 0 0 
6 1 2 1 2 1 2 0 0 
8 2 2 2 2 2 3 2 3 
8 1 2 1 2 2 2 2 2 
4 3 2 3 2 0 0 0 0 
2 3 3 0 0 0 0 0 0 
1 144 0 0 0 0 0 0 0
7x10
3 3 2 2 0 0 0 0 0 0 
9 1 2 1 2 1 2 2 2 2 
3 2 2 2 0 0 0 0 0 0 
8 1 2 1 2 2 2 2 2 0 
4 3 2 3 2 0 0 0 0 0 
2 3 3 0 0 0 0 0 0 0 
3 96 0 0 0 0 0 0 0 0
7x10
3 3 2 2 0 0 0 0 0 0 
9 1 2 1 2 1 2 2 2 2 
3 2 2 2 0 0 0 0 0 0 
8 2 2 2 2 2 3 2 3 0 
4 3 2 3 2 0 0 0 0 0 
2 3 3 0 0 0 0 0 0 0 
3 96 0 0 0 0 0 0 0 0
6x10
3 3 2 2 0 0 0 0 0 0 
9 1 2 1 2 1 2 2 2 2 
3 2 2 2 0 0 0 0 0 0 
8 2 2 2 2 2 3 2 3 0 
8 1 2 1 2 2 2 2 2 0 
4 72 0 0 0 0 0 0 0 0
