#9
5x8
7 1 1 1 2 2 2 3 
3 2 2 2 0 0 0 0 
4 1 1 1 1 0 0 0 
2 2 2 0 0 0 0 0 
1 36 0 0 0 0 0 0
5x8
7 1 1 1 2 2 2 3 
3 1 1 1 0 0 0 0 
4 1 1 1 1 0 0 0 
2 2 2 0 0 0 0 0 
1 36 0 0 0 0 0 0
5x8
7 1 1 1 2 2 2 3 
6 1 1 1 2 2 2 0 
4 1 1 1 1 0 0 0 
2 2 2 0 0 0 0 0 
1 36 0 0 0 0 0 0
5x5
3 2 2 2 0 
3 1 1 1 0 
4 1 1 1 1 
2 2 2 0 0 
1 36 0 0 0
5x5
4 2 2 2 3 
3 2 2 2 0 
4 1 1 1 1 
2 2 2 0 0 
1 36 0 0 0
5x5
4 1 1 1 3 
3 1 1 1 0 
4 1 1 1 1 
2 2 2 0 0 
1 36 0 0 0
5x7
4 2 2 2 3 0 0 
6 1 1 1 2 2 2 
4 1 1 1 1 0 0 
2 2 2 0 0 0 0 
1 36 0 0 0 0 0
5x8
7 1 1 1 2 2 2 3 
3 2 2 2 0 0 0 0 
3 1 1 1 0 0 0 0 
2 2 2 0 0 0 0 0 
3 24 0 0 0 0 0 0
5x8
7 1 1 1 2 2 2 3 
3 2 2 2 0 0 0 0 
3 1 1 1 0 0 0 0 
4 1 1 1 1 0 0 0 
3 24 0 0 0 0 0 0
#6 1 1 0
0 2 group.125 1 1 0
2 1 group.120 1 1 0
3 1 group.124 1 1 0
4 2 group.118 1 1 0
6 1 group.126 1 1 0
7 6 group.84 1 2 0
#6 1 2 0
0 2 group.125 1 2 0
2 1 group.120 1 2 0
3 1 group.124 1 2 0
4 2 group.118 1 2 0
6 1 group.126 1 2 0
7 6 group.84 1 4 0
#9 2 1 0
0 1 group.125 2 1 0
1 1 group.125 3 1 0
2 1 group.120 2 1 0
3 1 group.124 2 1 0
4 1 group.118 2 1 0
5 1 group.118 1 1 0
6 1 group.126 2 1 0
7 3 group.84 1 2 0
8 3 group.84 2 2 0
#6 3 1 0
0 2 group.125 4 1 0
2 1 group.120 1 1 0
3 1 group.124 3 1 0
4 2 group.118 2 1 0
6 1 group.126 3 1 0
7 6 group.84 2 2 0
